186 0.228125 0.6032407407407407 0.053125 0.25462962962962965
37 0.728125 0.27361111111111114 0.03333333333333333 0.05648148148148148
74 0.22239583333333332 0.39351851851851855 0.084375 0.16111111111111112
76 0.7270833333333333 0.3175925925925926 0.022916666666666665 0.04259259259259259
186 0.228125 0.6032407407407407 0.053125 0.25462962962962965
37 0.728125 0.27361111111111114 0.03333333333333333 0.05648148148148148
74 0.22239583333333332 0.39351851851851855 0.084375 0.16111111111111112
76 0.7270833333333333 0.3175925925925926 0.022916666666666665 0.04259259259259259
186 0.228125 0.6032407407407407 0.053125 0.25462962962962965
37 0.728125 0.27361111111111114 0.03333333333333333 0.05648148148148148
74 0.22239583333333332 0.39351851851851855 0.084375 0.16111111111111112
76 0.7270833333333333 0.3175925925925926 0.022916666666666665 0.04259259259259259
186 0.228125 0.6032407407407407 0.053125 0.25462962962962965
37 0.728125 0.27361111111111114 0.03333333333333333 0.05648148148148148
74 0.22239583333333332 0.39351851851851855 0.084375 0.16111111111111112
76 0.7270833333333333 0.3175925925925926 0.022916666666666665 0.04259259259259259
186 0.228125 0.6032407407407407 0.053125 0.25462962962962965
37 0.728125 0.27361111111111114 0.03333333333333333 0.05648148148148148
74 0.22239583333333332 0.39351851851851855 0.084375 0.16111111111111112
76 0.7270833333333333 0.3175925925925926 0.022916666666666665 0.04259259259259259
186 0.228125 0.6032407407407407 0.053125 0.25462962962962965
37 0.728125 0.27361111111111114 0.03333333333333333 0.05648148148148148
74 0.22239583333333332 0.39351851851851855 0.084375 0.16111111111111112
76 0.7270833333333333 0.3175925925925926 0.022916666666666665 0.04259259259259259
