108 0.6734375 0.14351851851851852 0.071875 0.13148148148148148
59 0.665625 0.26851851851851855 0.06666666666666667 0.11851851851851852
108 0.6734375 0.14351851851851852 0.071875 0.13148148148148148
59 0.665625 0.26851851851851855 0.06666666666666667 0.11851851851851852
108 0.6734375 0.14351851851851852 0.071875 0.13148148148148148
59 0.665625 0.26851851851851855 0.06666666666666667 0.11851851851851852
108 0.6734375 0.14351851851851852 0.071875 0.13148148148148148
59 0.665625 0.26851851851851855 0.06666666666666667 0.11851851851851852
108 0.6734375 0.14351851851851852 0.071875 0.13148148148148148
59 0.665625 0.26851851851851855 0.06666666666666667 0.11851851851851852
108 0.6734375 0.14351851851851852 0.071875 0.13148148148148148
59 0.665625 0.26851851851851855 0.06666666666666667 0.11851851851851852
