193 0.66953125 0.09722222222222222 0.10677083333333333 0.03333333333333333
193 0.66875 0.06342592592592593 0.10520833333333333 0.032407407407407406
48 0.5638020833333334 0.2708333333333333 0.019270833333333334 0.03425925925925926
192 0.6713541666666667 0.16620370370370371 0.10520833333333333 0.032407407407407406
14 0.8125 0.18333333333333332 0.06770833333333333 0.11851851851851852
193 0.6708333333333333 0.13194444444444445 0.10520833333333333 0.032407407407407406
189 0.6721354166666667 0.20092592592592592 0.1046875 0.03518518518518519
193 0.66953125 0.09722222222222222 0.10677083333333333 0.03333333333333333
193 0.66875 0.06342592592592593 0.10520833333333333 0.032407407407407406
48 0.5638020833333334 0.2708333333333333 0.019270833333333334 0.03425925925925926
192 0.6713541666666667 0.16620370370370371 0.10520833333333333 0.032407407407407406
14 0.8125 0.18333333333333332 0.06770833333333333 0.11851851851851852
193 0.6708333333333333 0.13194444444444445 0.10520833333333333 0.032407407407407406
189 0.6721354166666667 0.20092592592592592 0.1046875 0.03518518518518519
193 0.66953125 0.09722222222222222 0.10677083333333333 0.03333333333333333
193 0.66875 0.06342592592592593 0.10520833333333333 0.032407407407407406
48 0.5638020833333334 0.2708333333333333 0.019270833333333334 0.03425925925925926
192 0.6713541666666667 0.16620370370370371 0.10520833333333333 0.032407407407407406
14 0.8125 0.18333333333333332 0.06770833333333333 0.11851851851851852
193 0.6708333333333333 0.13194444444444445 0.10520833333333333 0.032407407407407406
189 0.6721354166666667 0.20092592592592592 0.1046875 0.03518518518518519
193 0.66953125 0.09722222222222222 0.10677083333333333 0.03333333333333333
193 0.66875 0.06342592592592593 0.10520833333333333 0.032407407407407406
48 0.5638020833333334 0.2708333333333333 0.019270833333333334 0.03425925925925926
192 0.6713541666666667 0.16620370370370371 0.10520833333333333 0.032407407407407406
14 0.8125 0.18333333333333332 0.06770833333333333 0.11851851851851852
193 0.6708333333333333 0.13194444444444445 0.10520833333333333 0.032407407407407406
189 0.6721354166666667 0.20092592592592592 0.1046875 0.03518518518518519
193 0.66953125 0.09722222222222222 0.10677083333333333 0.03333333333333333
193 0.66875 0.06342592592592593 0.10520833333333333 0.032407407407407406
48 0.5638020833333334 0.2708333333333333 0.019270833333333334 0.03425925925925926
192 0.6713541666666667 0.16620370370370371 0.10520833333333333 0.032407407407407406
14 0.8125 0.18333333333333332 0.06770833333333333 0.11851851851851852
193 0.6708333333333333 0.13194444444444445 0.10520833333333333 0.032407407407407406
189 0.6721354166666667 0.20092592592592592 0.1046875 0.03518518518518519
193 0.66953125 0.09722222222222222 0.10677083333333333 0.03333333333333333
193 0.66875 0.06342592592592593 0.10520833333333333 0.032407407407407406
48 0.5638020833333334 0.2708333333333333 0.019270833333333334 0.03425925925925926
192 0.6713541666666667 0.16620370370370371 0.10520833333333333 0.032407407407407406
14 0.8125 0.18333333333333332 0.06770833333333333 0.11851851851851852
193 0.6708333333333333 0.13194444444444445 0.10520833333333333 0.032407407407407406
189 0.6721354166666667 0.20092592592592592 0.1046875 0.03518518518518519
