186 0.19505208333333332 0.5763888888888888 0.044270833333333336 0.22870370370370371
48 0.7765625 0.17083333333333334 0.042708333333333334 0.075
74 0.19088541666666667 0.3925925925925926 0.07135416666666666 0.1425925925925926
37 0.7369791666666666 0.2657407407407407 0.029166666666666667 0.04814814814814815
76 0.7364583333333333 0.30324074074074076 0.019791666666666666 0.03611111111111111
180 0.7760416666666666 0.22870370370370371 0.042708333333333334 0.03888888888888889
179 0.77578125 0.26851851851851855 0.043229166666666666 0.040740740740740744
186 0.19505208333333332 0.5763888888888888 0.044270833333333336 0.22870370370370371
48 0.7765625 0.17083333333333334 0.042708333333333334 0.075
74 0.19088541666666667 0.3925925925925926 0.07135416666666666 0.1425925925925926
37 0.7369791666666666 0.2657407407407407 0.029166666666666667 0.04814814814814815
76 0.7364583333333333 0.30324074074074076 0.019791666666666666 0.03611111111111111
180 0.7760416666666666 0.22870370370370371 0.042708333333333334 0.03888888888888889
179 0.77578125 0.26851851851851855 0.043229166666666666 0.040740740740740744
