89 0.16666666666666666 0.4412037037037037 0.05 0.08611111111111111
89 0.42994791666666665 0.3347222222222222 0.018229166666666668 0.030555555555555555
89 0.16666666666666666 0.4412037037037037 0.05 0.08611111111111111
89 0.42994791666666665 0.3347222222222222 0.018229166666666668 0.030555555555555555
89 0.16666666666666666 0.4412037037037037 0.05 0.08611111111111111
89 0.42994791666666665 0.3347222222222222 0.018229166666666668 0.030555555555555555
89 0.16666666666666666 0.4412037037037037 0.05 0.08611111111111111
89 0.42994791666666665 0.3347222222222222 0.018229166666666668 0.030555555555555555
89 0.16666666666666666 0.4412037037037037 0.05 0.08611111111111111
89 0.42994791666666665 0.3347222222222222 0.018229166666666668 0.030555555555555555
89 0.16666666666666666 0.4412037037037037 0.05 0.08611111111111111
89 0.42994791666666665 0.3347222222222222 0.018229166666666668 0.030555555555555555
