15 0.75 0.32916666666666666 0.07395833333333333 0.14351851851851852
3 0.6276041666666666 0.29953703703703705 0.04375 0.06944444444444445
61 0.6263020833333334 0.39537037037037037 0.030729166666666665 0.05185185185185185
179 0.7481770833333333 0.40879629629629627 0.05572916666666667 0.062037037037037036
4 0.7244791666666667 0.4930555555555556 0.07083333333333333 0.13425925925925927
15 0.75 0.32916666666666666 0.07395833333333333 0.14351851851851852
3 0.6276041666666666 0.29953703703703705 0.04375 0.06944444444444445
61 0.6263020833333334 0.39537037037037037 0.030729166666666665 0.05185185185185185
179 0.7481770833333333 0.40879629629629627 0.05572916666666667 0.062037037037037036
4 0.7244791666666667 0.4930555555555556 0.07083333333333333 0.13425925925925927
15 0.75 0.32916666666666666 0.07395833333333333 0.14351851851851852
3 0.6276041666666666 0.29953703703703705 0.04375 0.06944444444444445
61 0.6263020833333334 0.39537037037037037 0.030729166666666665 0.05185185185185185
179 0.7481770833333333 0.40879629629629627 0.05572916666666667 0.062037037037037036
4 0.7244791666666667 0.4930555555555556 0.07083333333333333 0.13425925925925927
15 0.75 0.32916666666666666 0.07395833333333333 0.14351851851851852
3 0.6276041666666666 0.29953703703703705 0.04375 0.06944444444444445
61 0.6263020833333334 0.39537037037037037 0.030729166666666665 0.05185185185185185
179 0.7481770833333333 0.40879629629629627 0.05572916666666667 0.062037037037037036
4 0.7244791666666667 0.4930555555555556 0.07083333333333333 0.13425925925925927
15 0.75 0.32916666666666666 0.07395833333333333 0.14351851851851852
3 0.6276041666666666 0.29953703703703705 0.04375 0.06944444444444445
61 0.6263020833333334 0.39537037037037037 0.030729166666666665 0.05185185185185185
179 0.7481770833333333 0.40879629629629627 0.05572916666666667 0.062037037037037036
4 0.7244791666666667 0.4930555555555556 0.07083333333333333 0.13425925925925927
15 0.75 0.32916666666666666 0.07395833333333333 0.14351851851851852
3 0.6276041666666666 0.29953703703703705 0.04375 0.06944444444444445
61 0.6263020833333334 0.39537037037037037 0.030729166666666665 0.05185185185185185
179 0.7481770833333333 0.40879629629629627 0.05572916666666667 0.062037037037037036
4 0.7244791666666667 0.4930555555555556 0.07083333333333333 0.13425925925925927
