44 0.7627604166666667 0.21435185185185185 0.10052083333333334 0.18425925925925926
179 0.7572916666666667 0.33194444444444443 0.096875 0.05462962962962963
44 0.7627604166666667 0.21435185185185185 0.10052083333333334 0.18425925925925926
179 0.7572916666666667 0.33194444444444443 0.096875 0.05462962962962963
44 0.7627604166666667 0.21435185185185185 0.10052083333333334 0.18425925925925926
179 0.7572916666666667 0.33194444444444443 0.096875 0.05462962962962963
44 0.7627604166666667 0.21435185185185185 0.10052083333333334 0.18425925925925926
179 0.7572916666666667 0.33194444444444443 0.096875 0.05462962962962963
44 0.7627604166666667 0.21435185185185185 0.10052083333333334 0.18425925925925926
179 0.7572916666666667 0.33194444444444443 0.096875 0.05462962962962963
44 0.7627604166666667 0.21435185185185185 0.10052083333333334 0.18425925925925926
179 0.7572916666666667 0.33194444444444443 0.096875 0.05462962962962963
