155 0.7713541666666667 0.3375 0.0625 0.032407407407407406
14 0.7721354166666666 0.24259259259259258 0.09114583333333333 0.15925925925925927
155 0.7713541666666667 0.3375 0.0625 0.032407407407407406
14 0.7721354166666666 0.24259259259259258 0.09114583333333333 0.15925925925925927
155 0.7713541666666667 0.3375 0.0625 0.032407407407407406
14 0.7721354166666666 0.24259259259259258 0.09114583333333333 0.15925925925925927
155 0.7713541666666667 0.3375 0.0625 0.032407407407407406
14 0.7721354166666666 0.24259259259259258 0.09114583333333333 0.15925925925925927
155 0.7713541666666667 0.3375 0.0625 0.032407407407407406
14 0.7721354166666666 0.24259259259259258 0.09114583333333333 0.15925925925925927
