180 0.7666666666666667 0.3726851851851852 0.09270833333333334 0.10092592592592593
47 0.7723958333333333 0.24305555555555555 0.09270833333333334 0.1712962962962963
179 0.7611979166666667 0.45555555555555555 0.09010416666666667 0.08333333333333333
180 0.7666666666666667 0.3726851851851852 0.09270833333333334 0.10092592592592593
47 0.7723958333333333 0.24305555555555555 0.09270833333333334 0.1712962962962963
179 0.7611979166666667 0.45555555555555555 0.09010416666666667 0.08333333333333333
180 0.7666666666666667 0.3726851851851852 0.09270833333333334 0.10092592592592593
47 0.7723958333333333 0.24305555555555555 0.09270833333333334 0.1712962962962963
179 0.7611979166666667 0.45555555555555555 0.09010416666666667 0.08333333333333333
180 0.7666666666666667 0.3726851851851852 0.09270833333333334 0.10092592592592593
47 0.7723958333333333 0.24305555555555555 0.09270833333333334 0.1712962962962963
179 0.7611979166666667 0.45555555555555555 0.09010416666666667 0.08333333333333333
180 0.7666666666666667 0.3726851851851852 0.09270833333333334 0.10092592592592593
47 0.7723958333333333 0.24305555555555555 0.09270833333333334 0.1712962962962963
179 0.7611979166666667 0.45555555555555555 0.09010416666666667 0.08333333333333333
180 0.7666666666666667 0.3726851851851852 0.09270833333333334 0.10092592592592593
47 0.7723958333333333 0.24305555555555555 0.09270833333333334 0.1712962962962963
179 0.7611979166666667 0.45555555555555555 0.09010416666666667 0.08333333333333333
