68 0.765625 0.3472222222222222 0.07291666666666667 0.13148148148148148
37 0.7658854166666667 0.21064814814814814 0.1015625 0.16203703703703703
68 0.765625 0.3472222222222222 0.07291666666666667 0.13148148148148148
37 0.7658854166666667 0.21064814814814814 0.1015625 0.16203703703703703
68 0.765625 0.3472222222222222 0.07291666666666667 0.13148148148148148
37 0.7658854166666667 0.21064814814814814 0.1015625 0.16203703703703703
68 0.765625 0.3472222222222222 0.07291666666666667 0.13148148148148148
37 0.7658854166666667 0.21064814814814814 0.1015625 0.16203703703703703
68 0.765625 0.3472222222222222 0.07291666666666667 0.13148148148148148
37 0.7658854166666667 0.21064814814814814 0.1015625 0.16203703703703703
68 0.765625 0.3472222222222222 0.07291666666666667 0.13148148148148148
37 0.7658854166666667 0.21064814814814814 0.1015625 0.16203703703703703
