158 0.82421875 0.28935185185185186 0.05260416666666667 0.06018518518518518
179 0.6471354166666666 0.31342592592592594 0.0265625 0.032407407407407406
60 0.14427083333333332 0.2412037037037037 0.017708333333333333 0.032407407407407406
179 0.14505208333333333 0.2824074074074074 0.03177083333333333 0.040740740740740744
108 0.6921875 0.2759259259259259 0.036458333333333336 0.07407407407407407
160 0.821875 0.34953703703703703 0.052083333333333336 0.05648148148148148
59 0.8265625 0.2074074074074074 0.05 0.10740740740740741
116 0.14505208333333333 0.2310185185185185 0.0328125 0.062037037037037036
116 0.6473958333333333 0.27314814814814814 0.028125 0.04814814814814815
158 0.82421875 0.28935185185185186 0.05260416666666667 0.06018518518518518
179 0.6471354166666666 0.31342592592592594 0.0265625 0.032407407407407406
60 0.14427083333333332 0.2412037037037037 0.017708333333333333 0.032407407407407406
179 0.14505208333333333 0.2824074074074074 0.03177083333333333 0.040740740740740744
108 0.6921875 0.2759259259259259 0.036458333333333336 0.07407407407407407
160 0.821875 0.34953703703703703 0.052083333333333336 0.05648148148148148
59 0.8265625 0.2074074074074074 0.05 0.10740740740740741
116 0.14505208333333333 0.2310185185185185 0.0328125 0.062037037037037036
116 0.6473958333333333 0.27314814814814814 0.028125 0.04814814814814815
158 0.82421875 0.28935185185185186 0.05260416666666667 0.06018518518518518
179 0.6471354166666666 0.31342592592592594 0.0265625 0.032407407407407406
60 0.14427083333333332 0.2412037037037037 0.017708333333333333 0.032407407407407406
179 0.14505208333333333 0.2824074074074074 0.03177083333333333 0.040740740740740744
108 0.6921875 0.2759259259259259 0.036458333333333336 0.07407407407407407
160 0.821875 0.34953703703703703 0.052083333333333336 0.05648148148148148
59 0.8265625 0.2074074074074074 0.05 0.10740740740740741
116 0.14505208333333333 0.2310185185185185 0.0328125 0.062037037037037036
116 0.6473958333333333 0.27314814814814814 0.028125 0.04814814814814815
158 0.82421875 0.28935185185185186 0.05260416666666667 0.06018518518518518
179 0.6471354166666666 0.31342592592592594 0.0265625 0.032407407407407406
60 0.14427083333333332 0.2412037037037037 0.017708333333333333 0.032407407407407406
179 0.14505208333333333 0.2824074074074074 0.03177083333333333 0.040740740740740744
108 0.6921875 0.2759259259259259 0.036458333333333336 0.07407407407407407
160 0.821875 0.34953703703703703 0.052083333333333336 0.05648148148148148
59 0.8265625 0.2074074074074074 0.05 0.10740740740740741
116 0.14505208333333333 0.2310185185185185 0.0328125 0.062037037037037036
116 0.6473958333333333 0.27314814814814814 0.028125 0.04814814814814815
158 0.82421875 0.28935185185185186 0.05260416666666667 0.06018518518518518
179 0.6471354166666666 0.31342592592592594 0.0265625 0.032407407407407406
60 0.14427083333333332 0.2412037037037037 0.017708333333333333 0.032407407407407406
179 0.14505208333333333 0.2824074074074074 0.03177083333333333 0.040740740740740744
108 0.6921875 0.2759259259259259 0.036458333333333336 0.07407407407407407
160 0.821875 0.34953703703703703 0.052083333333333336 0.05648148148148148
59 0.8265625 0.2074074074074074 0.05 0.10740740740740741
116 0.14505208333333333 0.2310185185185185 0.0328125 0.062037037037037036
116 0.6473958333333333 0.27314814814814814 0.028125 0.04814814814814815
158 0.82421875 0.28935185185185186 0.05260416666666667 0.06018518518518518
179 0.6471354166666666 0.31342592592592594 0.0265625 0.032407407407407406
60 0.14427083333333332 0.2412037037037037 0.017708333333333333 0.032407407407407406
179 0.14505208333333333 0.2824074074074074 0.03177083333333333 0.040740740740740744
108 0.6921875 0.2759259259259259 0.036458333333333336 0.07407407407407407
160 0.821875 0.34953703703703703 0.052083333333333336 0.05648148148148148
59 0.8265625 0.2074074074074074 0.05 0.10740740740740741
116 0.14505208333333333 0.2310185185185185 0.0328125 0.062037037037037036
116 0.6473958333333333 0.27314814814814814 0.028125 0.04814814814814815
