158 0.6364583333333333 0.21342592592592594 0.05520833333333333 0.06018518518518518
160 0.6369791666666667 0.2740740740740741 0.051041666666666666 0.05740740740740741
108 0.4630208333333333 0.17175925925925925 0.040625 0.075
52 0.4627604166666667 0.24953703703703703 0.04010416666666667 0.07314814814814814
59 0.6354166666666666 0.12407407407407407 0.057291666666666664 0.11851851851851852
158 0.6364583333333333 0.21342592592592594 0.05520833333333333 0.06018518518518518
160 0.6369791666666667 0.2740740740740741 0.051041666666666666 0.05740740740740741
108 0.4630208333333333 0.17175925925925925 0.040625 0.075
52 0.4627604166666667 0.24953703703703703 0.04010416666666667 0.07314814814814814
59 0.6354166666666666 0.12407407407407407 0.057291666666666664 0.11851851851851852
