10 0.7671875 0.4236111111111111 0.121875 0.21203703703703702
140 0.5223958333333333 0.3597222222222222 0.01875 0.049074074074074076
173 0.7630208333333334 0.5560185185185185 0.0875 0.08055555555555556
10 0.7671875 0.4236111111111111 0.121875 0.21203703703703702
140 0.5223958333333333 0.3597222222222222 0.01875 0.049074074074074076
173 0.7630208333333334 0.5560185185185185 0.0875 0.08055555555555556
10 0.7671875 0.4236111111111111 0.121875 0.21203703703703702
140 0.5223958333333333 0.3597222222222222 0.01875 0.049074074074074076
173 0.7630208333333334 0.5560185185185185 0.0875 0.08055555555555556
10 0.7671875 0.4236111111111111 0.121875 0.21203703703703702
140 0.5223958333333333 0.3597222222222222 0.01875 0.049074074074074076
173 0.7630208333333334 0.5560185185185185 0.0875 0.08055555555555556
10 0.7671875 0.4236111111111111 0.121875 0.21203703703703702
140 0.5223958333333333 0.3597222222222222 0.01875 0.049074074074074076
173 0.7630208333333334 0.5560185185185185 0.0875 0.08055555555555556
10 0.7671875 0.4236111111111111 0.121875 0.21203703703703702
140 0.5223958333333333 0.3597222222222222 0.01875 0.049074074074074076
173 0.7630208333333334 0.5560185185185185 0.0875 0.08055555555555556
