52 0.75625 0.2212962962962963 0.05520833333333333 0.11296296296296296
37 0.47578125 0.23148148148148148 0.021354166666666667 0.03333333333333333
22 0.7578125 0.09351851851851851 0.07916666666666666 0.1537037037037037
136 0.46979166666666666 0.2689814814814815 0.016666666666666666 0.028703703703703703
52 0.75625 0.2212962962962963 0.05520833333333333 0.11296296296296296
37 0.47578125 0.23148148148148148 0.021354166666666667 0.03333333333333333
22 0.7578125 0.09351851851851851 0.07916666666666666 0.1537037037037037
136 0.46979166666666666 0.2689814814814815 0.016666666666666666 0.028703703703703703
52 0.75625 0.2212962962962963 0.05520833333333333 0.11296296296296296
37 0.47578125 0.23148148148148148 0.021354166666666667 0.03333333333333333
22 0.7578125 0.09351851851851851 0.07916666666666666 0.1537037037037037
136 0.46979166666666666 0.2689814814814815 0.016666666666666666 0.028703703703703703
52 0.75625 0.2212962962962963 0.05520833333333333 0.11296296296296296
37 0.47578125 0.23148148148148148 0.021354166666666667 0.03333333333333333
22 0.7578125 0.09351851851851851 0.07916666666666666 0.1537037037037037
136 0.46979166666666666 0.2689814814814815 0.016666666666666666 0.028703703703703703
52 0.75625 0.2212962962962963 0.05520833333333333 0.11296296296296296
37 0.47578125 0.23148148148148148 0.021354166666666667 0.03333333333333333
22 0.7578125 0.09351851851851851 0.07916666666666666 0.1537037037037037
136 0.46979166666666666 0.2689814814814815 0.016666666666666666 0.028703703703703703
