150 0.9583333333333334 0.2916666666666667 0.08333333333333333 0.08888888888888889
119 0.84921875 0.2861111111111111 0.0421875 0.07407407407407407
150 0.9583333333333334 0.2916666666666667 0.08333333333333333 0.08888888888888889
119 0.84921875 0.2861111111111111 0.0421875 0.07407407407407407
150 0.9583333333333334 0.2916666666666667 0.08333333333333333 0.08888888888888889
119 0.84921875 0.2861111111111111 0.0421875 0.07407407407407407
150 0.9583333333333334 0.2916666666666667 0.08333333333333333 0.08888888888888889
119 0.84921875 0.2861111111111111 0.0421875 0.07407407407407407
150 0.9583333333333334 0.2916666666666667 0.08333333333333333 0.08888888888888889
119 0.84921875 0.2861111111111111 0.0421875 0.07407407407407407
