63 0.83125 0.14583333333333334 0.05625 0.12314814814814815
76 0.62109375 0.26666666666666666 0.028645833333333332 0.05
37 0.6244791666666667 0.21296296296296297 0.03958333333333333 0.06296296296296296
74 0.3341145833333333 0.325 0.016145833333333335 0.02962962962962963
179 0.8276041666666667 0.23194444444444445 0.06041666666666667 0.06018518518518518
136 0.82265625 0.32592592592592595 0.0640625 0.12777777777777777
63 0.83125 0.14583333333333334 0.05625 0.12314814814814815
76 0.62109375 0.26666666666666666 0.028645833333333332 0.05
37 0.6244791666666667 0.21296296296296297 0.03958333333333333 0.06296296296296296
74 0.3341145833333333 0.325 0.016145833333333335 0.02962962962962963
179 0.8276041666666667 0.23194444444444445 0.06041666666666667 0.06018518518518518
136 0.82265625 0.32592592592592595 0.0640625 0.12777777777777777
