7 0.70234375 0.1935185185185185 0.0453125 0.07222222222222222
96 0.6984375 0.19583333333333333 0.08125 0.21944444444444444
7 0.70234375 0.1935185185185185 0.0453125 0.07222222222222222
96 0.6984375 0.19583333333333333 0.08125 0.21944444444444444
7 0.70234375 0.1935185185185185 0.0453125 0.07222222222222222
96 0.6984375 0.19583333333333333 0.08125 0.21944444444444444
7 0.70234375 0.1935185185185185 0.0453125 0.07222222222222222
96 0.6984375 0.19583333333333333 0.08125 0.21944444444444444
7 0.70234375 0.1935185185185185 0.0453125 0.07222222222222222
96 0.6984375 0.19583333333333333 0.08125 0.21944444444444444
7 0.70234375 0.1935185185185185 0.0453125 0.07222222222222222
96 0.6984375 0.19583333333333333 0.08125 0.21944444444444444
