186 0.26276041666666666 0.6939814814814815 0.0546875 0.25092592592592594
74 0.25729166666666664 0.48842592592592593 0.090625 0.16018518518518518
186 0.26276041666666666 0.6939814814814815 0.0546875 0.25092592592592594
74 0.25729166666666664 0.48842592592592593 0.090625 0.16018518518518518
186 0.26276041666666666 0.6939814814814815 0.0546875 0.25092592592592594
74 0.25729166666666664 0.48842592592592593 0.090625 0.16018518518518518
186 0.26276041666666666 0.6939814814814815 0.0546875 0.25092592592592594
74 0.25729166666666664 0.48842592592592593 0.090625 0.16018518518518518
186 0.26276041666666666 0.6939814814814815 0.0546875 0.25092592592592594
74 0.25729166666666664 0.48842592592592593 0.090625 0.16018518518518518
186 0.26276041666666666 0.6939814814814815 0.0546875 0.25092592592592594
74 0.25729166666666664 0.48842592592592593 0.090625 0.16018518518518518
