65 0.7872395833333333 0.16527777777777777 0.07760416666666667 0.14907407407407408
198 0.7734375 0.23935185185185184 0.051041666666666666 0.0787037037037037
198 0.3333333333333333 0.27824074074074073 0.020833333333333332 0.032407407407407406
65 0.7872395833333333 0.16527777777777777 0.07760416666666667 0.14907407407407408
198 0.7734375 0.23935185185185184 0.051041666666666666 0.0787037037037037
198 0.3333333333333333 0.27824074074074073 0.020833333333333332 0.032407407407407406
65 0.7872395833333333 0.16527777777777777 0.07760416666666667 0.14907407407407408
198 0.7734375 0.23935185185185184 0.051041666666666666 0.0787037037037037
198 0.3333333333333333 0.27824074074074073 0.020833333333333332 0.032407407407407406
65 0.7872395833333333 0.16527777777777777 0.07760416666666667 0.14907407407407408
198 0.7734375 0.23935185185185184 0.051041666666666666 0.0787037037037037
198 0.3333333333333333 0.27824074074074073 0.020833333333333332 0.032407407407407406
65 0.7872395833333333 0.16527777777777777 0.07760416666666667 0.14907407407407408
198 0.7734375 0.23935185185185184 0.051041666666666666 0.0787037037037037
198 0.3333333333333333 0.27824074074074073 0.020833333333333332 0.032407407407407406
65 0.7872395833333333 0.16527777777777777 0.07760416666666667 0.14907407407407408
198 0.7734375 0.23935185185185184 0.051041666666666666 0.0787037037037037
198 0.3333333333333333 0.27824074074074073 0.020833333333333332 0.032407407407407406
