96 0.7424479166666667 0.4847222222222222 0.09114583333333333 0.16574074074074074
100 0.7434895833333334 0.33055555555555555 0.1546875 0.1425925925925926
96 0.7424479166666667 0.4847222222222222 0.09114583333333333 0.16574074074074074
100 0.7434895833333334 0.33055555555555555 0.1546875 0.1425925925925926
96 0.7424479166666667 0.4847222222222222 0.09114583333333333 0.16574074074074074
100 0.7434895833333334 0.33055555555555555 0.1546875 0.1425925925925926
96 0.7424479166666667 0.4847222222222222 0.09114583333333333 0.16574074074074074
100 0.7434895833333334 0.33055555555555555 0.1546875 0.1425925925925926
96 0.7424479166666667 0.4847222222222222 0.09114583333333333 0.16574074074074074
100 0.7434895833333334 0.33055555555555555 0.1546875 0.1425925925925926
96 0.7424479166666667 0.4847222222222222 0.09114583333333333 0.16574074074074074
100 0.7434895833333334 0.33055555555555555 0.1546875 0.1425925925925926
