61 0.83125 0.5189814814814815 0.078125 0.13796296296296295
179 0.23359375 0.33055555555555555 0.034895833333333334 0.03148148148148148
179 0.23567708333333334 0.26851851851851855 0.0359375 0.03518518518518519
179 0.23463541666666668 0.29907407407407405 0.034895833333333334 0.03333333333333333
179 0.2359375 0.23796296296296296 0.036458333333333336 0.03888888888888889
78 0.8369791666666667 0.32175925925925924 0.07604166666666666 0.13796296296296295
179 0.8330729166666667 0.4217592592592593 0.07760416666666667 0.06574074074074074
61 0.83125 0.5189814814814815 0.078125 0.13796296296296295
179 0.23359375 0.33055555555555555 0.034895833333333334 0.03148148148148148
179 0.23567708333333334 0.26851851851851855 0.0359375 0.03518518518518519
179 0.23463541666666668 0.29907407407407405 0.034895833333333334 0.03333333333333333
179 0.2359375 0.23796296296296296 0.036458333333333336 0.03888888888888889
78 0.8369791666666667 0.32175925925925924 0.07604166666666666 0.13796296296296295
179 0.8330729166666667 0.4217592592592593 0.07760416666666667 0.06574074074074074
