30 0.043229166666666666 0.3675925925925926 0.020833333333333332 0.09444444444444444
25 0.04010416666666667 0.28425925925925927 0.041666666666666664 0.07777777777777778
30 0.6109375 0.3680555555555556 0.01875 0.09351851851851851
25 0.6125 0.28425925925925927 0.05 0.07962962962962963
30 0.043229166666666666 0.3675925925925926 0.020833333333333332 0.09444444444444444
25 0.04010416666666667 0.28425925925925927 0.041666666666666664 0.07777777777777778
30 0.6109375 0.3680555555555556 0.01875 0.09351851851851851
25 0.6125 0.28425925925925927 0.05 0.07962962962962963
30 0.043229166666666666 0.3675925925925926 0.020833333333333332 0.09444444444444444
25 0.04010416666666667 0.28425925925925927 0.041666666666666664 0.07777777777777778
30 0.6109375 0.3680555555555556 0.01875 0.09351851851851851
25 0.6125 0.28425925925925927 0.05 0.07962962962962963
30 0.043229166666666666 0.3675925925925926 0.020833333333333332 0.09444444444444444
25 0.04010416666666667 0.28425925925925927 0.041666666666666664 0.07777777777777778
30 0.6109375 0.3680555555555556 0.01875 0.09351851851851851
25 0.6125 0.28425925925925927 0.05 0.07962962962962963
30 0.043229166666666666 0.3675925925925926 0.020833333333333332 0.09444444444444444
25 0.04010416666666667 0.28425925925925927 0.041666666666666664 0.07777777777777778
30 0.6109375 0.3680555555555556 0.01875 0.09351851851851851
25 0.6125 0.28425925925925927 0.05 0.07962962962962963
30 0.043229166666666666 0.3675925925925926 0.020833333333333332 0.09444444444444444
25 0.04010416666666667 0.28425925925925927 0.041666666666666664 0.07777777777777778
30 0.6109375 0.3680555555555556 0.01875 0.09351851851851851
25 0.6125 0.28425925925925927 0.05 0.07962962962962963
