63 0.8072916666666666 0.2574074074074074 0.06041666666666667 0.11851851851851852
179 0.8046875 0.3439814814814815 0.06145833333333333 0.05462962962962963
63 0.8072916666666666 0.2574074074074074 0.06041666666666667 0.11851851851851852
179 0.8046875 0.3439814814814815 0.06145833333333333 0.05462962962962963
63 0.8072916666666666 0.2574074074074074 0.06041666666666667 0.11851851851851852
179 0.8046875 0.3439814814814815 0.06145833333333333 0.05462962962962963
63 0.8072916666666666 0.2574074074074074 0.06041666666666667 0.11851851851851852
179 0.8046875 0.3439814814814815 0.06145833333333333 0.05462962962962963
63 0.8072916666666666 0.2574074074074074 0.06041666666666667 0.11851851851851852
179 0.8046875 0.3439814814814815 0.06145833333333333 0.05462962962962963
63 0.8072916666666666 0.2574074074074074 0.06041666666666667 0.11851851851851852
179 0.8046875 0.3439814814814815 0.06145833333333333 0.05462962962962963
