145 0.8390625 0.2152777777777778 0.04895833333333333 0.1527777777777778
136 0.5950520833333334 0.2759259259259259 0.018229166666666668 0.03333333333333333
78 0.9221354166666667 0.21851851851851853 0.024479166666666666 0.05740740740740741
77 0.9208333333333333 0.2759259259259259 0.021875 0.05740740740740741
136 0.42916666666666664 0.14351851851851852 0.027083333333333334 0.04814814814814815
145 0.8390625 0.2152777777777778 0.04895833333333333 0.1527777777777778
136 0.5950520833333334 0.2759259259259259 0.018229166666666668 0.03333333333333333
78 0.9221354166666667 0.21851851851851853 0.024479166666666666 0.05740740740740741
77 0.9208333333333333 0.2759259259259259 0.021875 0.05740740740740741
136 0.42916666666666664 0.14351851851851852 0.027083333333333334 0.04814814814814815
145 0.8390625 0.2152777777777778 0.04895833333333333 0.1527777777777778
136 0.5950520833333334 0.2759259259259259 0.018229166666666668 0.03333333333333333
78 0.9221354166666667 0.21851851851851853 0.024479166666666666 0.05740740740740741
77 0.9208333333333333 0.2759259259259259 0.021875 0.05740740740740741
136 0.42916666666666664 0.14351851851851852 0.027083333333333334 0.04814814814814815
145 0.8390625 0.2152777777777778 0.04895833333333333 0.1527777777777778
136 0.5950520833333334 0.2759259259259259 0.018229166666666668 0.03333333333333333
78 0.9221354166666667 0.21851851851851853 0.024479166666666666 0.05740740740740741
77 0.9208333333333333 0.2759259259259259 0.021875 0.05740740740740741
136 0.42916666666666664 0.14351851851851852 0.027083333333333334 0.04814814814814815
145 0.8390625 0.2152777777777778 0.04895833333333333 0.1527777777777778
136 0.5950520833333334 0.2759259259259259 0.018229166666666668 0.03333333333333333
78 0.9221354166666667 0.21851851851851853 0.024479166666666666 0.05740740740740741
77 0.9208333333333333 0.2759259259259259 0.021875 0.05740740740740741
136 0.42916666666666664 0.14351851851851852 0.027083333333333334 0.04814814814814815
145 0.8390625 0.2152777777777778 0.04895833333333333 0.1527777777777778
136 0.5950520833333334 0.2759259259259259 0.018229166666666668 0.03333333333333333
78 0.9221354166666667 0.21851851851851853 0.024479166666666666 0.05740740740740741
77 0.9208333333333333 0.2759259259259259 0.021875 0.05740740740740741
136 0.42916666666666664 0.14351851851851852 0.027083333333333334 0.04814814814814815
