52 0.7013020833333333 0.26064814814814813 0.04635416666666667 0.0824074074074074
59 0.6981770833333333 0.17777777777777778 0.0484375 0.08148148148148149
136 0.69765625 0.09583333333333334 0.049479166666666664 0.08425925925925926
52 0.7013020833333333 0.26064814814814813 0.04635416666666667 0.0824074074074074
59 0.6981770833333333 0.17777777777777778 0.0484375 0.08148148148148149
136 0.69765625 0.09583333333333334 0.049479166666666664 0.08425925925925926
52 0.7013020833333333 0.26064814814814813 0.04635416666666667 0.0824074074074074
59 0.6981770833333333 0.17777777777777778 0.0484375 0.08148148148148149
136 0.69765625 0.09583333333333334 0.049479166666666664 0.08425925925925926
52 0.7013020833333333 0.26064814814814813 0.04635416666666667 0.0824074074074074
59 0.6981770833333333 0.17777777777777778 0.0484375 0.08148148148148149
136 0.69765625 0.09583333333333334 0.049479166666666664 0.08425925925925926
52 0.7013020833333333 0.26064814814814813 0.04635416666666667 0.0824074074074074
59 0.6981770833333333 0.17777777777777778 0.0484375 0.08148148148148149
136 0.69765625 0.09583333333333334 0.049479166666666664 0.08425925925925926
52 0.7013020833333333 0.26064814814814813 0.04635416666666667 0.0824074074074074
59 0.6981770833333333 0.17777777777777778 0.0484375 0.08148148148148149
136 0.69765625 0.09583333333333334 0.049479166666666664 0.08425925925925926
