63 0.7854166666666667 0.10416666666666667 0.08229166666666667 0.15092592592592594
186 0.31692708333333336 0.40185185185185185 0.016145833333333335 0.08518518518518518
123 0.7838541666666666 0.3236111111111111 0.08333333333333333 0.16018518518518518
177 0.7807291666666667 0.44027777777777777 0.08333333333333333 0.0824074074074074
37 0.6263020833333334 0.25925925925925924 0.021354166666666667 0.03518518518518519
179 0.7848958333333333 0.2125 0.08333333333333333 0.0712962962962963
74 0.3151041666666667 0.3333333333333333 0.029166666666666667 0.05185185185185185
63 0.7854166666666667 0.10416666666666667 0.08229166666666667 0.15092592592592594
186 0.31692708333333336 0.40185185185185185 0.016145833333333335 0.08518518518518518
123 0.7838541666666666 0.3236111111111111 0.08333333333333333 0.16018518518518518
177 0.7807291666666667 0.44027777777777777 0.08333333333333333 0.0824074074074074
37 0.6263020833333334 0.25925925925925924 0.021354166666666667 0.03518518518518519
179 0.7848958333333333 0.2125 0.08333333333333333 0.0712962962962963
74 0.3151041666666667 0.3333333333333333 0.029166666666666667 0.05185185185185185
63 0.7854166666666667 0.10416666666666667 0.08229166666666667 0.15092592592592594
186 0.31692708333333336 0.40185185185185185 0.016145833333333335 0.08518518518518518
123 0.7838541666666666 0.3236111111111111 0.08333333333333333 0.16018518518518518
177 0.7807291666666667 0.44027777777777777 0.08333333333333333 0.0824074074074074
37 0.6263020833333334 0.25925925925925924 0.021354166666666667 0.03518518518518519
179 0.7848958333333333 0.2125 0.08333333333333333 0.0712962962962963
74 0.3151041666666667 0.3333333333333333 0.029166666666666667 0.05185185185185185
63 0.7854166666666667 0.10416666666666667 0.08229166666666667 0.15092592592592594
186 0.31692708333333336 0.40185185185185185 0.016145833333333335 0.08518518518518518
123 0.7838541666666666 0.3236111111111111 0.08333333333333333 0.16018518518518518
177 0.7807291666666667 0.44027777777777777 0.08333333333333333 0.0824074074074074
37 0.6263020833333334 0.25925925925925924 0.021354166666666667 0.03518518518518519
179 0.7848958333333333 0.2125 0.08333333333333333 0.0712962962962963
74 0.3151041666666667 0.3333333333333333 0.029166666666666667 0.05185185185185185
63 0.7854166666666667 0.10416666666666667 0.08229166666666667 0.15092592592592594
186 0.31692708333333336 0.40185185185185185 0.016145833333333335 0.08518518518518518
123 0.7838541666666666 0.3236111111111111 0.08333333333333333 0.16018518518518518
177 0.7807291666666667 0.44027777777777777 0.08333333333333333 0.0824074074074074
37 0.6263020833333334 0.25925925925925924 0.021354166666666667 0.03518518518518519
179 0.7848958333333333 0.2125 0.08333333333333333 0.0712962962962963
74 0.3151041666666667 0.3333333333333333 0.029166666666666667 0.05185185185185185
63 0.7854166666666667 0.10416666666666667 0.08229166666666667 0.15092592592592594
186 0.31692708333333336 0.40185185185185185 0.016145833333333335 0.08518518518518518
123 0.7838541666666666 0.3236111111111111 0.08333333333333333 0.16018518518518518
177 0.7807291666666667 0.44027777777777777 0.08333333333333333 0.0824074074074074
37 0.6263020833333334 0.25925925925925924 0.021354166666666667 0.03518518518518519
179 0.7848958333333333 0.2125 0.08333333333333333 0.0712962962962963
74 0.3151041666666667 0.3333333333333333 0.029166666666666667 0.05185185185185185
