155 0.76796875 0.41388888888888886 0.0953125 0.06666666666666667
0 0.76796875 0.2810185185185185 0.13802083333333334 0.2490740740740741
155 0.76796875 0.41388888888888886 0.0953125 0.06666666666666667
0 0.76796875 0.2810185185185185 0.13802083333333334 0.2490740740740741
155 0.76796875 0.41388888888888886 0.0953125 0.06666666666666667
0 0.76796875 0.2810185185185185 0.13802083333333334 0.2490740740740741
155 0.76796875 0.41388888888888886 0.0953125 0.06666666666666667
0 0.76796875 0.2810185185185185 0.13802083333333334 0.2490740740740741
155 0.76796875 0.41388888888888886 0.0953125 0.06666666666666667
0 0.76796875 0.2810185185185185 0.13802083333333334 0.2490740740740741
155 0.76796875 0.41388888888888886 0.0953125 0.06666666666666667
0 0.76796875 0.2810185185185185 0.13802083333333334 0.2490740740740741
