150 0.81796875 0.337037037037037 0.0921875 0.14074074074074075
43 0.69375 0.0412037037037037 0.07083333333333333 0.0824074074074074
198 0.746875 0.14212962962962963 0.071875 0.11574074074074074
149 0.7822916666666667 0.23981481481481481 0.08125 0.053703703703703705
198 0.16067708333333333 0.29305555555555557 0.0203125 0.030555555555555555
198 0.628125 0.275 0.023958333333333335 0.03333333333333333
150 0.81796875 0.337037037037037 0.0921875 0.14074074074074075
43 0.69375 0.0412037037037037 0.07083333333333333 0.0824074074074074
198 0.746875 0.14212962962962963 0.071875 0.11574074074074074
149 0.7822916666666667 0.23981481481481481 0.08125 0.053703703703703705
198 0.16067708333333333 0.29305555555555557 0.0203125 0.030555555555555555
198 0.628125 0.275 0.023958333333333335 0.03333333333333333
