52 0.646875 0.23935185185185184 0.057291666666666664 0.10277777777777777
22 0.6481770833333333 0.12407407407407407 0.0828125 0.13333333333333333
52 0.646875 0.23935185185185184 0.057291666666666664 0.10277777777777777
22 0.6481770833333333 0.12407407407407407 0.0828125 0.13333333333333333
52 0.646875 0.23935185185185184 0.057291666666666664 0.10277777777777777
22 0.6481770833333333 0.12407407407407407 0.0828125 0.13333333333333333
52 0.646875 0.23935185185185184 0.057291666666666664 0.10277777777777777
22 0.6481770833333333 0.12407407407407407 0.0828125 0.13333333333333333
52 0.646875 0.23935185185185184 0.057291666666666664 0.10277777777777777
22 0.6481770833333333 0.12407407407407407 0.0828125 0.13333333333333333
52 0.646875 0.23935185185185184 0.057291666666666664 0.10277777777777777
22 0.6481770833333333 0.12407407407407407 0.0828125 0.13333333333333333
