186 0.22239583333333332 0.6685185185185185 0.051041666666666666 0.24814814814814815
37 0.6932291666666667 0.2490740740740741 0.035416666666666666 0.05740740740740741
76 0.6901041666666666 0.2953703703703704 0.023958333333333335 0.046296296296296294
136 0.8041666666666667 0.2601851851851852 0.0375 0.07037037037037037
74 0.21536458333333333 0.46574074074074073 0.08177083333333333 0.1574074074074074
186 0.22239583333333332 0.6685185185185185 0.051041666666666666 0.24814814814814815
37 0.6932291666666667 0.2490740740740741 0.035416666666666666 0.05740740740740741
76 0.6901041666666666 0.2953703703703704 0.023958333333333335 0.046296296296296294
136 0.8041666666666667 0.2601851851851852 0.0375 0.07037037037037037
74 0.21536458333333333 0.46574074074074073 0.08177083333333333 0.1574074074074074
