69 0.15 0.32407407407407407 0.041666666666666664 0.07777777777777778
76 0.9723958333333333 0.2791666666666667 0.05520833333333333 0.12129629629629629
37 0.9671875 0.1486111111111111 0.065625 0.16203703703703703
69 0.15 0.32407407407407407 0.041666666666666664 0.07777777777777778
76 0.9723958333333333 0.2791666666666667 0.05520833333333333 0.12129629629629629
37 0.9671875 0.1486111111111111 0.065625 0.16203703703703703
69 0.15 0.32407407407407407 0.041666666666666664 0.07777777777777778
76 0.9723958333333333 0.2791666666666667 0.05520833333333333 0.12129629629629629
37 0.9671875 0.1486111111111111 0.065625 0.16203703703703703
69 0.15 0.32407407407407407 0.041666666666666664 0.07777777777777778
76 0.9723958333333333 0.2791666666666667 0.05520833333333333 0.12129629629629629
37 0.9671875 0.1486111111111111 0.065625 0.16203703703703703
69 0.15 0.32407407407407407 0.041666666666666664 0.07777777777777778
76 0.9723958333333333 0.2791666666666667 0.05520833333333333 0.12129629629629629
37 0.9671875 0.1486111111111111 0.065625 0.16203703703703703
69 0.15 0.32407407407407407 0.041666666666666664 0.07777777777777778
76 0.9723958333333333 0.2791666666666667 0.05520833333333333 0.12129629629629629
37 0.9671875 0.1486111111111111 0.065625 0.16203703703703703
