155 0.8119791666666667 0.2587962962962963 0.04583333333333333 0.028703703703703703
14 0.8114583333333333 0.18425925925925926 0.06979166666666667 0.13148148148148148
155 0.8119791666666667 0.2587962962962963 0.04583333333333333 0.028703703703703703
14 0.8114583333333333 0.18425925925925926 0.06979166666666667 0.13148148148148148
155 0.8119791666666667 0.2587962962962963 0.04583333333333333 0.028703703703703703
14 0.8114583333333333 0.18425925925925926 0.06979166666666667 0.13148148148148148
155 0.8119791666666667 0.2587962962962963 0.04583333333333333 0.028703703703703703
14 0.8114583333333333 0.18425925925925926 0.06979166666666667 0.13148148148148148
155 0.8119791666666667 0.2587962962962963 0.04583333333333333 0.028703703703703703
14 0.8114583333333333 0.18425925925925926 0.06979166666666667 0.13148148148148148
155 0.8119791666666667 0.2587962962962963 0.04583333333333333 0.028703703703703703
14 0.8114583333333333 0.18425925925925926 0.06979166666666667 0.13148148148148148
