172 0.7505208333333333 0.2050925925925926 0.052083333333333336 0.09351851851851851
134 0.5916666666666667 0.25555555555555554 0.021875 0.040740740740740744
136 0.75 0.1125 0.053125 0.09166666666666666
74 0.3307291666666667 0.3263888888888889 0.022916666666666665 0.041666666666666664
172 0.7505208333333333 0.2050925925925926 0.052083333333333336 0.09351851851851851
134 0.5916666666666667 0.25555555555555554 0.021875 0.040740740740740744
136 0.75 0.1125 0.053125 0.09166666666666666
74 0.3307291666666667 0.3263888888888889 0.022916666666666665 0.041666666666666664
172 0.7505208333333333 0.2050925925925926 0.052083333333333336 0.09351851851851851
134 0.5916666666666667 0.25555555555555554 0.021875 0.040740740740740744
136 0.75 0.1125 0.053125 0.09166666666666666
74 0.3307291666666667 0.3263888888888889 0.022916666666666665 0.041666666666666664
172 0.7505208333333333 0.2050925925925926 0.052083333333333336 0.09351851851851851
134 0.5916666666666667 0.25555555555555554 0.021875 0.040740740740740744
136 0.75 0.1125 0.053125 0.09166666666666666
74 0.3307291666666667 0.3263888888888889 0.022916666666666665 0.041666666666666664
172 0.7505208333333333 0.2050925925925926 0.052083333333333336 0.09351851851851851
134 0.5916666666666667 0.25555555555555554 0.021875 0.040740740740740744
136 0.75 0.1125 0.053125 0.09166666666666666
74 0.3307291666666667 0.3263888888888889 0.022916666666666665 0.041666666666666664
172 0.7505208333333333 0.2050925925925926 0.052083333333333336 0.09351851851851851
134 0.5916666666666667 0.25555555555555554 0.021875 0.040740740740740744
136 0.75 0.1125 0.053125 0.09166666666666666
74 0.3307291666666667 0.3263888888888889 0.022916666666666665 0.041666666666666664
