63 0.6283854166666667 0.25 0.024479166666666666 0.044444444444444446
37 0.9096354166666667 0.14212962962962963 0.027604166666666666 0.08425925925925926
63 0.6283854166666667 0.25 0.024479166666666666 0.044444444444444446
37 0.9096354166666667 0.14212962962962963 0.027604166666666666 0.08425925925925926
63 0.6283854166666667 0.25 0.024479166666666666 0.044444444444444446
37 0.9096354166666667 0.14212962962962963 0.027604166666666666 0.08425925925925926
63 0.6283854166666667 0.25 0.024479166666666666 0.044444444444444446
37 0.9096354166666667 0.14212962962962963 0.027604166666666666 0.08425925925925926
63 0.6283854166666667 0.25 0.024479166666666666 0.044444444444444446
37 0.9096354166666667 0.14212962962962963 0.027604166666666666 0.08425925925925926
