65 0.8276041666666667 0.39675925925925926 0.06354166666666666 0.11388888888888889
179 0.8231770833333333 0.4787037037037037 0.06197916666666667 0.05555555555555555
65 0.8276041666666667 0.39675925925925926 0.06354166666666666 0.11388888888888889
179 0.8231770833333333 0.4787037037037037 0.06197916666666667 0.05555555555555555
65 0.8276041666666667 0.39675925925925926 0.06354166666666666 0.11388888888888889
179 0.8231770833333333 0.4787037037037037 0.06197916666666667 0.05555555555555555
65 0.8276041666666667 0.39675925925925926 0.06354166666666666 0.11388888888888889
179 0.8231770833333333 0.4787037037037037 0.06197916666666667 0.05555555555555555
65 0.8276041666666667 0.39675925925925926 0.06354166666666666 0.11388888888888889
179 0.8231770833333333 0.4787037037037037 0.06197916666666667 0.05555555555555555
65 0.8276041666666667 0.39675925925925926 0.06354166666666666 0.11388888888888889
179 0.8231770833333333 0.4787037037037037 0.06197916666666667 0.05555555555555555
