65 0.8838541666666667 0.35555555555555557 0.022916666666666665 0.040740740740740744
74 0.33567708333333335 0.33194444444444443 0.015104166666666667 0.028703703703703703
65 0.8838541666666667 0.35555555555555557 0.022916666666666665 0.040740740740740744
74 0.33567708333333335 0.33194444444444443 0.015104166666666667 0.028703703703703703
65 0.8838541666666667 0.35555555555555557 0.022916666666666665 0.040740740740740744
74 0.33567708333333335 0.33194444444444443 0.015104166666666667 0.028703703703703703
65 0.8838541666666667 0.35555555555555557 0.022916666666666665 0.040740740740740744
74 0.33567708333333335 0.33194444444444443 0.015104166666666667 0.028703703703703703
65 0.8838541666666667 0.35555555555555557 0.022916666666666665 0.040740740740740744
74 0.33567708333333335 0.33194444444444443 0.015104166666666667 0.028703703703703703
65 0.8838541666666667 0.35555555555555557 0.022916666666666665 0.040740740740740744
74 0.33567708333333335 0.33194444444444443 0.015104166666666667 0.028703703703703703
