108 0.80625 0.20879629629629629 0.07604166666666666 0.14166666666666666
134 0.4546875 0.22916666666666666 0.027083333333333334 0.08425925925925926
65 0.6315104166666666 0.2638888888888889 0.0171875 0.03148148148148148
108 0.80625 0.20879629629629629 0.07604166666666666 0.14166666666666666
134 0.4546875 0.22916666666666666 0.027083333333333334 0.08425925925925926
65 0.6315104166666666 0.2638888888888889 0.0171875 0.03148148148148148
108 0.80625 0.20879629629629629 0.07604166666666666 0.14166666666666666
134 0.4546875 0.22916666666666666 0.027083333333333334 0.08425925925925926
65 0.6315104166666666 0.2638888888888889 0.0171875 0.03148148148148148
108 0.80625 0.20879629629629629 0.07604166666666666 0.14166666666666666
134 0.4546875 0.22916666666666666 0.027083333333333334 0.08425925925925926
65 0.6315104166666666 0.2638888888888889 0.0171875 0.03148148148148148
108 0.80625 0.20879629629629629 0.07604166666666666 0.14166666666666666
134 0.4546875 0.22916666666666666 0.027083333333333334 0.08425925925925926
65 0.6315104166666666 0.2638888888888889 0.0171875 0.03148148148148148
108 0.80625 0.20879629629629629 0.07604166666666666 0.14166666666666666
134 0.4546875 0.22916666666666666 0.027083333333333334 0.08425925925925926
65 0.6315104166666666 0.2638888888888889 0.0171875 0.03148148148148148
