198 0.115625 0.3 0.034375 0.05925925925925926
198 0.3171875 0.2967592592592593 0.023958333333333335 0.03796296296296296
198 0.115625 0.3 0.034375 0.05925925925925926
198 0.3171875 0.2967592592592593 0.023958333333333335 0.03796296296296296
198 0.115625 0.3 0.034375 0.05925925925925926
198 0.3171875 0.2967592592592593 0.023958333333333335 0.03796296296296296
198 0.115625 0.3 0.034375 0.05925925925925926
198 0.3171875 0.2967592592592593 0.023958333333333335 0.03796296296296296
198 0.115625 0.3 0.034375 0.05925925925925926
198 0.3171875 0.2967592592592593 0.023958333333333335 0.03796296296296296
198 0.115625 0.3 0.034375 0.05925925925925926
198 0.3171875 0.2967592592592593 0.023958333333333335 0.03796296296296296
