186 0.22395833333333334 0.5537037037037037 0.04375 0.2388888888888889
74 0.2234375 0.3597222222222222 0.08020833333333334 0.14907407407407408
69 0.55 0.3 0.015625 0.027777777777777776
76 0.7166666666666667 0.30416666666666664 0.023958333333333335 0.04351851851851852
37 0.7177083333333333 0.25833333333333336 0.034375 0.05555555555555555
65 0.8908854166666667 0.3087962962962963 0.028645833333333332 0.05092592592592592
186 0.22395833333333334 0.5537037037037037 0.04375 0.2388888888888889
74 0.2234375 0.3597222222222222 0.08020833333333334 0.14907407407407408
69 0.55 0.3 0.015625 0.027777777777777776
76 0.7166666666666667 0.30416666666666664 0.023958333333333335 0.04351851851851852
37 0.7177083333333333 0.25833333333333336 0.034375 0.05555555555555555
65 0.8908854166666667 0.3087962962962963 0.028645833333333332 0.05092592592592592
186 0.22395833333333334 0.5537037037037037 0.04375 0.2388888888888889
74 0.2234375 0.3597222222222222 0.08020833333333334 0.14907407407407408
69 0.55 0.3 0.015625 0.027777777777777776
76 0.7166666666666667 0.30416666666666664 0.023958333333333335 0.04351851851851852
37 0.7177083333333333 0.25833333333333336 0.034375 0.05555555555555555
65 0.8908854166666667 0.3087962962962963 0.028645833333333332 0.05092592592592592
186 0.22395833333333334 0.5537037037037037 0.04375 0.2388888888888889
74 0.2234375 0.3597222222222222 0.08020833333333334 0.14907407407407408
69 0.55 0.3 0.015625 0.027777777777777776
76 0.7166666666666667 0.30416666666666664 0.023958333333333335 0.04351851851851852
37 0.7177083333333333 0.25833333333333336 0.034375 0.05555555555555555
65 0.8908854166666667 0.3087962962962963 0.028645833333333332 0.05092592592592592
186 0.22395833333333334 0.5537037037037037 0.04375 0.2388888888888889
74 0.2234375 0.3597222222222222 0.08020833333333334 0.14907407407407408
69 0.55 0.3 0.015625 0.027777777777777776
76 0.7166666666666667 0.30416666666666664 0.023958333333333335 0.04351851851851852
37 0.7177083333333333 0.25833333333333336 0.034375 0.05555555555555555
65 0.8908854166666667 0.3087962962962963 0.028645833333333332 0.05092592592592592
186 0.22395833333333334 0.5537037037037037 0.04375 0.2388888888888889
74 0.2234375 0.3597222222222222 0.08020833333333334 0.14907407407407408
69 0.55 0.3 0.015625 0.027777777777777776
76 0.7166666666666667 0.30416666666666664 0.023958333333333335 0.04351851851851852
37 0.7177083333333333 0.25833333333333336 0.034375 0.05555555555555555
65 0.8908854166666667 0.3087962962962963 0.028645833333333332 0.05092592592592592
