63 0.8403645833333333 0.22083333333333333 0.04114583333333333 0.08981481481481482
179 0.8416666666666667 0.28425925925925927 0.040625 0.03888888888888889
18 0.6072916666666667 0.32685185185185184 0.026041666666666668 0.04259259259259259
59 0.8359375 0.13055555555555556 0.040625 0.08703703703703704
63 0.8403645833333333 0.22083333333333333 0.04114583333333333 0.08981481481481482
179 0.8416666666666667 0.28425925925925927 0.040625 0.03888888888888889
18 0.6072916666666667 0.32685185185185184 0.026041666666666668 0.04259259259259259
59 0.8359375 0.13055555555555556 0.040625 0.08703703703703704
63 0.8403645833333333 0.22083333333333333 0.04114583333333333 0.08981481481481482
179 0.8416666666666667 0.28425925925925927 0.040625 0.03888888888888889
18 0.6072916666666667 0.32685185185185184 0.026041666666666668 0.04259259259259259
59 0.8359375 0.13055555555555556 0.040625 0.08703703703703704
63 0.8403645833333333 0.22083333333333333 0.04114583333333333 0.08981481481481482
179 0.8416666666666667 0.28425925925925927 0.040625 0.03888888888888889
18 0.6072916666666667 0.32685185185185184 0.026041666666666668 0.04259259259259259
59 0.8359375 0.13055555555555556 0.040625 0.08703703703703704
63 0.8403645833333333 0.22083333333333333 0.04114583333333333 0.08981481481481482
179 0.8416666666666667 0.28425925925925927 0.040625 0.03888888888888889
18 0.6072916666666667 0.32685185185185184 0.026041666666666668 0.04259259259259259
59 0.8359375 0.13055555555555556 0.040625 0.08703703703703704
63 0.8403645833333333 0.22083333333333333 0.04114583333333333 0.08981481481481482
179 0.8416666666666667 0.28425925925925927 0.040625 0.03888888888888889
18 0.6072916666666667 0.32685185185185184 0.026041666666666668 0.04259259259259259
59 0.8359375 0.13055555555555556 0.040625 0.08703703703703704
