63 0.7989583333333333 0.17037037037037037 0.06354166666666666 0.12407407407407407
179 0.7986979166666667 0.2587962962962963 0.06302083333333333 0.058333333333333334
63 0.7989583333333333 0.17037037037037037 0.06354166666666666 0.12407407407407407
179 0.7986979166666667 0.2587962962962963 0.06302083333333333 0.058333333333333334
63 0.7989583333333333 0.17037037037037037 0.06354166666666666 0.12407407407407407
179 0.7986979166666667 0.2587962962962963 0.06302083333333333 0.058333333333333334
63 0.7989583333333333 0.17037037037037037 0.06354166666666666 0.12407407407407407
179 0.7986979166666667 0.2587962962962963 0.06302083333333333 0.058333333333333334
63 0.7989583333333333 0.17037037037037037 0.06354166666666666 0.12407407407407407
179 0.7986979166666667 0.2587962962962963 0.06302083333333333 0.058333333333333334
63 0.7989583333333333 0.17037037037037037 0.06354166666666666 0.12407407407407407
179 0.7986979166666667 0.2587962962962963 0.06302083333333333 0.058333333333333334
