65 0.8484375 0.25601851851851853 0.04791666666666667 0.08981481481481482
145 0.75703125 0.28379629629629627 0.0234375 0.06018518518518518
65 0.8484375 0.25601851851851853 0.04791666666666667 0.08981481481481482
145 0.75703125 0.28379629629629627 0.0234375 0.06018518518518518
65 0.8484375 0.25601851851851853 0.04791666666666667 0.08981481481481482
145 0.75703125 0.28379629629629627 0.0234375 0.06018518518518518
65 0.8484375 0.25601851851851853 0.04791666666666667 0.08981481481481482
145 0.75703125 0.28379629629629627 0.0234375 0.06018518518518518
65 0.8484375 0.25601851851851853 0.04791666666666667 0.08981481481481482
145 0.75703125 0.28379629629629627 0.0234375 0.06018518518518518
65 0.8484375 0.25601851851851853 0.04791666666666667 0.08981481481481482
145 0.75703125 0.28379629629629627 0.0234375 0.06018518518518518
