14 0.7520833333333333 0.09953703703703703 0.10625 0.16574074074074074
98 0.7520833333333333 0.31527777777777777 0.07083333333333333 0.18425925925925926
14 0.7520833333333333 0.09953703703703703 0.10625 0.16574074074074074
98 0.7520833333333333 0.31527777777777777 0.07083333333333333 0.18425925925925926
14 0.7520833333333333 0.09953703703703703 0.10625 0.16574074074074074
98 0.7520833333333333 0.31527777777777777 0.07083333333333333 0.18425925925925926
14 0.7520833333333333 0.09953703703703703 0.10625 0.16574074074074074
98 0.7520833333333333 0.31527777777777777 0.07083333333333333 0.18425925925925926
14 0.7520833333333333 0.09953703703703703 0.10625 0.16574074074074074
98 0.7520833333333333 0.31527777777777777 0.07083333333333333 0.18425925925925926
14 0.7520833333333333 0.09953703703703703 0.10625 0.16574074074074074
98 0.7520833333333333 0.31527777777777777 0.07083333333333333 0.18425925925925926
