198 0.09947916666666666 0.2810185185185185 0.023958333333333335 0.03611111111111111
198 0.34479166666666666 0.2916666666666667 0.019791666666666666 0.027777777777777776
198 0.09947916666666666 0.2810185185185185 0.023958333333333335 0.03611111111111111
198 0.34479166666666666 0.2916666666666667 0.019791666666666666 0.027777777777777776
198 0.09947916666666666 0.2810185185185185 0.023958333333333335 0.03611111111111111
198 0.34479166666666666 0.2916666666666667 0.019791666666666666 0.027777777777777776
198 0.09947916666666666 0.2810185185185185 0.023958333333333335 0.03611111111111111
198 0.34479166666666666 0.2916666666666667 0.019791666666666666 0.027777777777777776
198 0.09947916666666666 0.2810185185185185 0.023958333333333335 0.03611111111111111
198 0.34479166666666666 0.2916666666666667 0.019791666666666666 0.027777777777777776
198 0.09947916666666666 0.2810185185185185 0.023958333333333335 0.03611111111111111
198 0.34479166666666666 0.2916666666666667 0.019791666666666666 0.027777777777777776
