198 0.7177083333333333 0.16435185185185186 0.10416666666666667 0.1712962962962963
44 0.9674479166666666 0.1912037037037037 0.06510416666666667 0.1361111111111111
198 0.7177083333333333 0.16435185185185186 0.10416666666666667 0.1712962962962963
44 0.9674479166666666 0.1912037037037037 0.06510416666666667 0.1361111111111111
198 0.7177083333333333 0.16435185185185186 0.10416666666666667 0.1712962962962963
44 0.9674479166666666 0.1912037037037037 0.06510416666666667 0.1361111111111111
198 0.7177083333333333 0.16435185185185186 0.10416666666666667 0.1712962962962963
44 0.9674479166666666 0.1912037037037037 0.06510416666666667 0.1361111111111111
198 0.7177083333333333 0.16435185185185186 0.10416666666666667 0.1712962962962963
44 0.9674479166666666 0.1912037037037037 0.06510416666666667 0.1361111111111111
198 0.7177083333333333 0.16435185185185186 0.10416666666666667 0.1712962962962963
44 0.9674479166666666 0.1912037037037037 0.06510416666666667 0.1361111111111111
