158 0.7270833333333333 0.4079861111111111 0.12361111111111112 0.09027777777777778
179 0.7319444444444444 0.3307291666666667 0.12222222222222222 0.078125
59 0.7388888888888889 0.21354166666666666 0.12777777777777777 0.16666666666666666
158 0.7270833333333333 0.4079861111111111 0.12361111111111112 0.09027777777777778
179 0.7319444444444444 0.3307291666666667 0.12222222222222222 0.078125
59 0.7388888888888889 0.21354166666666666 0.12777777777777777 0.16666666666666666
158 0.7270833333333333 0.4079861111111111 0.12361111111111112 0.09027777777777778
179 0.7319444444444444 0.3307291666666667 0.12222222222222222 0.078125
59 0.7388888888888889 0.21354166666666666 0.12777777777777777 0.16666666666666666
158 0.7270833333333333 0.4079861111111111 0.12361111111111112 0.09027777777777778
179 0.7319444444444444 0.3307291666666667 0.12222222222222222 0.078125
59 0.7388888888888889 0.21354166666666666 0.12777777777777777 0.16666666666666666
158 0.7270833333333333 0.4079861111111111 0.12361111111111112 0.09027777777777778
179 0.7319444444444444 0.3307291666666667 0.12222222222222222 0.078125
59 0.7388888888888889 0.21354166666666666 0.12777777777777777 0.16666666666666666
158 0.7270833333333333 0.4079861111111111 0.12361111111111112 0.09027777777777778
179 0.7319444444444444 0.3307291666666667 0.12222222222222222 0.078125
59 0.7388888888888889 0.21354166666666666 0.12777777777777777 0.16666666666666666
