74 0.23958333333333334 0.4041666666666667 0.109375 0.19537037037037036
186 0.24895833333333334 0.6532407407407408 0.06458333333333334 0.30833333333333335
37 0.8260416666666667 0.24259259259259258 0.03333333333333333 0.05185185185185185
74 0.5033854166666667 0.3212962962962963 0.019270833333333334 0.03333333333333333
74 0.23958333333333334 0.4041666666666667 0.109375 0.19537037037037036
186 0.24895833333333334 0.6532407407407408 0.06458333333333334 0.30833333333333335
37 0.8260416666666667 0.24259259259259258 0.03333333333333333 0.05185185185185185
74 0.5033854166666667 0.3212962962962963 0.019270833333333334 0.03333333333333333
74 0.23958333333333334 0.4041666666666667 0.109375 0.19537037037037036
186 0.24895833333333334 0.6532407407407408 0.06458333333333334 0.30833333333333335
37 0.8260416666666667 0.24259259259259258 0.03333333333333333 0.05185185185185185
74 0.5033854166666667 0.3212962962962963 0.019270833333333334 0.03333333333333333
74 0.23958333333333334 0.4041666666666667 0.109375 0.19537037037037036
186 0.24895833333333334 0.6532407407407408 0.06458333333333334 0.30833333333333335
37 0.8260416666666667 0.24259259259259258 0.03333333333333333 0.05185185185185185
74 0.5033854166666667 0.3212962962962963 0.019270833333333334 0.03333333333333333
74 0.23958333333333334 0.4041666666666667 0.109375 0.19537037037037036
186 0.24895833333333334 0.6532407407407408 0.06458333333333334 0.30833333333333335
37 0.8260416666666667 0.24259259259259258 0.03333333333333333 0.05185185185185185
74 0.5033854166666667 0.3212962962962963 0.019270833333333334 0.03333333333333333
74 0.23958333333333334 0.4041666666666667 0.109375 0.19537037037037036
186 0.24895833333333334 0.6532407407407408 0.06458333333333334 0.30833333333333335
37 0.8260416666666667 0.24259259259259258 0.03333333333333333 0.05185185185185185
74 0.5033854166666667 0.3212962962962963 0.019270833333333334 0.03333333333333333
