128 0.815625 0.16620370370370371 0.052083333333333336 0.13796296296296295
155 0.81484375 0.25462962962962965 0.0515625 0.040740740740740744
128 0.815625 0.16620370370370371 0.052083333333333336 0.13796296296296295
155 0.81484375 0.25462962962962965 0.0515625 0.040740740740740744
128 0.815625 0.16620370370370371 0.052083333333333336 0.13796296296296295
155 0.81484375 0.25462962962962965 0.0515625 0.040740740740740744
128 0.815625 0.16620370370370371 0.052083333333333336 0.13796296296296295
155 0.81484375 0.25462962962962965 0.0515625 0.040740740740740744
128 0.815625 0.16620370370370371 0.052083333333333336 0.13796296296296295
155 0.81484375 0.25462962962962965 0.0515625 0.040740740740740744
