13 0.6927083333333334 0.3194444444444444 0.13541666666666666 0.22407407407407406
173 0.6932291666666667 0.46111111111111114 0.0875 0.07037037037037037
13 0.6927083333333334 0.3194444444444444 0.13541666666666666 0.22407407407407406
173 0.6932291666666667 0.46111111111111114 0.0875 0.07037037037037037
13 0.6927083333333334 0.3194444444444444 0.13541666666666666 0.22407407407407406
173 0.6932291666666667 0.46111111111111114 0.0875 0.07037037037037037
13 0.6927083333333334 0.3194444444444444 0.13541666666666666 0.22407407407407406
173 0.6932291666666667 0.46111111111111114 0.0875 0.07037037037037037
13 0.6927083333333334 0.3194444444444444 0.13541666666666666 0.22407407407407406
173 0.6932291666666667 0.46111111111111114 0.0875 0.07037037037037037
