65 0.85390625 0.23564814814814813 0.03697916666666667 0.08055555555555556
8 0.5661458333333333 0.26435185185185184 0.01875 0.032407407407407406
179 0.8518229166666667 0.2953703703703704 0.0390625 0.03518518518518519
65 0.85390625 0.23564814814814813 0.03697916666666667 0.08055555555555556
8 0.5661458333333333 0.26435185185185184 0.01875 0.032407407407407406
179 0.8518229166666667 0.2953703703703704 0.0390625 0.03518518518518519
65 0.85390625 0.23564814814814813 0.03697916666666667 0.08055555555555556
8 0.5661458333333333 0.26435185185185184 0.01875 0.032407407407407406
179 0.8518229166666667 0.2953703703703704 0.0390625 0.03518518518518519
65 0.85390625 0.23564814814814813 0.03697916666666667 0.08055555555555556
8 0.5661458333333333 0.26435185185185184 0.01875 0.032407407407407406
179 0.8518229166666667 0.2953703703703704 0.0390625 0.03518518518518519
65 0.85390625 0.23564814814814813 0.03697916666666667 0.08055555555555556
8 0.5661458333333333 0.26435185185185184 0.01875 0.032407407407407406
179 0.8518229166666667 0.2953703703703704 0.0390625 0.03518518518518519
