172 0.70703125 0.23055555555555557 0.0609375 0.11296296296296296
136 0.7091145833333333 0.12638888888888888 0.059895833333333336 0.11203703703703703
172 0.70703125 0.23055555555555557 0.0609375 0.11296296296296296
136 0.7091145833333333 0.12638888888888888 0.059895833333333336 0.11203703703703703
172 0.70703125 0.23055555555555557 0.0609375 0.11296296296296296
136 0.7091145833333333 0.12638888888888888 0.059895833333333336 0.11203703703703703
172 0.70703125 0.23055555555555557 0.0609375 0.11296296296296296
136 0.7091145833333333 0.12638888888888888 0.059895833333333336 0.11203703703703703
172 0.70703125 0.23055555555555557 0.0609375 0.11296296296296296
136 0.7091145833333333 0.12638888888888888 0.059895833333333336 0.11203703703703703
172 0.70703125 0.23055555555555557 0.0609375 0.11296296296296296
136 0.7091145833333333 0.12638888888888888 0.059895833333333336 0.11203703703703703
