198 0.10859375 0.2675925925925926 0.05677083333333333 0.1
198 0.9408854166666667 0.20879629629629629 0.0796875 0.1361111111111111
198 0.10859375 0.2675925925925926 0.05677083333333333 0.1
198 0.9408854166666667 0.20879629629629629 0.0796875 0.1361111111111111
198 0.10859375 0.2675925925925926 0.05677083333333333 0.1
198 0.9408854166666667 0.20879629629629629 0.0796875 0.1361111111111111
198 0.10859375 0.2675925925925926 0.05677083333333333 0.1
198 0.9408854166666667 0.20879629629629629 0.0796875 0.1361111111111111
198 0.10859375 0.2675925925925926 0.05677083333333333 0.1
198 0.9408854166666667 0.20879629629629629 0.0796875 0.1361111111111111
198 0.10859375 0.2675925925925926 0.05677083333333333 0.1
198 0.9408854166666667 0.20879629629629629 0.0796875 0.1361111111111111
