49 0.815625 0.37083333333333335 0.08854166666666667 0.1638888888888889
55 0.81484375 0.20555555555555555 0.08802083333333334 0.16296296296296298
152 0.54609375 0.3074074074074074 0.043229166666666666 0.027777777777777776
151 0.5447916666666667 0.27361111111111114 0.042708333333333334 0.041666666666666664
49 0.815625 0.37083333333333335 0.08854166666666667 0.1638888888888889
55 0.81484375 0.20555555555555555 0.08802083333333334 0.16296296296296298
152 0.54609375 0.3074074074074074 0.043229166666666666 0.027777777777777776
151 0.5447916666666667 0.27361111111111114 0.042708333333333334 0.041666666666666664
49 0.815625 0.37083333333333335 0.08854166666666667 0.1638888888888889
55 0.81484375 0.20555555555555555 0.08802083333333334 0.16296296296296298
152 0.54609375 0.3074074074074074 0.043229166666666666 0.027777777777777776
151 0.5447916666666667 0.27361111111111114 0.042708333333333334 0.041666666666666664
49 0.815625 0.37083333333333335 0.08854166666666667 0.1638888888888889
55 0.81484375 0.20555555555555555 0.08802083333333334 0.16296296296296298
152 0.54609375 0.3074074074074074 0.043229166666666666 0.027777777777777776
151 0.5447916666666667 0.27361111111111114 0.042708333333333334 0.041666666666666664
49 0.815625 0.37083333333333335 0.08854166666666667 0.1638888888888889
55 0.81484375 0.20555555555555555 0.08802083333333334 0.16296296296296298
152 0.54609375 0.3074074074074074 0.043229166666666666 0.027777777777777776
151 0.5447916666666667 0.27361111111111114 0.042708333333333334 0.041666666666666664
49 0.815625 0.37083333333333335 0.08854166666666667 0.1638888888888889
55 0.81484375 0.20555555555555555 0.08802083333333334 0.16296296296296298
152 0.54609375 0.3074074074074074 0.043229166666666666 0.027777777777777776
151 0.5447916666666667 0.27361111111111114 0.042708333333333334 0.041666666666666664
