150 0.8565104166666667 0.25046296296296294 0.17239583333333333 0.22685185185185186
119 0.5677083333333334 0.2962962962962963 0.030208333333333334 0.05185185185185185
150 0.8565104166666667 0.25046296296296294 0.17239583333333333 0.22685185185185186
119 0.5677083333333334 0.2962962962962963 0.030208333333333334 0.05185185185185185
150 0.8565104166666667 0.25046296296296294 0.17239583333333333 0.22685185185185186
119 0.5677083333333334 0.2962962962962963 0.030208333333333334 0.05185185185185185
150 0.8565104166666667 0.25046296296296294 0.17239583333333333 0.22685185185185186
119 0.5677083333333334 0.2962962962962963 0.030208333333333334 0.05185185185185185
150 0.8565104166666667 0.25046296296296294 0.17239583333333333 0.22685185185185186
119 0.5677083333333334 0.2962962962962963 0.030208333333333334 0.05185185185185185
150 0.8565104166666667 0.25046296296296294 0.17239583333333333 0.22685185185185186
119 0.5677083333333334 0.2962962962962963 0.030208333333333334 0.05185185185185185
