79 0.8145833333333333 0.18009259259259258 0.07395833333333333 0.1361111111111111
53 0.8013020833333333 0.37777777777777777 0.07239583333333334 0.1388888888888889
179 0.8080729166666667 0.2777777777777778 0.0765625 0.07592592592592592
79 0.8145833333333333 0.18009259259259258 0.07395833333333333 0.1361111111111111
53 0.8013020833333333 0.37777777777777777 0.07239583333333334 0.1388888888888889
179 0.8080729166666667 0.2777777777777778 0.0765625 0.07592592592592592
79 0.8145833333333333 0.18009259259259258 0.07395833333333333 0.1361111111111111
53 0.8013020833333333 0.37777777777777777 0.07239583333333334 0.1388888888888889
179 0.8080729166666667 0.2777777777777778 0.0765625 0.07592592592592592
79 0.8145833333333333 0.18009259259259258 0.07395833333333333 0.1361111111111111
53 0.8013020833333333 0.37777777777777777 0.07239583333333334 0.1388888888888889
179 0.8080729166666667 0.2777777777777778 0.0765625 0.07592592592592592
79 0.8145833333333333 0.18009259259259258 0.07395833333333333 0.1361111111111111
53 0.8013020833333333 0.37777777777777777 0.07239583333333334 0.1388888888888889
179 0.8080729166666667 0.2777777777777778 0.0765625 0.07592592592592592
79 0.8145833333333333 0.18009259259259258 0.07395833333333333 0.1361111111111111
53 0.8013020833333333 0.37777777777777777 0.07239583333333334 0.1388888888888889
179 0.8080729166666667 0.2777777777777778 0.0765625 0.07592592592592592
