123 0.65546875 0.30092592592592593 0.0265625 0.06666666666666667
119 0.62421875 0.1814814814814815 0.030729166666666665 0.05555555555555555
162 0.6244791666666667 0.2263888888888889 0.021875 0.03796296296296296
123 0.65546875 0.30092592592592593 0.0265625 0.06666666666666667
119 0.62421875 0.1814814814814815 0.030729166666666665 0.05555555555555555
162 0.6244791666666667 0.2263888888888889 0.021875 0.03796296296296296
123 0.65546875 0.30092592592592593 0.0265625 0.06666666666666667
119 0.62421875 0.1814814814814815 0.030729166666666665 0.05555555555555555
162 0.6244791666666667 0.2263888888888889 0.021875 0.03796296296296296
123 0.65546875 0.30092592592592593 0.0265625 0.06666666666666667
119 0.62421875 0.1814814814814815 0.030729166666666665 0.05555555555555555
162 0.6244791666666667 0.2263888888888889 0.021875 0.03796296296296296
123 0.65546875 0.30092592592592593 0.0265625 0.06666666666666667
119 0.62421875 0.1814814814814815 0.030729166666666665 0.05555555555555555
162 0.6244791666666667 0.2263888888888889 0.021875 0.03796296296296296
123 0.65546875 0.30092592592592593 0.0265625 0.06666666666666667
119 0.62421875 0.1814814814814815 0.030729166666666665 0.05555555555555555
162 0.6244791666666667 0.2263888888888889 0.021875 0.03796296296296296
