158 0.8158854166666667 0.46944444444444444 0.06302083333333333 0.05925925925925926
59 0.8145833333333333 0.36712962962962964 0.0625 0.11574074074074074
158 0.8158854166666667 0.46944444444444444 0.06302083333333333 0.05925925925925926
59 0.8145833333333333 0.36712962962962964 0.0625 0.11574074074074074
158 0.8158854166666667 0.46944444444444444 0.06302083333333333 0.05925925925925926
59 0.8145833333333333 0.36712962962962964 0.0625 0.11574074074074074
158 0.8158854166666667 0.46944444444444444 0.06302083333333333 0.05925925925925926
59 0.8145833333333333 0.36712962962962964 0.0625 0.11574074074074074
158 0.8158854166666667 0.46944444444444444 0.06302083333333333 0.05925925925925926
59 0.8145833333333333 0.36712962962962964 0.0625 0.11574074074074074
158 0.8158854166666667 0.46944444444444444 0.06302083333333333 0.05925925925925926
59 0.8145833333333333 0.36712962962962964 0.0625 0.11574074074074074
