180 0.7020833333333333 0.44537037037037036 0.0875 0.08518518518518518
48 0.7098958333333333 0.3199074074074074 0.08854166666666667 0.16574074074074074
43 0.7182291666666667 0.15555555555555556 0.0875 0.17037037037037037
180 0.7020833333333333 0.44537037037037036 0.0875 0.08518518518518518
48 0.7098958333333333 0.3199074074074074 0.08854166666666667 0.16574074074074074
43 0.7182291666666667 0.15555555555555556 0.0875 0.17037037037037037
180 0.7020833333333333 0.44537037037037036 0.0875 0.08518518518518518
48 0.7098958333333333 0.3199074074074074 0.08854166666666667 0.16574074074074074
43 0.7182291666666667 0.15555555555555556 0.0875 0.17037037037037037
180 0.7020833333333333 0.44537037037037036 0.0875 0.08518518518518518
48 0.7098958333333333 0.3199074074074074 0.08854166666666667 0.16574074074074074
43 0.7182291666666667 0.15555555555555556 0.0875 0.17037037037037037
180 0.7020833333333333 0.44537037037037036 0.0875 0.08518518518518518
48 0.7098958333333333 0.3199074074074074 0.08854166666666667 0.16574074074074074
43 0.7182291666666667 0.15555555555555556 0.0875 0.17037037037037037
180 0.7020833333333333 0.44537037037037036 0.0875 0.08518518518518518
48 0.7098958333333333 0.3199074074074074 0.08854166666666667 0.16574074074074074
43 0.7182291666666667 0.15555555555555556 0.0875 0.17037037037037037
