69 0.8135416666666667 0.39861111111111114 0.065625 0.12129629629629629
37 0.81953125 0.2625 0.09635416666666667 0.16203703703703703
69 0.8135416666666667 0.39861111111111114 0.065625 0.12129629629629629
37 0.81953125 0.2625 0.09635416666666667 0.16203703703703703
69 0.8135416666666667 0.39861111111111114 0.065625 0.12129629629629629
37 0.81953125 0.2625 0.09635416666666667 0.16203703703703703
69 0.8135416666666667 0.39861111111111114 0.065625 0.12129629629629629
37 0.81953125 0.2625 0.09635416666666667 0.16203703703703703
69 0.8135416666666667 0.39861111111111114 0.065625 0.12129629629629629
37 0.81953125 0.2625 0.09635416666666667 0.16203703703703703
69 0.8135416666666667 0.39861111111111114 0.065625 0.12129629629629629
37 0.81953125 0.2625 0.09635416666666667 0.16203703703703703
