46 0.7604166666666666 0.325 0.09479166666666666 0.18703703703703703
179 0.7541666666666667 0.45694444444444443 0.096875 0.08425925925925926
46 0.7604166666666666 0.325 0.09479166666666666 0.18703703703703703
179 0.7541666666666667 0.45694444444444443 0.096875 0.08425925925925926
46 0.7604166666666666 0.325 0.09479166666666666 0.18703703703703703
179 0.7541666666666667 0.45694444444444443 0.096875 0.08425925925925926
46 0.7604166666666666 0.325 0.09479166666666666 0.18703703703703703
179 0.7541666666666667 0.45694444444444443 0.096875 0.08425925925925926
46 0.7604166666666666 0.325 0.09479166666666666 0.18703703703703703
179 0.7541666666666667 0.45694444444444443 0.096875 0.08425925925925926
46 0.7604166666666666 0.325 0.09479166666666666 0.18703703703703703
179 0.7541666666666667 0.45694444444444443 0.096875 0.08425925925925926
