108 0.7296875 0.12824074074074074 0.06354166666666666 0.11388888888888889
59 0.7309895833333333 0.2439814814814815 0.0609375 0.11388888888888889
108 0.7296875 0.12824074074074074 0.06354166666666666 0.11388888888888889
59 0.7309895833333333 0.2439814814814815 0.0609375 0.11388888888888889
108 0.7296875 0.12824074074074074 0.06354166666666666 0.11388888888888889
59 0.7309895833333333 0.2439814814814815 0.0609375 0.11388888888888889
108 0.7296875 0.12824074074074074 0.06354166666666666 0.11388888888888889
59 0.7309895833333333 0.2439814814814815 0.0609375 0.11388888888888889
108 0.7296875 0.12824074074074074 0.06354166666666666 0.11388888888888889
59 0.7309895833333333 0.2439814814814815 0.0609375 0.11388888888888889
108 0.7296875 0.12824074074074074 0.06354166666666666 0.11388888888888889
59 0.7309895833333333 0.2439814814814815 0.0609375 0.11388888888888889
