180 0.8247395833333333 0.24814814814814815 0.0859375 0.08333333333333333
148 0.2830729166666667 0.34675925925925927 0.0421875 0.049074074074074076
83 0.26901041666666664 0.399537037037037 0.019270833333333334 0.032407407407407406
48 0.8221354166666667 0.12777777777777777 0.08072916666666667 0.15555555555555556
180 0.8247395833333333 0.24814814814814815 0.0859375 0.08333333333333333
148 0.2830729166666667 0.34675925925925927 0.0421875 0.049074074074074076
83 0.26901041666666664 0.399537037037037 0.019270833333333334 0.032407407407407406
48 0.8221354166666667 0.12777777777777777 0.08072916666666667 0.15555555555555556
180 0.8247395833333333 0.24814814814814815 0.0859375 0.08333333333333333
148 0.2830729166666667 0.34675925925925927 0.0421875 0.049074074074074076
83 0.26901041666666664 0.399537037037037 0.019270833333333334 0.032407407407407406
48 0.8221354166666667 0.12777777777777777 0.08072916666666667 0.15555555555555556
180 0.8247395833333333 0.24814814814814815 0.0859375 0.08333333333333333
148 0.2830729166666667 0.34675925925925927 0.0421875 0.049074074074074076
83 0.26901041666666664 0.399537037037037 0.019270833333333334 0.032407407407407406
48 0.8221354166666667 0.12777777777777777 0.08072916666666667 0.15555555555555556
180 0.8247395833333333 0.24814814814814815 0.0859375 0.08333333333333333
148 0.2830729166666667 0.34675925925925927 0.0421875 0.049074074074074076
83 0.26901041666666664 0.399537037037037 0.019270833333333334 0.032407407407407406
48 0.8221354166666667 0.12777777777777777 0.08072916666666667 0.15555555555555556
180 0.8247395833333333 0.24814814814814815 0.0859375 0.08333333333333333
148 0.2830729166666667 0.34675925925925927 0.0421875 0.049074074074074076
83 0.26901041666666664 0.399537037037037 0.019270833333333334 0.032407407407407406
48 0.8221354166666667 0.12777777777777777 0.08072916666666667 0.15555555555555556
