138 0.9598958333333333 0.3490740740740741 0.05416666666666667 0.05
83 0.8072916666666666 0.3861111111111111 0.016666666666666666 0.027777777777777776
148 0.365625 0.35648148148148145 0.040625 0.03148148148148148
148 0.36484375 0.3277777777777778 0.04010416666666667 0.02962962962962963
138 0.9598958333333333 0.3490740740740741 0.05416666666666667 0.05
83 0.8072916666666666 0.3861111111111111 0.016666666666666666 0.027777777777777776
148 0.365625 0.35648148148148145 0.040625 0.03148148148148148
148 0.36484375 0.3277777777777778 0.04010416666666667 0.02962962962962963
138 0.9598958333333333 0.3490740740740741 0.05416666666666667 0.05
83 0.8072916666666666 0.3861111111111111 0.016666666666666666 0.027777777777777776
148 0.365625 0.35648148148148145 0.040625 0.03148148148148148
148 0.36484375 0.3277777777777778 0.04010416666666667 0.02962962962962963
138 0.9598958333333333 0.3490740740740741 0.05416666666666667 0.05
83 0.8072916666666666 0.3861111111111111 0.016666666666666666 0.027777777777777776
148 0.365625 0.35648148148148145 0.040625 0.03148148148148148
148 0.36484375 0.3277777777777778 0.04010416666666667 0.02962962962962963
138 0.9598958333333333 0.3490740740740741 0.05416666666666667 0.05
83 0.8072916666666666 0.3861111111111111 0.016666666666666666 0.027777777777777776
148 0.365625 0.35648148148148145 0.040625 0.03148148148148148
148 0.36484375 0.3277777777777778 0.04010416666666667 0.02962962962962963
138 0.9598958333333333 0.3490740740740741 0.05416666666666667 0.05
83 0.8072916666666666 0.3861111111111111 0.016666666666666666 0.027777777777777776
148 0.365625 0.35648148148148145 0.040625 0.03148148148148148
148 0.36484375 0.3277777777777778 0.04010416666666667 0.02962962962962963
