108 0.8065104166666667 0.2759259259259259 0.059895833333333336 0.11481481481481481
179 0.6377604166666667 0.2814814814814815 0.0234375 0.03333333333333333
116 0.6385416666666667 0.24305555555555555 0.023958333333333335 0.04351851851851852
108 0.8065104166666667 0.2759259259259259 0.059895833333333336 0.11481481481481481
179 0.6377604166666667 0.2814814814814815 0.0234375 0.03333333333333333
116 0.6385416666666667 0.24305555555555555 0.023958333333333335 0.04351851851851852
108 0.8065104166666667 0.2759259259259259 0.059895833333333336 0.11481481481481481
179 0.6377604166666667 0.2814814814814815 0.0234375 0.03333333333333333
116 0.6385416666666667 0.24305555555555555 0.023958333333333335 0.04351851851851852
108 0.8065104166666667 0.2759259259259259 0.059895833333333336 0.11481481481481481
179 0.6377604166666667 0.2814814814814815 0.0234375 0.03333333333333333
116 0.6385416666666667 0.24305555555555555 0.023958333333333335 0.04351851851851852
108 0.8065104166666667 0.2759259259259259 0.059895833333333336 0.11481481481481481
179 0.6377604166666667 0.2814814814814815 0.0234375 0.03333333333333333
116 0.6385416666666667 0.24305555555555555 0.023958333333333335 0.04351851851851852
108 0.8065104166666667 0.2759259259259259 0.059895833333333336 0.11481481481481481
179 0.6377604166666667 0.2814814814814815 0.0234375 0.03333333333333333
116 0.6385416666666667 0.24305555555555555 0.023958333333333335 0.04351851851851852
