10 0.8091145833333333 0.3226851851851852 0.1046875 0.1712962962962963
173 0.8088541666666667 0.43194444444444446 0.06979166666666667 0.05277777777777778
10 0.8091145833333333 0.3226851851851852 0.1046875 0.1712962962962963
173 0.8088541666666667 0.43194444444444446 0.06979166666666667 0.05277777777777778
10 0.8091145833333333 0.3226851851851852 0.1046875 0.1712962962962963
173 0.8088541666666667 0.43194444444444446 0.06979166666666667 0.05277777777777778
10 0.8091145833333333 0.3226851851851852 0.1046875 0.1712962962962963
173 0.8088541666666667 0.43194444444444446 0.06979166666666667 0.05277777777777778
10 0.8091145833333333 0.3226851851851852 0.1046875 0.1712962962962963
173 0.8088541666666667 0.43194444444444446 0.06979166666666667 0.05277777777777778
10 0.8091145833333333 0.3226851851851852 0.1046875 0.1712962962962963
173 0.8088541666666667 0.43194444444444446 0.06979166666666667 0.05277777777777778
