63 0.81953125 0.26342592592592595 0.05677083333333333 0.10833333333333334
179 0.8177083333333334 0.3421296296296296 0.05416666666666667 0.04722222222222222
59 0.8174479166666667 0.15416666666666667 0.05364583333333333 0.11018518518518519
143 0.6091145833333333 0.29814814814814816 0.0390625 0.04259259259259259
63 0.81953125 0.26342592592592595 0.05677083333333333 0.10833333333333334
179 0.8177083333333334 0.3421296296296296 0.05416666666666667 0.04722222222222222
59 0.8174479166666667 0.15416666666666667 0.05364583333333333 0.11018518518518519
143 0.6091145833333333 0.29814814814814816 0.0390625 0.04259259259259259
63 0.81953125 0.26342592592592595 0.05677083333333333 0.10833333333333334
179 0.8177083333333334 0.3421296296296296 0.05416666666666667 0.04722222222222222
59 0.8174479166666667 0.15416666666666667 0.05364583333333333 0.11018518518518519
143 0.6091145833333333 0.29814814814814816 0.0390625 0.04259259259259259
63 0.81953125 0.26342592592592595 0.05677083333333333 0.10833333333333334
179 0.8177083333333334 0.3421296296296296 0.05416666666666667 0.04722222222222222
59 0.8174479166666667 0.15416666666666667 0.05364583333333333 0.11018518518518519
143 0.6091145833333333 0.29814814814814816 0.0390625 0.04259259259259259
63 0.81953125 0.26342592592592595 0.05677083333333333 0.10833333333333334
179 0.8177083333333334 0.3421296296296296 0.05416666666666667 0.04722222222222222
59 0.8174479166666667 0.15416666666666667 0.05364583333333333 0.11018518518518519
143 0.6091145833333333 0.29814814814814816 0.0390625 0.04259259259259259
63 0.81953125 0.26342592592592595 0.05677083333333333 0.10833333333333334
179 0.8177083333333334 0.3421296296296296 0.05416666666666667 0.04722222222222222
59 0.8174479166666667 0.15416666666666667 0.05364583333333333 0.11018518518518519
143 0.6091145833333333 0.29814814814814816 0.0390625 0.04259259259259259
