78 0.775 0.36342592592592593 0.07708333333333334 0.15462962962962962
179 0.7669270833333334 0.475 0.08177083333333333 0.08888888888888889
78 0.775 0.36342592592592593 0.07708333333333334 0.15462962962962962
179 0.7669270833333334 0.475 0.08177083333333333 0.08888888888888889
78 0.775 0.36342592592592593 0.07708333333333334 0.15462962962962962
179 0.7669270833333334 0.475 0.08177083333333333 0.08888888888888889
78 0.775 0.36342592592592593 0.07708333333333334 0.15462962962962962
179 0.7669270833333334 0.475 0.08177083333333333 0.08888888888888889
78 0.775 0.36342592592592593 0.07708333333333334 0.15462962962962962
179 0.7669270833333334 0.475 0.08177083333333333 0.08888888888888889
78 0.775 0.36342592592592593 0.07708333333333334 0.15462962962962962
179 0.7669270833333334 0.475 0.08177083333333333 0.08888888888888889
