120 0.7841145833333333 0.20879629629629629 0.0640625 0.11944444444444445
37 0.6026041666666667 0.1736111111111111 0.041666666666666664 0.06388888888888888
120 0.7841145833333333 0.20879629629629629 0.0640625 0.11944444444444445
37 0.6026041666666667 0.1736111111111111 0.041666666666666664 0.06388888888888888
120 0.7841145833333333 0.20879629629629629 0.0640625 0.11944444444444445
37 0.6026041666666667 0.1736111111111111 0.041666666666666664 0.06388888888888888
120 0.7841145833333333 0.20879629629629629 0.0640625 0.11944444444444445
37 0.6026041666666667 0.1736111111111111 0.041666666666666664 0.06388888888888888
120 0.7841145833333333 0.20879629629629629 0.0640625 0.11944444444444445
37 0.6026041666666667 0.1736111111111111 0.041666666666666664 0.06388888888888888
