145 0.8028645833333333 0.17546296296296296 0.06302083333333333 0.1824074074074074
67 0.5716145833333334 0.27546296296296297 0.0234375 0.04351851851851852
145 0.8028645833333333 0.17546296296296296 0.06302083333333333 0.1824074074074074
67 0.5716145833333334 0.27546296296296297 0.0234375 0.04351851851851852
145 0.8028645833333333 0.17546296296296296 0.06302083333333333 0.1824074074074074
67 0.5716145833333334 0.27546296296296297 0.0234375 0.04351851851851852
145 0.8028645833333333 0.17546296296296296 0.06302083333333333 0.1824074074074074
67 0.5716145833333334 0.27546296296296297 0.0234375 0.04351851851851852
145 0.8028645833333333 0.17546296296296296 0.06302083333333333 0.1824074074074074
67 0.5716145833333334 0.27546296296296297 0.0234375 0.04351851851851852
145 0.8028645833333333 0.17546296296296296 0.06302083333333333 0.1824074074074074
67 0.5716145833333334 0.27546296296296297 0.0234375 0.04351851851851852
