58 0.7606770833333333 0.18888888888888888 0.0765625 0.13518518518518519
117 0.76015625 0.32592592592592595 0.0796875 0.1388888888888889
58 0.7606770833333333 0.18888888888888888 0.0765625 0.13518518518518519
117 0.76015625 0.32592592592592595 0.0796875 0.1388888888888889
58 0.7606770833333333 0.18888888888888888 0.0765625 0.13518518518518519
117 0.76015625 0.32592592592592595 0.0796875 0.1388888888888889
58 0.7606770833333333 0.18888888888888888 0.0765625 0.13518518518518519
117 0.76015625 0.32592592592592595 0.0796875 0.1388888888888889
58 0.7606770833333333 0.18888888888888888 0.0765625 0.13518518518518519
117 0.76015625 0.32592592592592595 0.0796875 0.1388888888888889
58 0.7606770833333333 0.18888888888888888 0.0765625 0.13518518518518519
117 0.76015625 0.32592592592592595 0.0796875 0.1388888888888889
