186 0.19791666666666666 0.5791666666666667 0.046875 0.21574074074074073
74 0.19088541666666667 0.4046296296296296 0.07239583333333334 0.13703703703703704
113 0.6411458333333333 0.2865740740740741 0.016666666666666666 0.030555555555555555
186 0.19791666666666666 0.5791666666666667 0.046875 0.21574074074074073
74 0.19088541666666667 0.4046296296296296 0.07239583333333334 0.13703703703703704
113 0.6411458333333333 0.2865740740740741 0.016666666666666666 0.030555555555555555
186 0.19791666666666666 0.5791666666666667 0.046875 0.21574074074074073
74 0.19088541666666667 0.4046296296296296 0.07239583333333334 0.13703703703703704
113 0.6411458333333333 0.2865740740740741 0.016666666666666666 0.030555555555555555
186 0.19791666666666666 0.5791666666666667 0.046875 0.21574074074074073
74 0.19088541666666667 0.4046296296296296 0.07239583333333334 0.13703703703703704
113 0.6411458333333333 0.2865740740740741 0.016666666666666666 0.030555555555555555
186 0.19791666666666666 0.5791666666666667 0.046875 0.21574074074074073
74 0.19088541666666667 0.4046296296296296 0.07239583333333334 0.13703703703703704
113 0.6411458333333333 0.2865740740740741 0.016666666666666666 0.030555555555555555
186 0.19791666666666666 0.5791666666666667 0.046875 0.21574074074074073
74 0.19088541666666667 0.4046296296296296 0.07239583333333334 0.13703703703703704
113 0.6411458333333333 0.2865740740740741 0.016666666666666666 0.030555555555555555
