65 0.79375 0.32407407407407407 0.07916666666666666 0.14444444444444443
179 0.7916666666666666 0.42962962962962964 0.08020833333333334 0.06666666666666667
134 0.46901041666666665 0.32731481481481484 0.021354166666666667 0.062037037037037036
65 0.79375 0.32407407407407407 0.07916666666666666 0.14444444444444443
179 0.7916666666666666 0.42962962962962964 0.08020833333333334 0.06666666666666667
134 0.46901041666666665 0.32731481481481484 0.021354166666666667 0.062037037037037036
65 0.79375 0.32407407407407407 0.07916666666666666 0.14444444444444443
179 0.7916666666666666 0.42962962962962964 0.08020833333333334 0.06666666666666667
134 0.46901041666666665 0.32731481481481484 0.021354166666666667 0.062037037037037036
65 0.79375 0.32407407407407407 0.07916666666666666 0.14444444444444443
179 0.7916666666666666 0.42962962962962964 0.08020833333333334 0.06666666666666667
134 0.46901041666666665 0.32731481481481484 0.021354166666666667 0.062037037037037036
65 0.79375 0.32407407407407407 0.07916666666666666 0.14444444444444443
179 0.7916666666666666 0.42962962962962964 0.08020833333333334 0.06666666666666667
134 0.46901041666666665 0.32731481481481484 0.021354166666666667 0.062037037037037036
65 0.79375 0.32407407407407407 0.07916666666666666 0.14444444444444443
179 0.7916666666666666 0.42962962962962964 0.08020833333333334 0.06666666666666667
134 0.46901041666666665 0.32731481481481484 0.021354166666666667 0.062037037037037036
