52 0.7447916666666666 0.075 0.05416666666666667 0.1037037037037037
179 0.74453125 0.27824074074074073 0.05677083333333333 0.04537037037037037
2 0.7442708333333333 0.1884259259259259 0.08645833333333333 0.1398148148148148
52 0.7447916666666666 0.075 0.05416666666666667 0.1037037037037037
179 0.74453125 0.27824074074074073 0.05677083333333333 0.04537037037037037
2 0.7442708333333333 0.1884259259259259 0.08645833333333333 0.1398148148148148
52 0.7447916666666666 0.075 0.05416666666666667 0.1037037037037037
179 0.74453125 0.27824074074074073 0.05677083333333333 0.04537037037037037
2 0.7442708333333333 0.1884259259259259 0.08645833333333333 0.1398148148148148
52 0.7447916666666666 0.075 0.05416666666666667 0.1037037037037037
179 0.74453125 0.27824074074074073 0.05677083333333333 0.04537037037037037
2 0.7442708333333333 0.1884259259259259 0.08645833333333333 0.1398148148148148
52 0.7447916666666666 0.075 0.05416666666666667 0.1037037037037037
179 0.74453125 0.27824074074074073 0.05677083333333333 0.04537037037037037
2 0.7442708333333333 0.1884259259259259 0.08645833333333333 0.1398148148148148
