78 0.8296875 0.30462962962962964 0.057291666666666664 0.10555555555555556
50 0.57734375 0.32546296296296295 0.028645833333333332 0.049074074074074076
179 0.8252604166666667 0.38055555555555554 0.05572916666666667 0.05555555555555555
78 0.8296875 0.30462962962962964 0.057291666666666664 0.10555555555555556
50 0.57734375 0.32546296296296295 0.028645833333333332 0.049074074074074076
179 0.8252604166666667 0.38055555555555554 0.05572916666666667 0.05555555555555555
78 0.8296875 0.30462962962962964 0.057291666666666664 0.10555555555555556
50 0.57734375 0.32546296296296295 0.028645833333333332 0.049074074074074076
179 0.8252604166666667 0.38055555555555554 0.05572916666666667 0.05555555555555555
78 0.8296875 0.30462962962962964 0.057291666666666664 0.10555555555555556
50 0.57734375 0.32546296296296295 0.028645833333333332 0.049074074074074076
179 0.8252604166666667 0.38055555555555554 0.05572916666666667 0.05555555555555555
78 0.8296875 0.30462962962962964 0.057291666666666664 0.10555555555555556
50 0.57734375 0.32546296296296295 0.028645833333333332 0.049074074074074076
179 0.8252604166666667 0.38055555555555554 0.05572916666666667 0.05555555555555555
78 0.8296875 0.30462962962962964 0.057291666666666664 0.10555555555555556
50 0.57734375 0.32546296296296295 0.028645833333333332 0.049074074074074076
179 0.8252604166666667 0.38055555555555554 0.05572916666666667 0.05555555555555555
