183 0.16484375 0.5347222222222222 0.03697916666666667 0.20092592592592592
185 0.90390625 0.6152777777777778 0.05364583333333333 0.2824074074074074
183 0.16484375 0.5347222222222222 0.03697916666666667 0.20092592592592592
185 0.90390625 0.6152777777777778 0.05364583333333333 0.2824074074074074
183 0.16484375 0.5347222222222222 0.03697916666666667 0.20092592592592592
185 0.90390625 0.6152777777777778 0.05364583333333333 0.2824074074074074
183 0.16484375 0.5347222222222222 0.03697916666666667 0.20092592592592592
185 0.90390625 0.6152777777777778 0.05364583333333333 0.2824074074074074
183 0.16484375 0.5347222222222222 0.03697916666666667 0.20092592592592592
185 0.90390625 0.6152777777777778 0.05364583333333333 0.2824074074074074
183 0.16484375 0.5347222222222222 0.03697916666666667 0.20092592592592592
185 0.90390625 0.6152777777777778 0.05364583333333333 0.2824074074074074
