65 0.8546875 0.23842592592592593 0.06145833333333333 0.11574074074074074
37 0.59453125 0.26851851851851855 0.018229166666666668 0.02962962962962963
74 0.4276041666666667 0.2967592592592593 0.015625 0.030555555555555555
65 0.8546875 0.23842592592592593 0.06145833333333333 0.11574074074074074
37 0.59453125 0.26851851851851855 0.018229166666666668 0.02962962962962963
74 0.4276041666666667 0.2967592592592593 0.015625 0.030555555555555555
65 0.8546875 0.23842592592592593 0.06145833333333333 0.11574074074074074
37 0.59453125 0.26851851851851855 0.018229166666666668 0.02962962962962963
74 0.4276041666666667 0.2967592592592593 0.015625 0.030555555555555555
65 0.8546875 0.23842592592592593 0.06145833333333333 0.11574074074074074
37 0.59453125 0.26851851851851855 0.018229166666666668 0.02962962962962963
74 0.4276041666666667 0.2967592592592593 0.015625 0.030555555555555555
65 0.8546875 0.23842592592592593 0.06145833333333333 0.11574074074074074
37 0.59453125 0.26851851851851855 0.018229166666666668 0.02962962962962963
74 0.4276041666666667 0.2967592592592593 0.015625 0.030555555555555555
65 0.8546875 0.23842592592592593 0.06145833333333333 0.11574074074074074
37 0.59453125 0.26851851851851855 0.018229166666666668 0.02962962962962963
74 0.4276041666666667 0.2967592592592593 0.015625 0.030555555555555555
