32 0.8380208333333333 0.3787037037037037 0.08020833333333334 0.13333333333333333
14 0.6010416666666667 0.29259259259259257 0.027083333333333334 0.044444444444444446
136 0.6005208333333333 0.33287037037037037 0.01875 0.03425925925925926
32 0.8380208333333333 0.3787037037037037 0.08020833333333334 0.13333333333333333
14 0.6010416666666667 0.29259259259259257 0.027083333333333334 0.044444444444444446
136 0.6005208333333333 0.33287037037037037 0.01875 0.03425925925925926
32 0.8380208333333333 0.3787037037037037 0.08020833333333334 0.13333333333333333
14 0.6010416666666667 0.29259259259259257 0.027083333333333334 0.044444444444444446
136 0.6005208333333333 0.33287037037037037 0.01875 0.03425925925925926
32 0.8380208333333333 0.3787037037037037 0.08020833333333334 0.13333333333333333
14 0.6010416666666667 0.29259259259259257 0.027083333333333334 0.044444444444444446
136 0.6005208333333333 0.33287037037037037 0.01875 0.03425925925925926
32 0.8380208333333333 0.3787037037037037 0.08020833333333334 0.13333333333333333
14 0.6010416666666667 0.29259259259259257 0.027083333333333334 0.044444444444444446
136 0.6005208333333333 0.33287037037037037 0.01875 0.03425925925925926
32 0.8380208333333333 0.3787037037037037 0.08020833333333334 0.13333333333333333
14 0.6010416666666667 0.29259259259259257 0.027083333333333334 0.044444444444444446
136 0.6005208333333333 0.33287037037037037 0.01875 0.03425925925925926
