113 0.821875 0.2537037037037037 0.059375 0.10555555555555556
28 0.11901041666666666 0.3888888888888889 0.016145833333333335 0.07777777777777778
28 0.596875 0.39305555555555555 0.01875 0.0824074074074074
25 0.11744791666666667 0.3189814814814815 0.03802083333333333 0.06388888888888888
25 0.5989583333333334 0.3212962962962963 0.041666666666666664 0.06666666666666667
113 0.821875 0.2537037037037037 0.059375 0.10555555555555556
28 0.11901041666666666 0.3888888888888889 0.016145833333333335 0.07777777777777778
28 0.596875 0.39305555555555555 0.01875 0.0824074074074074
25 0.11744791666666667 0.3189814814814815 0.03802083333333333 0.06388888888888888
25 0.5989583333333334 0.3212962962962963 0.041666666666666664 0.06666666666666667
