119 0.9567708333333333 0.04861111111111111 0.06458333333333334 0.09537037037037037
162 0.95546875 0.14074074074074075 0.049479166666666664 0.08888888888888889
119 0.9567708333333333 0.04861111111111111 0.06458333333333334 0.09537037037037037
162 0.95546875 0.14074074074074075 0.049479166666666664 0.08888888888888889
119 0.9567708333333333 0.04861111111111111 0.06458333333333334 0.09537037037037037
162 0.95546875 0.14074074074074075 0.049479166666666664 0.08888888888888889
119 0.9567708333333333 0.04861111111111111 0.06458333333333334 0.09537037037037037
162 0.95546875 0.14074074074074075 0.049479166666666664 0.08888888888888889
119 0.9567708333333333 0.04861111111111111 0.06458333333333334 0.09537037037037037
162 0.95546875 0.14074074074074075 0.049479166666666664 0.08888888888888889
119 0.9567708333333333 0.04861111111111111 0.06458333333333334 0.09537037037037037
162 0.95546875 0.14074074074074075 0.049479166666666664 0.08888888888888889
