120 0.8541666666666666 0.2523148148148148 0.03958333333333333 0.07685185185185185
136 0.8541666666666666 0.17685185185185184 0.03958333333333333 0.07777777777777778
120 0.8541666666666666 0.2523148148148148 0.03958333333333333 0.07685185185185185
136 0.8541666666666666 0.17685185185185184 0.03958333333333333 0.07777777777777778
120 0.8541666666666666 0.2523148148148148 0.03958333333333333 0.07685185185185185
136 0.8541666666666666 0.17685185185185184 0.03958333333333333 0.07777777777777778
120 0.8541666666666666 0.2523148148148148 0.03958333333333333 0.07685185185185185
136 0.8541666666666666 0.17685185185185184 0.03958333333333333 0.07777777777777778
120 0.8541666666666666 0.2523148148148148 0.03958333333333333 0.07685185185185185
136 0.8541666666666666 0.17685185185185184 0.03958333333333333 0.07777777777777778
120 0.8541666666666666 0.2523148148148148 0.03958333333333333 0.07685185185185185
136 0.8541666666666666 0.17685185185185184 0.03958333333333333 0.07777777777777778
