79 0.7848958333333333 0.2865740740740741 0.06770833333333333 0.125
179 0.7838541666666666 0.375 0.065625 0.053703703703703705
148 0.0859375 0.24953703703703703 0.125 0.04537037037037037
113 0.7286458333333333 0.3060185185185185 0.023958333333333335 0.04351851851851852
79 0.7848958333333333 0.2865740740740741 0.06770833333333333 0.125
179 0.7838541666666666 0.375 0.065625 0.053703703703703705
148 0.0859375 0.24953703703703703 0.125 0.04537037037037037
113 0.7286458333333333 0.3060185185185185 0.023958333333333335 0.04351851851851852
79 0.7848958333333333 0.2865740740740741 0.06770833333333333 0.125
179 0.7838541666666666 0.375 0.065625 0.053703703703703705
148 0.0859375 0.24953703703703703 0.125 0.04537037037037037
113 0.7286458333333333 0.3060185185185185 0.023958333333333335 0.04351851851851852
79 0.7848958333333333 0.2865740740740741 0.06770833333333333 0.125
179 0.7838541666666666 0.375 0.065625 0.053703703703703705
148 0.0859375 0.24953703703703703 0.125 0.04537037037037037
113 0.7286458333333333 0.3060185185185185 0.023958333333333335 0.04351851851851852
79 0.7848958333333333 0.2865740740740741 0.06770833333333333 0.125
179 0.7838541666666666 0.375 0.065625 0.053703703703703705
148 0.0859375 0.24953703703703703 0.125 0.04537037037037037
113 0.7286458333333333 0.3060185185185185 0.023958333333333335 0.04351851851851852
79 0.7848958333333333 0.2865740740740741 0.06770833333333333 0.125
179 0.7838541666666666 0.375 0.065625 0.053703703703703705
148 0.0859375 0.24953703703703703 0.125 0.04537037037037037
113 0.7286458333333333 0.3060185185185185 0.023958333333333335 0.04351851851851852
