86 0.8377604166666667 0.37777777777777777 0.044270833333333336 0.07962962962962963
86 0.71953125 0.37407407407407406 0.0390625 0.07777777777777778
86 0.8377604166666667 0.37777777777777777 0.044270833333333336 0.07962962962962963
86 0.71953125 0.37407407407407406 0.0390625 0.07777777777777778
86 0.8377604166666667 0.37777777777777777 0.044270833333333336 0.07962962962962963
86 0.71953125 0.37407407407407406 0.0390625 0.07777777777777778
86 0.8377604166666667 0.37777777777777777 0.044270833333333336 0.07962962962962963
86 0.71953125 0.37407407407407406 0.0390625 0.07777777777777778
86 0.8377604166666667 0.37777777777777777 0.044270833333333336 0.07962962962962963
86 0.71953125 0.37407407407407406 0.0390625 0.07777777777777778
86 0.8377604166666667 0.37777777777777777 0.044270833333333336 0.07962962962962963
86 0.71953125 0.37407407407407406 0.0390625 0.07777777777777778
