85 0.13203125 0.44351851851851853 0.024479166666666666 0.03888888888888889
182 0.75078125 0.5430555555555555 0.03177083333333333 0.16574074074074074
184 0.87578125 0.6773148148148148 0.05260416666666667 0.2324074074074074
85 0.13203125 0.44351851851851853 0.024479166666666666 0.03888888888888889
182 0.75078125 0.5430555555555555 0.03177083333333333 0.16574074074074074
184 0.87578125 0.6773148148148148 0.05260416666666667 0.2324074074074074
85 0.13203125 0.44351851851851853 0.024479166666666666 0.03888888888888889
182 0.75078125 0.5430555555555555 0.03177083333333333 0.16574074074074074
184 0.87578125 0.6773148148148148 0.05260416666666667 0.2324074074074074
85 0.13203125 0.44351851851851853 0.024479166666666666 0.03888888888888889
182 0.75078125 0.5430555555555555 0.03177083333333333 0.16574074074074074
184 0.87578125 0.6773148148148148 0.05260416666666667 0.2324074074074074
85 0.13203125 0.44351851851851853 0.024479166666666666 0.03888888888888889
182 0.75078125 0.5430555555555555 0.03177083333333333 0.16574074074074074
184 0.87578125 0.6773148148148148 0.05260416666666667 0.2324074074074074
