10 0.7515625 0.3814814814814815 0.15208333333333332 0.26481481481481484
173 0.7518229166666667 0.549074074074074 0.10364583333333334 0.08703703703703704
10 0.7515625 0.3814814814814815 0.15208333333333332 0.26481481481481484
173 0.7518229166666667 0.549074074074074 0.10364583333333334 0.08703703703703704
10 0.7515625 0.3814814814814815 0.15208333333333332 0.26481481481481484
173 0.7518229166666667 0.549074074074074 0.10364583333333334 0.08703703703703704
10 0.7515625 0.3814814814814815 0.15208333333333332 0.26481481481481484
173 0.7518229166666667 0.549074074074074 0.10364583333333334 0.08703703703703704
10 0.7515625 0.3814814814814815 0.15208333333333332 0.26481481481481484
173 0.7518229166666667 0.549074074074074 0.10364583333333334 0.08703703703703704
10 0.7515625 0.3814814814814815 0.15208333333333332 0.26481481481481484
173 0.7518229166666667 0.549074074074074 0.10364583333333334 0.08703703703703704
