65 0.8104166666666667 0.26990740740740743 0.06145833333333333 0.11944444444444445
179 0.8075520833333333 0.35509259259259257 0.06302083333333333 0.05648148148148148
65 0.8104166666666667 0.26990740740740743 0.06145833333333333 0.11944444444444445
179 0.8075520833333333 0.35509259259259257 0.06302083333333333 0.05648148148148148
65 0.8104166666666667 0.26990740740740743 0.06145833333333333 0.11944444444444445
179 0.8075520833333333 0.35509259259259257 0.06302083333333333 0.05648148148148148
65 0.8104166666666667 0.26990740740740743 0.06145833333333333 0.11944444444444445
179 0.8075520833333333 0.35509259259259257 0.06302083333333333 0.05648148148148148
65 0.8104166666666667 0.26990740740740743 0.06145833333333333 0.11944444444444445
179 0.8075520833333333 0.35509259259259257 0.06302083333333333 0.05648148148148148
65 0.8104166666666667 0.26990740740740743 0.06145833333333333 0.11944444444444445
179 0.8075520833333333 0.35509259259259257 0.06302083333333333 0.05648148148148148
