7 0.8166666666666667 0.27546296296296297 0.09895833333333333 0.15648148148148147
74 0.017708333333333333 0.4222222222222222 0.035416666666666666 0.08518518518518518
179 0.81640625 0.3680555555555556 0.06614583333333333 0.03425925925925926
7 0.8166666666666667 0.27546296296296297 0.09895833333333333 0.15648148148148147
74 0.017708333333333333 0.4222222222222222 0.035416666666666666 0.08518518518518518
179 0.81640625 0.3680555555555556 0.06614583333333333 0.03425925925925926
7 0.8166666666666667 0.27546296296296297 0.09895833333333333 0.15648148148148147
74 0.017708333333333333 0.4222222222222222 0.035416666666666666 0.08518518518518518
179 0.81640625 0.3680555555555556 0.06614583333333333 0.03425925925925926
7 0.8166666666666667 0.27546296296296297 0.09895833333333333 0.15648148148148147
74 0.017708333333333333 0.4222222222222222 0.035416666666666666 0.08518518518518518
179 0.81640625 0.3680555555555556 0.06614583333333333 0.03425925925925926
7 0.8166666666666667 0.27546296296296297 0.09895833333333333 0.15648148148148147
74 0.017708333333333333 0.4222222222222222 0.035416666666666666 0.08518518518518518
179 0.81640625 0.3680555555555556 0.06614583333333333 0.03425925925925926
7 0.8166666666666667 0.27546296296296297 0.09895833333333333 0.15648148148148147
74 0.017708333333333333 0.4222222222222222 0.035416666666666666 0.08518518518518518
179 0.81640625 0.3680555555555556 0.06614583333333333 0.03425925925925926
