79 0.7859375 0.27685185185185185 0.07291666666666667 0.13148148148148148
179 0.7856770833333333 0.37222222222222223 0.06927083333333334 0.05555555555555555
79 0.7859375 0.27685185185185185 0.07291666666666667 0.13148148148148148
179 0.7856770833333333 0.37222222222222223 0.06927083333333334 0.05555555555555555
79 0.7859375 0.27685185185185185 0.07291666666666667 0.13148148148148148
179 0.7856770833333333 0.37222222222222223 0.06927083333333334 0.05555555555555555
79 0.7859375 0.27685185185185185 0.07291666666666667 0.13148148148148148
179 0.7856770833333333 0.37222222222222223 0.06927083333333334 0.05555555555555555
79 0.7859375 0.27685185185185185 0.07291666666666667 0.13148148148148148
179 0.7856770833333333 0.37222222222222223 0.06927083333333334 0.05555555555555555
79 0.7859375 0.27685185185185185 0.07291666666666667 0.13148148148148148
179 0.7856770833333333 0.37222222222222223 0.06927083333333334 0.05555555555555555
