184 0.1765625 0.4351851851851852 0.023958333333333335 0.3351851851851852
197 0.8890625 0.16666666666666666 0.046875 0.08888888888888889
184 0.0859375 0.462037037037037 0.035416666666666666 0.40925925925925927
182 0.061197916666666664 0.4337962962962963 0.024479166666666666 0.31203703703703706
184 0.1765625 0.4351851851851852 0.023958333333333335 0.3351851851851852
197 0.8890625 0.16666666666666666 0.046875 0.08888888888888889
184 0.0859375 0.462037037037037 0.035416666666666666 0.40925925925925927
182 0.061197916666666664 0.4337962962962963 0.024479166666666666 0.31203703703703706
184 0.1765625 0.4351851851851852 0.023958333333333335 0.3351851851851852
197 0.8890625 0.16666666666666666 0.046875 0.08888888888888889
184 0.0859375 0.462037037037037 0.035416666666666666 0.40925925925925927
182 0.061197916666666664 0.4337962962962963 0.024479166666666666 0.31203703703703706
184 0.1765625 0.4351851851851852 0.023958333333333335 0.3351851851851852
197 0.8890625 0.16666666666666666 0.046875 0.08888888888888889
184 0.0859375 0.462037037037037 0.035416666666666666 0.40925925925925927
182 0.061197916666666664 0.4337962962962963 0.024479166666666666 0.31203703703703706
184 0.1765625 0.4351851851851852 0.023958333333333335 0.3351851851851852
197 0.8890625 0.16666666666666666 0.046875 0.08888888888888889
184 0.0859375 0.462037037037037 0.035416666666666666 0.40925925925925927
182 0.061197916666666664 0.4337962962962963 0.024479166666666666 0.31203703703703706
184 0.1765625 0.4351851851851852 0.023958333333333335 0.3351851851851852
197 0.8890625 0.16666666666666666 0.046875 0.08888888888888889
184 0.0859375 0.462037037037037 0.035416666666666666 0.40925925925925927
182 0.061197916666666664 0.4337962962962963 0.024479166666666666 0.31203703703703706
