63 0.81015625 0.17962962962962964 0.0578125 0.10925925925925926
179 0.81015625 0.26064814814814813 0.05572916666666667 0.049074074074074076
63 0.81015625 0.17962962962962964 0.0578125 0.10925925925925926
179 0.81015625 0.26064814814814813 0.05572916666666667 0.049074074074074076
63 0.81015625 0.17962962962962964 0.0578125 0.10925925925925926
179 0.81015625 0.26064814814814813 0.05572916666666667 0.049074074074074076
63 0.81015625 0.17962962962962964 0.0578125 0.10925925925925926
179 0.81015625 0.26064814814814813 0.05572916666666667 0.049074074074074076
63 0.81015625 0.17962962962962964 0.0578125 0.10925925925925926
179 0.81015625 0.26064814814814813 0.05572916666666667 0.049074074074074076
63 0.81015625 0.17962962962962964 0.0578125 0.10925925925925926
179 0.81015625 0.26064814814814813 0.05572916666666667 0.049074074074074076
