180 0.6666666666666666 0.24444444444444444 0.06041666666666667 0.07407407407407407
40 0.7421875 0.32592592592592595 0.022916666666666665 0.040740740740740744
69 0.6684895833333333 0.14166666666666666 0.06510416666666667 0.13518518518518519
39 0.69296875 0.36203703703703705 0.024479166666666666 0.04259259259259259
180 0.6666666666666666 0.24444444444444444 0.06041666666666667 0.07407407407407407
40 0.7421875 0.32592592592592595 0.022916666666666665 0.040740740740740744
69 0.6684895833333333 0.14166666666666666 0.06510416666666667 0.13518518518518519
39 0.69296875 0.36203703703703705 0.024479166666666666 0.04259259259259259
180 0.6666666666666666 0.24444444444444444 0.06041666666666667 0.07407407407407407
40 0.7421875 0.32592592592592595 0.022916666666666665 0.040740740740740744
69 0.6684895833333333 0.14166666666666666 0.06510416666666667 0.13518518518518519
39 0.69296875 0.36203703703703705 0.024479166666666666 0.04259259259259259
180 0.6666666666666666 0.24444444444444444 0.06041666666666667 0.07407407407407407
40 0.7421875 0.32592592592592595 0.022916666666666665 0.040740740740740744
69 0.6684895833333333 0.14166666666666666 0.06510416666666667 0.13518518518518519
39 0.69296875 0.36203703703703705 0.024479166666666666 0.04259259259259259
180 0.6666666666666666 0.24444444444444444 0.06041666666666667 0.07407407407407407
40 0.7421875 0.32592592592592595 0.022916666666666665 0.040740740740740744
69 0.6684895833333333 0.14166666666666666 0.06510416666666667 0.13518518518518519
39 0.69296875 0.36203703703703705 0.024479166666666666 0.04259259259259259
180 0.6666666666666666 0.24444444444444444 0.06041666666666667 0.07407407407407407
40 0.7421875 0.32592592592592595 0.022916666666666665 0.040740740740740744
69 0.6684895833333333 0.14166666666666666 0.06510416666666667 0.13518518518518519
39 0.69296875 0.36203703703703705 0.024479166666666666 0.04259259259259259
