143 0.8192708333333333 0.1597222222222222 0.16145833333333334 0.24722222222222223
136 0.9356770833333333 0.24768518518518517 0.05260416666666667 0.09722222222222222
143 0.8192708333333333 0.1597222222222222 0.16145833333333334 0.24722222222222223
136 0.9356770833333333 0.24768518518518517 0.05260416666666667 0.09722222222222222
143 0.8192708333333333 0.1597222222222222 0.16145833333333334 0.24722222222222223
136 0.9356770833333333 0.24768518518518517 0.05260416666666667 0.09722222222222222
143 0.8192708333333333 0.1597222222222222 0.16145833333333334 0.24722222222222223
136 0.9356770833333333 0.24768518518518517 0.05260416666666667 0.09722222222222222
143 0.8192708333333333 0.1597222222222222 0.16145833333333334 0.24722222222222223
136 0.9356770833333333 0.24768518518518517 0.05260416666666667 0.09722222222222222
143 0.8192708333333333 0.1597222222222222 0.16145833333333334 0.24722222222222223
136 0.9356770833333333 0.24768518518518517 0.05260416666666667 0.09722222222222222
