120 0.68515625 0.225 0.08697916666666666 0.15555555555555556
43 0.6104166666666667 0.15324074074074073 0.029166666666666667 0.05277777777777778
120 0.68515625 0.225 0.08697916666666666 0.15555555555555556
43 0.6104166666666667 0.15324074074074073 0.029166666666666667 0.05277777777777778
120 0.68515625 0.225 0.08697916666666666 0.15555555555555556
43 0.6104166666666667 0.15324074074074073 0.029166666666666667 0.05277777777777778
120 0.68515625 0.225 0.08697916666666666 0.15555555555555556
43 0.6104166666666667 0.15324074074074073 0.029166666666666667 0.05277777777777778
120 0.68515625 0.225 0.08697916666666666 0.15555555555555556
43 0.6104166666666667 0.15324074074074073 0.029166666666666667 0.05277777777777778
120 0.68515625 0.225 0.08697916666666666 0.15555555555555556
43 0.6104166666666667 0.15324074074074073 0.029166666666666667 0.05277777777777778
