61 0.7333333333333333 0.49583333333333335 0.06875 0.12685185185185185
3 0.7356770833333334 0.27037037037037037 0.09114583333333333 0.1648148148148148
61 0.7333333333333333 0.49583333333333335 0.06875 0.12685185185185185
3 0.7356770833333334 0.27037037037037037 0.09114583333333333 0.1648148148148148
61 0.7333333333333333 0.49583333333333335 0.06875 0.12685185185185185
3 0.7356770833333334 0.27037037037037037 0.09114583333333333 0.1648148148148148
61 0.7333333333333333 0.49583333333333335 0.06875 0.12685185185185185
3 0.7356770833333334 0.27037037037037037 0.09114583333333333 0.1648148148148148
61 0.7333333333333333 0.49583333333333335 0.06875 0.12685185185185185
3 0.7356770833333334 0.27037037037037037 0.09114583333333333 0.1648148148148148
61 0.7333333333333333 0.49583333333333335 0.06875 0.12685185185185185
3 0.7356770833333334 0.27037037037037037 0.09114583333333333 0.1648148148148148
