65 0.778125 0.35509259259259257 0.09583333333333334 0.17685185185185184
69 0.18567708333333333 0.2796296296296296 0.025520833333333333 0.044444444444444446
179 0.7713541666666667 0.4810185185185185 0.09895833333333333 0.08981481481481482
76 0.3184895833333333 0.2986111111111111 0.05260416666666667 0.10462962962962963
182 0.4075520833333333 0.47824074074074074 0.018229166666666668 0.12314814814814815
37 0.3265625 0.18611111111111112 0.07708333333333334 0.13333333333333333
65 0.778125 0.35509259259259257 0.09583333333333334 0.17685185185185184
69 0.18567708333333333 0.2796296296296296 0.025520833333333333 0.044444444444444446
179 0.7713541666666667 0.4810185185185185 0.09895833333333333 0.08981481481481482
76 0.3184895833333333 0.2986111111111111 0.05260416666666667 0.10462962962962963
182 0.4075520833333333 0.47824074074074074 0.018229166666666668 0.12314814814814815
37 0.3265625 0.18611111111111112 0.07708333333333334 0.13333333333333333
65 0.778125 0.35509259259259257 0.09583333333333334 0.17685185185185184
69 0.18567708333333333 0.2796296296296296 0.025520833333333333 0.044444444444444446
179 0.7713541666666667 0.4810185185185185 0.09895833333333333 0.08981481481481482
76 0.3184895833333333 0.2986111111111111 0.05260416666666667 0.10462962962962963
182 0.4075520833333333 0.47824074074074074 0.018229166666666668 0.12314814814814815
37 0.3265625 0.18611111111111112 0.07708333333333334 0.13333333333333333
65 0.778125 0.35509259259259257 0.09583333333333334 0.17685185185185184
69 0.18567708333333333 0.2796296296296296 0.025520833333333333 0.044444444444444446
179 0.7713541666666667 0.4810185185185185 0.09895833333333333 0.08981481481481482
76 0.3184895833333333 0.2986111111111111 0.05260416666666667 0.10462962962962963
182 0.4075520833333333 0.47824074074074074 0.018229166666666668 0.12314814814814815
37 0.3265625 0.18611111111111112 0.07708333333333334 0.13333333333333333
65 0.778125 0.35509259259259257 0.09583333333333334 0.17685185185185184
69 0.18567708333333333 0.2796296296296296 0.025520833333333333 0.044444444444444446
179 0.7713541666666667 0.4810185185185185 0.09895833333333333 0.08981481481481482
76 0.3184895833333333 0.2986111111111111 0.05260416666666667 0.10462962962962963
182 0.4075520833333333 0.47824074074074074 0.018229166666666668 0.12314814814814815
37 0.3265625 0.18611111111111112 0.07708333333333334 0.13333333333333333
65 0.778125 0.35509259259259257 0.09583333333333334 0.17685185185185184
69 0.18567708333333333 0.2796296296296296 0.025520833333333333 0.044444444444444446
179 0.7713541666666667 0.4810185185185185 0.09895833333333333 0.08981481481481482
76 0.3184895833333333 0.2986111111111111 0.05260416666666667 0.10462962962962963
182 0.4075520833333333 0.47824074074074074 0.018229166666666668 0.12314814814814815
37 0.3265625 0.18611111111111112 0.07708333333333334 0.13333333333333333
