198 0.10729166666666666 0.3101851851851852 0.03229166666666667 0.046296296296296294
198 0.7755208333333333 0.28379629629629627 0.03125 0.049074074074074076
198 0.10729166666666666 0.3101851851851852 0.03229166666666667 0.046296296296296294
198 0.7755208333333333 0.28379629629629627 0.03125 0.049074074074074076
198 0.10729166666666666 0.3101851851851852 0.03229166666666667 0.046296296296296294
198 0.7755208333333333 0.28379629629629627 0.03125 0.049074074074074076
198 0.10729166666666666 0.3101851851851852 0.03229166666666667 0.046296296296296294
198 0.7755208333333333 0.28379629629629627 0.03125 0.049074074074074076
198 0.10729166666666666 0.3101851851851852 0.03229166666666667 0.046296296296296294
198 0.7755208333333333 0.28379629629629627 0.03125 0.049074074074074076
