44 0.8236979166666667 0.09814814814814815 0.0546875 0.10925925925925926
63 0.825 0.20787037037037037 0.05416666666666667 0.11018518518518519
179 0.82421875 0.2865740740740741 0.0546875 0.05462962962962963
44 0.8236979166666667 0.09814814814814815 0.0546875 0.10925925925925926
63 0.825 0.20787037037037037 0.05416666666666667 0.11018518518518519
179 0.82421875 0.2865740740740741 0.0546875 0.05462962962962963
44 0.8236979166666667 0.09814814814814815 0.0546875 0.10925925925925926
63 0.825 0.20787037037037037 0.05416666666666667 0.11018518518518519
179 0.82421875 0.2865740740740741 0.0546875 0.05462962962962963
44 0.8236979166666667 0.09814814814814815 0.0546875 0.10925925925925926
63 0.825 0.20787037037037037 0.05416666666666667 0.11018518518518519
179 0.82421875 0.2865740740740741 0.0546875 0.05462962962962963
44 0.8236979166666667 0.09814814814814815 0.0546875 0.10925925925925926
63 0.825 0.20787037037037037 0.05416666666666667 0.11018518518518519
179 0.82421875 0.2865740740740741 0.0546875 0.05462962962962963
44 0.8236979166666667 0.09814814814814815 0.0546875 0.10925925925925926
63 0.825 0.20787037037037037 0.05416666666666667 0.11018518518518519
179 0.82421875 0.2865740740740741 0.0546875 0.05462962962962963
