46 0.8018229166666667 0.3148148148148148 0.0703125 0.13703703703703704
179 0.7989583333333333 0.4115740740740741 0.071875 0.06574074074074074
46 0.8018229166666667 0.3148148148148148 0.0703125 0.13703703703703704
179 0.7989583333333333 0.4115740740740741 0.071875 0.06574074074074074
46 0.8018229166666667 0.3148148148148148 0.0703125 0.13703703703703704
179 0.7989583333333333 0.4115740740740741 0.071875 0.06574074074074074
46 0.8018229166666667 0.3148148148148148 0.0703125 0.13703703703703704
179 0.7989583333333333 0.4115740740740741 0.071875 0.06574074074074074
46 0.8018229166666667 0.3148148148148148 0.0703125 0.13703703703703704
179 0.7989583333333333 0.4115740740740741 0.071875 0.06574074074074074
46 0.8018229166666667 0.3148148148148148 0.0703125 0.13703703703703704
179 0.7989583333333333 0.4115740740740741 0.071875 0.06574074074074074
