15 0.7848958333333333 0.27685185185185185 0.08541666666666667 0.17962962962962964
179 0.7838541666666666 0.3907407407407407 0.07395833333333333 0.06666666666666667
15 0.7848958333333333 0.27685185185185185 0.08541666666666667 0.17962962962962964
179 0.7838541666666666 0.3907407407407407 0.07395833333333333 0.06666666666666667
15 0.7848958333333333 0.27685185185185185 0.08541666666666667 0.17962962962962964
179 0.7838541666666666 0.3907407407407407 0.07395833333333333 0.06666666666666667
15 0.7848958333333333 0.27685185185185185 0.08541666666666667 0.17962962962962964
179 0.7838541666666666 0.3907407407407407 0.07395833333333333 0.06666666666666667
15 0.7848958333333333 0.27685185185185185 0.08541666666666667 0.17962962962962964
179 0.7838541666666666 0.3907407407407407 0.07395833333333333 0.06666666666666667
15 0.7848958333333333 0.27685185185185185 0.08541666666666667 0.17962962962962964
179 0.7838541666666666 0.3907407407407407 0.07395833333333333 0.06666666666666667
