65 0.67421875 0.2949074074074074 0.08385416666666666 0.16018518518518518
179 0.6690104166666667 0.40925925925925927 0.08802083333333334 0.07592592592592592
134 0.12057291666666667 0.1824074074074074 0.08385416666666666 0.23148148148148148
65 0.67421875 0.2949074074074074 0.08385416666666666 0.16018518518518518
179 0.6690104166666667 0.40925925925925927 0.08802083333333334 0.07592592592592592
134 0.12057291666666667 0.1824074074074074 0.08385416666666666 0.23148148148148148
65 0.67421875 0.2949074074074074 0.08385416666666666 0.16018518518518518
179 0.6690104166666667 0.40925925925925927 0.08802083333333334 0.07592592592592592
134 0.12057291666666667 0.1824074074074074 0.08385416666666666 0.23148148148148148
65 0.67421875 0.2949074074074074 0.08385416666666666 0.16018518518518518
179 0.6690104166666667 0.40925925925925927 0.08802083333333334 0.07592592592592592
134 0.12057291666666667 0.1824074074074074 0.08385416666666666 0.23148148148148148
65 0.67421875 0.2949074074074074 0.08385416666666666 0.16018518518518518
179 0.6690104166666667 0.40925925925925927 0.08802083333333334 0.07592592592592592
134 0.12057291666666667 0.1824074074074074 0.08385416666666666 0.23148148148148148
65 0.67421875 0.2949074074074074 0.08385416666666666 0.16018518518518518
179 0.6690104166666667 0.40925925925925927 0.08802083333333334 0.07592592592592592
134 0.12057291666666667 0.1824074074074074 0.08385416666666666 0.23148148148148148
