74 0.16848958333333333 0.43796296296296294 0.034895833333333334 0.06481481481481481
186 0.171875 0.5175925925925926 0.01875 0.09814814814814815
153 0.49765625 0.09907407407407408 0.04010416666666667 0.10740740740740741
37 0.44869791666666664 0.25092592592592594 0.0234375 0.03518518518518519
150 0.5716145833333334 0.09398148148148149 0.07447916666666667 0.11018518518518519
37 0.8309895833333333 0.2550925925925926 0.021354166666666667 0.03981481481481482
74 0.16848958333333333 0.43796296296296294 0.034895833333333334 0.06481481481481481
186 0.171875 0.5175925925925926 0.01875 0.09814814814814815
153 0.49765625 0.09907407407407408 0.04010416666666667 0.10740740740740741
37 0.44869791666666664 0.25092592592592594 0.0234375 0.03518518518518519
150 0.5716145833333334 0.09398148148148149 0.07447916666666667 0.11018518518518519
37 0.8309895833333333 0.2550925925925926 0.021354166666666667 0.03981481481481482
