86 0.75390625 0.7240740740740741 0.07760416666666667 0.1648148148148148
86 0.5856770833333333 0.5662037037037037 0.05572916666666667 0.11018518518518519
86 0.6557291666666667 0.6263888888888889 0.06666666666666667 0.1361111111111111
86 0.8955729166666667 0.8592592592592593 0.12135416666666667 0.22777777777777777
86 0.75390625 0.7240740740740741 0.07760416666666667 0.1648148148148148
86 0.5856770833333333 0.5662037037037037 0.05572916666666667 0.11018518518518519
86 0.6557291666666667 0.6263888888888889 0.06666666666666667 0.1361111111111111
86 0.8955729166666667 0.8592592592592593 0.12135416666666667 0.22777777777777777
86 0.75390625 0.7240740740740741 0.07760416666666667 0.1648148148148148
86 0.5856770833333333 0.5662037037037037 0.05572916666666667 0.11018518518518519
86 0.6557291666666667 0.6263888888888889 0.06666666666666667 0.1361111111111111
86 0.8955729166666667 0.8592592592592593 0.12135416666666667 0.22777777777777777
86 0.75390625 0.7240740740740741 0.07760416666666667 0.1648148148148148
86 0.5856770833333333 0.5662037037037037 0.05572916666666667 0.11018518518518519
86 0.6557291666666667 0.6263888888888889 0.06666666666666667 0.1361111111111111
86 0.8955729166666667 0.8592592592592593 0.12135416666666667 0.22777777777777777
86 0.75390625 0.7240740740740741 0.07760416666666667 0.1648148148148148
86 0.5856770833333333 0.5662037037037037 0.05572916666666667 0.11018518518518519
86 0.6557291666666667 0.6263888888888889 0.06666666666666667 0.1361111111111111
86 0.8955729166666667 0.8592592592592593 0.12135416666666667 0.22777777777777777
86 0.75390625 0.7240740740740741 0.07760416666666667 0.1648148148148148
86 0.5856770833333333 0.5662037037037037 0.05572916666666667 0.11018518518518519
86 0.6557291666666667 0.6263888888888889 0.06666666666666667 0.1361111111111111
86 0.8955729166666667 0.8592592592592593 0.12135416666666667 0.22777777777777777
