108 0.72890625 0.15324074074074073 0.0765625 0.14537037037037037
123 0.7302083333333333 0.29259259259259257 0.05416666666666667 0.1
179 0.728125 0.38657407407407407 0.05416666666666667 0.08055555555555556
7 0.5888020833333333 0.25277777777777777 0.06197916666666667 0.09814814814814815
108 0.72890625 0.15324074074074073 0.0765625 0.14537037037037037
123 0.7302083333333333 0.29259259259259257 0.05416666666666667 0.1
179 0.728125 0.38657407407407407 0.05416666666666667 0.08055555555555556
7 0.5888020833333333 0.25277777777777777 0.06197916666666667 0.09814814814814815
108 0.72890625 0.15324074074074073 0.0765625 0.14537037037037037
123 0.7302083333333333 0.29259259259259257 0.05416666666666667 0.1
179 0.728125 0.38657407407407407 0.05416666666666667 0.08055555555555556
7 0.5888020833333333 0.25277777777777777 0.06197916666666667 0.09814814814814815
108 0.72890625 0.15324074074074073 0.0765625 0.14537037037037037
123 0.7302083333333333 0.29259259259259257 0.05416666666666667 0.1
179 0.728125 0.38657407407407407 0.05416666666666667 0.08055555555555556
7 0.5888020833333333 0.25277777777777777 0.06197916666666667 0.09814814814814815
108 0.72890625 0.15324074074074073 0.0765625 0.14537037037037037
123 0.7302083333333333 0.29259259259259257 0.05416666666666667 0.1
179 0.728125 0.38657407407407407 0.05416666666666667 0.08055555555555556
7 0.5888020833333333 0.25277777777777777 0.06197916666666667 0.09814814814814815
108 0.72890625 0.15324074074074073 0.0765625 0.14537037037037037
123 0.7302083333333333 0.29259259259259257 0.05416666666666667 0.1
179 0.728125 0.38657407407407407 0.05416666666666667 0.08055555555555556
7 0.5888020833333333 0.25277777777777777 0.06197916666666667 0.09814814814814815
