99 0.8268229166666666 0.4046296296296296 0.0578125 0.10925925925925926
59 0.8302083333333333 0.29305555555555557 0.057291666666666664 0.11203703703703703
99 0.8268229166666666 0.4046296296296296 0.0578125 0.10925925925925926
59 0.8302083333333333 0.29305555555555557 0.057291666666666664 0.11203703703703703
99 0.8268229166666666 0.4046296296296296 0.0578125 0.10925925925925926
59 0.8302083333333333 0.29305555555555557 0.057291666666666664 0.11203703703703703
99 0.8268229166666666 0.4046296296296296 0.0578125 0.10925925925925926
59 0.8302083333333333 0.29305555555555557 0.057291666666666664 0.11203703703703703
99 0.8268229166666666 0.4046296296296296 0.0578125 0.10925925925925926
59 0.8302083333333333 0.29305555555555557 0.057291666666666664 0.11203703703703703
99 0.8268229166666666 0.4046296296296296 0.0578125 0.10925925925925926
59 0.8302083333333333 0.29305555555555557 0.057291666666666664 0.11203703703703703
