198 0.07395833333333333 0.28564814814814815 0.040625 0.06759259259259259
43 0.7440104166666667 0.16666666666666666 0.0453125 0.07962962962962963
198 0.7481770833333333 0.2550925925925926 0.0453125 0.06944444444444445
198 0.07395833333333333 0.28564814814814815 0.040625 0.06759259259259259
43 0.7440104166666667 0.16666666666666666 0.0453125 0.07962962962962963
198 0.7481770833333333 0.2550925925925926 0.0453125 0.06944444444444445
198 0.07395833333333333 0.28564814814814815 0.040625 0.06759259259259259
43 0.7440104166666667 0.16666666666666666 0.0453125 0.07962962962962963
198 0.7481770833333333 0.2550925925925926 0.0453125 0.06944444444444445
198 0.07395833333333333 0.28564814814814815 0.040625 0.06759259259259259
43 0.7440104166666667 0.16666666666666666 0.0453125 0.07962962962962963
198 0.7481770833333333 0.2550925925925926 0.0453125 0.06944444444444445
198 0.07395833333333333 0.28564814814814815 0.040625 0.06759259259259259
43 0.7440104166666667 0.16666666666666666 0.0453125 0.07962962962962963
198 0.7481770833333333 0.2550925925925926 0.0453125 0.06944444444444445
198 0.07395833333333333 0.28564814814814815 0.040625 0.06759259259259259
43 0.7440104166666667 0.16666666666666666 0.0453125 0.07962962962962963
198 0.7481770833333333 0.2550925925925926 0.0453125 0.06944444444444445
