88 0.76015625 0.5291666666666667 0.07552083333333333 0.14722222222222223
196 0.46770833333333334 0.2513888888888889 0.019791666666666666 0.08611111111111111
88 0.48776041666666664 0.387037037037037 0.0296875 0.05925925925925926
88 0.35546875 0.3490740740740741 0.018229166666666668 0.037037037037037035
88 0.76015625 0.5291666666666667 0.07552083333333333 0.14722222222222223
196 0.46770833333333334 0.2513888888888889 0.019791666666666666 0.08611111111111111
88 0.48776041666666664 0.387037037037037 0.0296875 0.05925925925925926
88 0.35546875 0.3490740740740741 0.018229166666666668 0.037037037037037035
88 0.76015625 0.5291666666666667 0.07552083333333333 0.14722222222222223
196 0.46770833333333334 0.2513888888888889 0.019791666666666666 0.08611111111111111
88 0.48776041666666664 0.387037037037037 0.0296875 0.05925925925925926
88 0.35546875 0.3490740740740741 0.018229166666666668 0.037037037037037035
88 0.76015625 0.5291666666666667 0.07552083333333333 0.14722222222222223
196 0.46770833333333334 0.2513888888888889 0.019791666666666666 0.08611111111111111
88 0.48776041666666664 0.387037037037037 0.0296875 0.05925925925925926
88 0.35546875 0.3490740740740741 0.018229166666666668 0.037037037037037035
88 0.76015625 0.5291666666666667 0.07552083333333333 0.14722222222222223
196 0.46770833333333334 0.2513888888888889 0.019791666666666666 0.08611111111111111
88 0.48776041666666664 0.387037037037037 0.0296875 0.05925925925925926
88 0.35546875 0.3490740740740741 0.018229166666666668 0.037037037037037035
88 0.76015625 0.5291666666666667 0.07552083333333333 0.14722222222222223
196 0.46770833333333334 0.2513888888888889 0.019791666666666666 0.08611111111111111
88 0.48776041666666664 0.387037037037037 0.0296875 0.05925925925925926
88 0.35546875 0.3490740740740741 0.018229166666666668 0.037037037037037035
