120 0.7765625 0.31203703703703706 0.09270833333333334 0.1648148148148148
117 0.5752604166666667 0.2828703703703704 0.024479166666666666 0.04537037037037037
43 0.7716145833333333 0.14907407407407408 0.09114583333333333 0.16111111111111112
120 0.7765625 0.31203703703703706 0.09270833333333334 0.1648148148148148
117 0.5752604166666667 0.2828703703703704 0.024479166666666666 0.04537037037037037
43 0.7716145833333333 0.14907407407407408 0.09114583333333333 0.16111111111111112
120 0.7765625 0.31203703703703706 0.09270833333333334 0.1648148148148148
117 0.5752604166666667 0.2828703703703704 0.024479166666666666 0.04537037037037037
43 0.7716145833333333 0.14907407407407408 0.09114583333333333 0.16111111111111112
120 0.7765625 0.31203703703703706 0.09270833333333334 0.1648148148148148
117 0.5752604166666667 0.2828703703703704 0.024479166666666666 0.04537037037037037
43 0.7716145833333333 0.14907407407407408 0.09114583333333333 0.16111111111111112
120 0.7765625 0.31203703703703706 0.09270833333333334 0.1648148148148148
117 0.5752604166666667 0.2828703703703704 0.024479166666666666 0.04537037037037037
43 0.7716145833333333 0.14907407407407408 0.09114583333333333 0.16111111111111112
120 0.7765625 0.31203703703703706 0.09270833333333334 0.1648148148148148
117 0.5752604166666667 0.2828703703703704 0.024479166666666666 0.04537037037037037
43 0.7716145833333333 0.14907407407407408 0.09114583333333333 0.16111111111111112
