39 0.8169270833333333 0.2199074074074074 0.0453125 0.10462962962962963
83 0.8138020833333334 0.4550925925925926 0.0328125 0.05277777777777778
186 0.011458333333333333 0.5861111111111111 0.021875 0.1388888888888889
39 0.8169270833333333 0.2199074074074074 0.0453125 0.10462962962962963
83 0.8138020833333334 0.4550925925925926 0.0328125 0.05277777777777778
186 0.011458333333333333 0.5861111111111111 0.021875 0.1388888888888889
39 0.8169270833333333 0.2199074074074074 0.0453125 0.10462962962962963
83 0.8138020833333334 0.4550925925925926 0.0328125 0.05277777777777778
186 0.011458333333333333 0.5861111111111111 0.021875 0.1388888888888889
39 0.8169270833333333 0.2199074074074074 0.0453125 0.10462962962962963
83 0.8138020833333334 0.4550925925925926 0.0328125 0.05277777777777778
186 0.011458333333333333 0.5861111111111111 0.021875 0.1388888888888889
39 0.8169270833333333 0.2199074074074074 0.0453125 0.10462962962962963
83 0.8138020833333334 0.4550925925925926 0.0328125 0.05277777777777778
186 0.011458333333333333 0.5861111111111111 0.021875 0.1388888888888889
39 0.8169270833333333 0.2199074074074074 0.0453125 0.10462962962962963
83 0.8138020833333334 0.4550925925925926 0.0328125 0.05277777777777778
186 0.011458333333333333 0.5861111111111111 0.021875 0.1388888888888889
