74 0.18984375 0.48657407407407405 0.07239583333333334 0.14166666666666666
186 0.2 0.6652777777777777 0.04583333333333333 0.21574074074074073
74 0.18984375 0.48657407407407405 0.07239583333333334 0.14166666666666666
186 0.2 0.6652777777777777 0.04583333333333333 0.21574074074074073
74 0.18984375 0.48657407407407405 0.07239583333333334 0.14166666666666666
186 0.2 0.6652777777777777 0.04583333333333333 0.21574074074074073
74 0.18984375 0.48657407407407405 0.07239583333333334 0.14166666666666666
186 0.2 0.6652777777777777 0.04583333333333333 0.21574074074074073
74 0.18984375 0.48657407407407405 0.07239583333333334 0.14166666666666666
186 0.2 0.6652777777777777 0.04583333333333333 0.21574074074074073
74 0.18984375 0.48657407407407405 0.07239583333333334 0.14166666666666666
186 0.2 0.6652777777777777 0.04583333333333333 0.21574074074074073
