46 0.78046875 0.23796296296296296 0.0859375 0.16296296296296298
179 0.77578125 0.3537037037037037 0.0859375 0.07777777777777778
46 0.78046875 0.23796296296296296 0.0859375 0.16296296296296298
179 0.77578125 0.3537037037037037 0.0859375 0.07777777777777778
46 0.78046875 0.23796296296296296 0.0859375 0.16296296296296298
179 0.77578125 0.3537037037037037 0.0859375 0.07777777777777778
46 0.78046875 0.23796296296296296 0.0859375 0.16296296296296298
179 0.77578125 0.3537037037037037 0.0859375 0.07777777777777778
46 0.78046875 0.23796296296296296 0.0859375 0.16296296296296298
179 0.77578125 0.3537037037037037 0.0859375 0.07777777777777778
46 0.78046875 0.23796296296296296 0.0859375 0.16296296296296298
179 0.77578125 0.3537037037037037 0.0859375 0.07777777777777778
