193 0.759375 0.32685185185185184 0.19375 0.07407407407407407
90 0.6119791666666666 0.4486111111111111 0.026041666666666668 0.10092592592592593
74 0.34739583333333335 0.34074074074074073 0.021875 0.03888888888888889
193 0.759375 0.32685185185185184 0.19375 0.07407407407407407
90 0.6119791666666666 0.4486111111111111 0.026041666666666668 0.10092592592592593
74 0.34739583333333335 0.34074074074074073 0.021875 0.03888888888888889
193 0.759375 0.32685185185185184 0.19375 0.07407407407407407
90 0.6119791666666666 0.4486111111111111 0.026041666666666668 0.10092592592592593
74 0.34739583333333335 0.34074074074074073 0.021875 0.03888888888888889
193 0.759375 0.32685185185185184 0.19375 0.07407407407407407
90 0.6119791666666666 0.4486111111111111 0.026041666666666668 0.10092592592592593
74 0.34739583333333335 0.34074074074074073 0.021875 0.03888888888888889
193 0.759375 0.32685185185185184 0.19375 0.07407407407407407
90 0.6119791666666666 0.4486111111111111 0.026041666666666668 0.10092592592592593
74 0.34739583333333335 0.34074074074074073 0.021875 0.03888888888888889
193 0.759375 0.32685185185185184 0.19375 0.07407407407407407
90 0.6119791666666666 0.4486111111111111 0.026041666666666668 0.10092592592592593
74 0.34739583333333335 0.34074074074074073 0.021875 0.03888888888888889
