74 0.23854166666666668 0.3907407407407407 0.053125 0.11851851851851852
186 0.24557291666666667 0.5449074074074074 0.034895833333333334 0.19166666666666668
76 0.6919270833333333 0.2898148148148148 0.019270833333333334 0.03518518518518519
37 0.6908854166666667 0.25324074074074077 0.028645833333333332 0.04537037037037037
69 0.49713541666666666 0.33194444444444443 0.015104166666666667 0.026851851851851852
74 0.23854166666666668 0.3907407407407407 0.053125 0.11851851851851852
186 0.24557291666666667 0.5449074074074074 0.034895833333333334 0.19166666666666668
76 0.6919270833333333 0.2898148148148148 0.019270833333333334 0.03518518518518519
37 0.6908854166666667 0.25324074074074077 0.028645833333333332 0.04537037037037037
69 0.49713541666666666 0.33194444444444443 0.015104166666666667 0.026851851851851852
74 0.23854166666666668 0.3907407407407407 0.053125 0.11851851851851852
186 0.24557291666666667 0.5449074074074074 0.034895833333333334 0.19166666666666668
76 0.6919270833333333 0.2898148148148148 0.019270833333333334 0.03518518518518519
37 0.6908854166666667 0.25324074074074077 0.028645833333333332 0.04537037037037037
69 0.49713541666666666 0.33194444444444443 0.015104166666666667 0.026851851851851852
74 0.23854166666666668 0.3907407407407407 0.053125 0.11851851851851852
186 0.24557291666666667 0.5449074074074074 0.034895833333333334 0.19166666666666668
76 0.6919270833333333 0.2898148148148148 0.019270833333333334 0.03518518518518519
37 0.6908854166666667 0.25324074074074077 0.028645833333333332 0.04537037037037037
69 0.49713541666666666 0.33194444444444443 0.015104166666666667 0.026851851851851852
74 0.23854166666666668 0.3907407407407407 0.053125 0.11851851851851852
186 0.24557291666666667 0.5449074074074074 0.034895833333333334 0.19166666666666668
76 0.6919270833333333 0.2898148148148148 0.019270833333333334 0.03518518518518519
37 0.6908854166666667 0.25324074074074077 0.028645833333333332 0.04537037037037037
69 0.49713541666666666 0.33194444444444443 0.015104166666666667 0.026851851851851852
