44 0.8106770833333333 0.22407407407407406 0.04739583333333333 0.08888888888888889
198 0.6486979166666667 0.20879629629629629 0.07135416666666666 0.11388888888888889
44 0.8106770833333333 0.22407407407407406 0.04739583333333333 0.08888888888888889
198 0.6486979166666667 0.20879629629629629 0.07135416666666666 0.11388888888888889
44 0.8106770833333333 0.22407407407407406 0.04739583333333333 0.08888888888888889
198 0.6486979166666667 0.20879629629629629 0.07135416666666666 0.11388888888888889
44 0.8106770833333333 0.22407407407407406 0.04739583333333333 0.08888888888888889
198 0.6486979166666667 0.20879629629629629 0.07135416666666666 0.11388888888888889
44 0.8106770833333333 0.22407407407407406 0.04739583333333333 0.08888888888888889
198 0.6486979166666667 0.20879629629629629 0.07135416666666666 0.11388888888888889
