189 0.8697916666666666 0.2 0.10729166666666666 0.046296296296296294
193 0.8703125 0.16296296296296298 0.10833333333333334 0.044444444444444446
37 0.5466145833333333 0.29768518518518516 0.0203125 0.032407407407407406
188 0.86875 0.2375 0.10625 0.04351851851851852
189 0.8697916666666666 0.2 0.10729166666666666 0.046296296296296294
193 0.8703125 0.16296296296296298 0.10833333333333334 0.044444444444444446
37 0.5466145833333333 0.29768518518518516 0.0203125 0.032407407407407406
188 0.86875 0.2375 0.10625 0.04351851851851852
189 0.8697916666666666 0.2 0.10729166666666666 0.046296296296296294
193 0.8703125 0.16296296296296298 0.10833333333333334 0.044444444444444446
37 0.5466145833333333 0.29768518518518516 0.0203125 0.032407407407407406
188 0.86875 0.2375 0.10625 0.04351851851851852
189 0.8697916666666666 0.2 0.10729166666666666 0.046296296296296294
193 0.8703125 0.16296296296296298 0.10833333333333334 0.044444444444444446
37 0.5466145833333333 0.29768518518518516 0.0203125 0.032407407407407406
188 0.86875 0.2375 0.10625 0.04351851851851852
189 0.8697916666666666 0.2 0.10729166666666666 0.046296296296296294
193 0.8703125 0.16296296296296298 0.10833333333333334 0.044444444444444446
37 0.5466145833333333 0.29768518518518516 0.0203125 0.032407407407407406
188 0.86875 0.2375 0.10625 0.04351851851851852
189 0.8697916666666666 0.2 0.10729166666666666 0.046296296296296294
193 0.8703125 0.16296296296296298 0.10833333333333334 0.044444444444444446
37 0.5466145833333333 0.29768518518518516 0.0203125 0.032407407407407406
188 0.86875 0.2375 0.10625 0.04351851851851852
