153 0.0375 0.11203703703703703 0.06145833333333333 0.07592592592592592
152 0.03802083333333333 0.1763888888888889 0.0625 0.08796296296296297
153 0.0375 0.11203703703703703 0.06145833333333333 0.07592592592592592
152 0.03802083333333333 0.1763888888888889 0.0625 0.08796296296296297
153 0.0375 0.11203703703703703 0.06145833333333333 0.07592592592592592
152 0.03802083333333333 0.1763888888888889 0.0625 0.08796296296296297
153 0.0375 0.11203703703703703 0.06145833333333333 0.07592592592592592
152 0.03802083333333333 0.1763888888888889 0.0625 0.08796296296296297
153 0.0375 0.11203703703703703 0.06145833333333333 0.07592592592592592
152 0.03802083333333333 0.1763888888888889 0.0625 0.08796296296296297
153 0.0375 0.11203703703703703 0.06145833333333333 0.07592592592592592
152 0.03802083333333333 0.1763888888888889 0.0625 0.08796296296296297
