198 0.7640625 0.1597222222222222 0.10625 0.18055555555555555
198 0.8322916666666667 0.2972222222222222 0.020833333333333332 0.03333333333333333
198 0.7640625 0.1597222222222222 0.10625 0.18055555555555555
198 0.8322916666666667 0.2972222222222222 0.020833333333333332 0.03333333333333333
198 0.7640625 0.1597222222222222 0.10625 0.18055555555555555
198 0.8322916666666667 0.2972222222222222 0.020833333333333332 0.03333333333333333
198 0.7640625 0.1597222222222222 0.10625 0.18055555555555555
198 0.8322916666666667 0.2972222222222222 0.020833333333333332 0.03333333333333333
198 0.7640625 0.1597222222222222 0.10625 0.18055555555555555
198 0.8322916666666667 0.2972222222222222 0.020833333333333332 0.03333333333333333
