99 0.76796875 0.11990740740740741 0.0703125 0.12129629629629629
179 0.7703125 0.21851851851851853 0.06875 0.07222222222222222
99 0.76796875 0.11990740740740741 0.0703125 0.12129629629629629
179 0.7703125 0.21851851851851853 0.06875 0.07222222222222222
99 0.76796875 0.11990740740740741 0.0703125 0.12129629629629629
179 0.7703125 0.21851851851851853 0.06875 0.07222222222222222
99 0.76796875 0.11990740740740741 0.0703125 0.12129629629629629
179 0.7703125 0.21851851851851853 0.06875 0.07222222222222222
99 0.76796875 0.11990740740740741 0.0703125 0.12129629629629629
179 0.7703125 0.21851851851851853 0.06875 0.07222222222222222
99 0.76796875 0.11990740740740741 0.0703125 0.12129629629629629
179 0.7703125 0.21851851851851853 0.06875 0.07222222222222222
