46 0.7989583333333333 0.26435185185185184 0.075 0.1398148148148148
117 0.7973958333333333 0.4074074074074074 0.07291666666666667 0.14074074074074075
46 0.7989583333333333 0.26435185185185184 0.075 0.1398148148148148
117 0.7973958333333333 0.4074074074074074 0.07291666666666667 0.14074074074074075
46 0.7989583333333333 0.26435185185185184 0.075 0.1398148148148148
117 0.7973958333333333 0.4074074074074074 0.07291666666666667 0.14074074074074075
46 0.7989583333333333 0.26435185185185184 0.075 0.1398148148148148
117 0.7973958333333333 0.4074074074074074 0.07291666666666667 0.14074074074074075
46 0.7989583333333333 0.26435185185185184 0.075 0.1398148148148148
117 0.7973958333333333 0.4074074074074074 0.07291666666666667 0.14074074074074075
46 0.7989583333333333 0.26435185185185184 0.075 0.1398148148148148
117 0.7973958333333333 0.4074074074074074 0.07291666666666667 0.14074074074074075
