193 0.8276041666666667 0.1550925925925926 0.07291666666666667 0.03611111111111111
193 0.8278645833333333 0.18287037037037038 0.0734375 0.03425925925925926
74 0.2765625 0.3773148148148148 0.035416666666666666 0.06388888888888888
186 0.2791666666666667 0.46064814814814814 0.021875 0.10462962962962963
192 0.82734375 0.21064814814814814 0.07447916666666667 0.03425925925925926
193 0.8276041666666667 0.1550925925925926 0.07291666666666667 0.03611111111111111
193 0.8278645833333333 0.18287037037037038 0.0734375 0.03425925925925926
74 0.2765625 0.3773148148148148 0.035416666666666666 0.06388888888888888
186 0.2791666666666667 0.46064814814814814 0.021875 0.10462962962962963
192 0.82734375 0.21064814814814814 0.07447916666666667 0.03425925925925926
