79 0.7799479166666666 0.44027777777777777 0.05364583333333333 0.08981481481481482
58 0.77890625 0.5407407407407407 0.05364583333333333 0.08888888888888889
79 0.7799479166666666 0.44027777777777777 0.05364583333333333 0.08981481481481482
58 0.77890625 0.5407407407407407 0.05364583333333333 0.08888888888888889
79 0.7799479166666666 0.44027777777777777 0.05364583333333333 0.08981481481481482
58 0.77890625 0.5407407407407407 0.05364583333333333 0.08888888888888889
79 0.7799479166666666 0.44027777777777777 0.05364583333333333 0.08981481481481482
58 0.77890625 0.5407407407407407 0.05364583333333333 0.08888888888888889
79 0.7799479166666666 0.44027777777777777 0.05364583333333333 0.08981481481481482
58 0.77890625 0.5407407407407407 0.05364583333333333 0.08888888888888889
79 0.7799479166666666 0.44027777777777777 0.05364583333333333 0.08981481481481482
58 0.77890625 0.5407407407407407 0.05364583333333333 0.08888888888888889
