99 0.8747395833333333 0.3111111111111111 0.0296875 0.053703703703703705
59 0.875 0.2574074074074074 0.03125 0.05555555555555555
99 0.8747395833333333 0.3111111111111111 0.0296875 0.053703703703703705
59 0.875 0.2574074074074074 0.03125 0.05555555555555555
99 0.8747395833333333 0.3111111111111111 0.0296875 0.053703703703703705
59 0.875 0.2574074074074074 0.03125 0.05555555555555555
99 0.8747395833333333 0.3111111111111111 0.0296875 0.053703703703703705
59 0.875 0.2574074074074074 0.03125 0.05555555555555555
99 0.8747395833333333 0.3111111111111111 0.0296875 0.053703703703703705
59 0.875 0.2574074074074074 0.03125 0.05555555555555555
99 0.8747395833333333 0.3111111111111111 0.0296875 0.053703703703703705
59 0.875 0.2574074074074074 0.03125 0.05555555555555555
