59 0.7986111111111112 0.24131944444444445 0.10555555555555556 0.14583333333333334
179 0.7909722222222222 0.3541666666666667 0.1125 0.08680555555555555
59 0.7986111111111112 0.24131944444444445 0.10555555555555556 0.14583333333333334
179 0.7909722222222222 0.3541666666666667 0.1125 0.08680555555555555
59 0.7986111111111112 0.24131944444444445 0.10555555555555556 0.14583333333333334
179 0.7909722222222222 0.3541666666666667 0.1125 0.08680555555555555
59 0.7986111111111112 0.24131944444444445 0.10555555555555556 0.14583333333333334
179 0.7909722222222222 0.3541666666666667 0.1125 0.08680555555555555
59 0.7986111111111112 0.24131944444444445 0.10555555555555556 0.14583333333333334
179 0.7909722222222222 0.3541666666666667 0.1125 0.08680555555555555
59 0.7986111111111112 0.24131944444444445 0.10555555555555556 0.14583333333333334
179 0.7909722222222222 0.3541666666666667 0.1125 0.08680555555555555
