30 0.7442708333333333 0.5578703703703703 0.03958333333333333 0.21388888888888888
25 0.746875 0.3625 0.10104166666666667 0.1712962962962963
30 0.7442708333333333 0.5578703703703703 0.03958333333333333 0.21388888888888888
25 0.746875 0.3625 0.10104166666666667 0.1712962962962963
30 0.7442708333333333 0.5578703703703703 0.03958333333333333 0.21388888888888888
25 0.746875 0.3625 0.10104166666666667 0.1712962962962963
30 0.7442708333333333 0.5578703703703703 0.03958333333333333 0.21388888888888888
25 0.746875 0.3625 0.10104166666666667 0.1712962962962963
30 0.7442708333333333 0.5578703703703703 0.03958333333333333 0.21388888888888888
25 0.746875 0.3625 0.10104166666666667 0.1712962962962963
30 0.7442708333333333 0.5578703703703703 0.03958333333333333 0.21388888888888888
25 0.746875 0.3625 0.10104166666666667 0.1712962962962963
