47 0.7911458333333333 0.21388888888888888 0.07083333333333333 0.13148148148148148
119 0.5473958333333333 0.22407407407407406 0.025 0.04259259259259259
47 0.7911458333333333 0.21388888888888888 0.07083333333333333 0.13148148148148148
119 0.5473958333333333 0.22407407407407406 0.025 0.04259259259259259
47 0.7911458333333333 0.21388888888888888 0.07083333333333333 0.13148148148148148
119 0.5473958333333333 0.22407407407407406 0.025 0.04259259259259259
47 0.7911458333333333 0.21388888888888888 0.07083333333333333 0.13148148148148148
119 0.5473958333333333 0.22407407407407406 0.025 0.04259259259259259
47 0.7911458333333333 0.21388888888888888 0.07083333333333333 0.13148148148148148
119 0.5473958333333333 0.22407407407407406 0.025 0.04259259259259259
47 0.7911458333333333 0.21388888888888888 0.07083333333333333 0.13148148148148148
119 0.5473958333333333 0.22407407407407406 0.025 0.04259259259259259
