145 0.8190104166666666 0.20416666666666666 0.05572916666666667 0.16203703703703703
25 0.61875 0.2777777777777778 0.027083333333333334 0.044444444444444446
145 0.8190104166666666 0.20416666666666666 0.05572916666666667 0.16203703703703703
25 0.61875 0.2777777777777778 0.027083333333333334 0.044444444444444446
145 0.8190104166666666 0.20416666666666666 0.05572916666666667 0.16203703703703703
25 0.61875 0.2777777777777778 0.027083333333333334 0.044444444444444446
145 0.8190104166666666 0.20416666666666666 0.05572916666666667 0.16203703703703703
25 0.61875 0.2777777777777778 0.027083333333333334 0.044444444444444446
145 0.8190104166666666 0.20416666666666666 0.05572916666666667 0.16203703703703703
25 0.61875 0.2777777777777778 0.027083333333333334 0.044444444444444446
145 0.8190104166666666 0.20416666666666666 0.05572916666666667 0.16203703703703703
25 0.61875 0.2777777777777778 0.027083333333333334 0.044444444444444446
