120 0.609375 0.21157407407407408 0.058333333333333334 0.10648148148148148
43 0.6098958333333333 0.10833333333333334 0.05625 0.10185185185185185
117 0.5223958333333333 0.28564814814814815 0.017708333333333333 0.032407407407407406
197 0.5494791666666666 0.2662037037037037 0.023958333333333335 0.04722222222222222
120 0.609375 0.21157407407407408 0.058333333333333334 0.10648148148148148
43 0.6098958333333333 0.10833333333333334 0.05625 0.10185185185185185
117 0.5223958333333333 0.28564814814814815 0.017708333333333333 0.032407407407407406
197 0.5494791666666666 0.2662037037037037 0.023958333333333335 0.04722222222222222
120 0.609375 0.21157407407407408 0.058333333333333334 0.10648148148148148
43 0.6098958333333333 0.10833333333333334 0.05625 0.10185185185185185
117 0.5223958333333333 0.28564814814814815 0.017708333333333333 0.032407407407407406
197 0.5494791666666666 0.2662037037037037 0.023958333333333335 0.04722222222222222
120 0.609375 0.21157407407407408 0.058333333333333334 0.10648148148148148
43 0.6098958333333333 0.10833333333333334 0.05625 0.10185185185185185
117 0.5223958333333333 0.28564814814814815 0.017708333333333333 0.032407407407407406
197 0.5494791666666666 0.2662037037037037 0.023958333333333335 0.04722222222222222
120 0.609375 0.21157407407407408 0.058333333333333334 0.10648148148148148
43 0.6098958333333333 0.10833333333333334 0.05625 0.10185185185185185
117 0.5223958333333333 0.28564814814814815 0.017708333333333333 0.032407407407407406
197 0.5494791666666666 0.2662037037037037 0.023958333333333335 0.04722222222222222
120 0.609375 0.21157407407407408 0.058333333333333334 0.10648148148148148
43 0.6098958333333333 0.10833333333333334 0.05625 0.10185185185185185
117 0.5223958333333333 0.28564814814814815 0.017708333333333333 0.032407407407407406
197 0.5494791666666666 0.2662037037037037 0.023958333333333335 0.04722222222222222
