86 0.771875 0.7328703703703704 0.07708333333333334 0.16574074074074074
86 0.53984375 0.5273148148148148 0.0453125 0.09907407407407408
86 0.5984375 0.575462962962963 0.046875 0.10462962962962963
86 0.6723958333333333 0.6435185185185185 0.06354166666666666 0.13518518518518519
86 0.9138020833333333 0.8666666666666667 0.11510416666666666 0.22777777777777777
86 0.771875 0.7328703703703704 0.07708333333333334 0.16574074074074074
86 0.53984375 0.5273148148148148 0.0453125 0.09907407407407408
86 0.5984375 0.575462962962963 0.046875 0.10462962962962963
86 0.6723958333333333 0.6435185185185185 0.06354166666666666 0.13518518518518519
86 0.9138020833333333 0.8666666666666667 0.11510416666666666 0.22777777777777777
86 0.771875 0.7328703703703704 0.07708333333333334 0.16574074074074074
86 0.53984375 0.5273148148148148 0.0453125 0.09907407407407408
86 0.5984375 0.575462962962963 0.046875 0.10462962962962963
86 0.6723958333333333 0.6435185185185185 0.06354166666666666 0.13518518518518519
86 0.9138020833333333 0.8666666666666667 0.11510416666666666 0.22777777777777777
86 0.771875 0.7328703703703704 0.07708333333333334 0.16574074074074074
86 0.53984375 0.5273148148148148 0.0453125 0.09907407407407408
86 0.5984375 0.575462962962963 0.046875 0.10462962962962963
86 0.6723958333333333 0.6435185185185185 0.06354166666666666 0.13518518518518519
86 0.9138020833333333 0.8666666666666667 0.11510416666666666 0.22777777777777777
86 0.771875 0.7328703703703704 0.07708333333333334 0.16574074074074074
86 0.53984375 0.5273148148148148 0.0453125 0.09907407407407408
86 0.5984375 0.575462962962963 0.046875 0.10462962962962963
86 0.6723958333333333 0.6435185185185185 0.06354166666666666 0.13518518518518519
86 0.9138020833333333 0.8666666666666667 0.11510416666666666 0.22777777777777777
86 0.771875 0.7328703703703704 0.07708333333333334 0.16574074074074074
86 0.53984375 0.5273148148148148 0.0453125 0.09907407407407408
86 0.5984375 0.575462962962963 0.046875 0.10462962962962963
86 0.6723958333333333 0.6435185185185185 0.06354166666666666 0.13518518518518519
86 0.9138020833333333 0.8666666666666667 0.11510416666666666 0.22777777777777777
