120 0.7494791666666667 0.29398148148148145 0.08854166666666667 0.1638888888888889
37 0.8341145833333333 0.33287037037037037 0.0328125 0.10092592592592593
120 0.7494791666666667 0.29398148148148145 0.08854166666666667 0.1638888888888889
37 0.8341145833333333 0.33287037037037037 0.0328125 0.10092592592592593
120 0.7494791666666667 0.29398148148148145 0.08854166666666667 0.1638888888888889
37 0.8341145833333333 0.33287037037037037 0.0328125 0.10092592592592593
120 0.7494791666666667 0.29398148148148145 0.08854166666666667 0.1638888888888889
37 0.8341145833333333 0.33287037037037037 0.0328125 0.10092592592592593
120 0.7494791666666667 0.29398148148148145 0.08854166666666667 0.1638888888888889
37 0.8341145833333333 0.33287037037037037 0.0328125 0.10092592592592593
120 0.7494791666666667 0.29398148148148145 0.08854166666666667 0.1638888888888889
37 0.8341145833333333 0.33287037037037037 0.0328125 0.10092592592592593
