198 0.16848958333333333 0.2726851851851852 0.028645833333333332 0.05092592592592592
198 0.45286458333333335 0.23796296296296296 0.05572916666666667 0.08703703703703704
198 0.9880208333333333 0.26342592592592595 0.023958333333333335 0.06759259259259259
198 0.16848958333333333 0.2726851851851852 0.028645833333333332 0.05092592592592592
198 0.45286458333333335 0.23796296296296296 0.05572916666666667 0.08703703703703704
198 0.9880208333333333 0.26342592592592595 0.023958333333333335 0.06759259259259259
198 0.16848958333333333 0.2726851851851852 0.028645833333333332 0.05092592592592592
198 0.45286458333333335 0.23796296296296296 0.05572916666666667 0.08703703703703704
198 0.9880208333333333 0.26342592592592595 0.023958333333333335 0.06759259259259259
198 0.16848958333333333 0.2726851851851852 0.028645833333333332 0.05092592592592592
198 0.45286458333333335 0.23796296296296296 0.05572916666666667 0.08703703703703704
198 0.9880208333333333 0.26342592592592595 0.023958333333333335 0.06759259259259259
198 0.16848958333333333 0.2726851851851852 0.028645833333333332 0.05092592592592592
198 0.45286458333333335 0.23796296296296296 0.05572916666666667 0.08703703703703704
198 0.9880208333333333 0.26342592592592595 0.023958333333333335 0.06759259259259259
