65 0.81640625 0.20277777777777778 0.06302083333333333 0.12037037037037036
73 0.5190104166666667 0.275 0.016145833333333335 0.027777777777777776
43 0.5190104166666667 0.24675925925925926 0.016145833333333335 0.028703703703703703
65 0.81640625 0.20277777777777778 0.06302083333333333 0.12037037037037036
73 0.5190104166666667 0.275 0.016145833333333335 0.027777777777777776
43 0.5190104166666667 0.24675925925925926 0.016145833333333335 0.028703703703703703
65 0.81640625 0.20277777777777778 0.06302083333333333 0.12037037037037036
73 0.5190104166666667 0.275 0.016145833333333335 0.027777777777777776
43 0.5190104166666667 0.24675925925925926 0.016145833333333335 0.028703703703703703
65 0.81640625 0.20277777777777778 0.06302083333333333 0.12037037037037036
73 0.5190104166666667 0.275 0.016145833333333335 0.027777777777777776
43 0.5190104166666667 0.24675925925925926 0.016145833333333335 0.028703703703703703
65 0.81640625 0.20277777777777778 0.06302083333333333 0.12037037037037036
73 0.5190104166666667 0.275 0.016145833333333335 0.027777777777777776
43 0.5190104166666667 0.24675925925925926 0.016145833333333335 0.028703703703703703
