173 0.8213541666666667 0.44212962962962965 0.06354166666666666 0.058333333333333334
10 0.8231770833333333 0.3472222222222222 0.0921875 0.15925925925925927
173 0.8213541666666667 0.44212962962962965 0.06354166666666666 0.058333333333333334
10 0.8231770833333333 0.3472222222222222 0.0921875 0.15925925925925927
173 0.8213541666666667 0.44212962962962965 0.06354166666666666 0.058333333333333334
10 0.8231770833333333 0.3472222222222222 0.0921875 0.15925925925925927
173 0.8213541666666667 0.44212962962962965 0.06354166666666666 0.058333333333333334
10 0.8231770833333333 0.3472222222222222 0.0921875 0.15925925925925927
173 0.8213541666666667 0.44212962962962965 0.06354166666666666 0.058333333333333334
10 0.8231770833333333 0.3472222222222222 0.0921875 0.15925925925925927
