78 0.18958333333333333 0.4064814814814815 0.05416666666666667 0.12962962962962962
158 0.18541666666666667 0.30833333333333335 0.05416666666666667 0.07037037037037037
136 0.028645833333333332 0.2851851851851852 0.026041666666666668 0.06296296296296296
179 0.18411458333333333 0.24444444444444444 0.05260416666666667 0.06111111111111111
59 0.18255208333333334 0.15 0.05260416666666667 0.13333333333333333
78 0.18958333333333333 0.4064814814814815 0.05416666666666667 0.12962962962962962
158 0.18541666666666667 0.30833333333333335 0.05416666666666667 0.07037037037037037
136 0.028645833333333332 0.2851851851851852 0.026041666666666668 0.06296296296296296
179 0.18411458333333333 0.24444444444444444 0.05260416666666667 0.06111111111111111
59 0.18255208333333334 0.15 0.05260416666666667 0.13333333333333333
