10 0.7200520833333334 0.19027777777777777 0.10885416666666667 0.18055555555555555
173 0.7205729166666667 0.3050925925925926 0.07239583333333334 0.062037037037037036
10 0.7200520833333334 0.19027777777777777 0.10885416666666667 0.18055555555555555
173 0.7205729166666667 0.3050925925925926 0.07239583333333334 0.062037037037037036
10 0.7200520833333334 0.19027777777777777 0.10885416666666667 0.18055555555555555
173 0.7205729166666667 0.3050925925925926 0.07239583333333334 0.062037037037037036
10 0.7200520833333334 0.19027777777777777 0.10885416666666667 0.18055555555555555
173 0.7205729166666667 0.3050925925925926 0.07239583333333334 0.062037037037037036
10 0.7200520833333334 0.19027777777777777 0.10885416666666667 0.18055555555555555
173 0.7205729166666667 0.3050925925925926 0.07239583333333334 0.062037037037037036
10 0.7200520833333334 0.19027777777777777 0.10885416666666667 0.18055555555555555
173 0.7205729166666667 0.3050925925925926 0.07239583333333334 0.062037037037037036
