55 0.7619791666666667 0.3851851851851852 0.06666666666666667 0.13148148148148148
32 0.7653645833333333 0.23333333333333334 0.1015625 0.18518518518518517
83 0.10130208333333333 0.4041666666666667 0.019270833333333334 0.028703703703703703
55 0.7619791666666667 0.3851851851851852 0.06666666666666667 0.13148148148148148
32 0.7653645833333333 0.23333333333333334 0.1015625 0.18518518518518517
83 0.10130208333333333 0.4041666666666667 0.019270833333333334 0.028703703703703703
55 0.7619791666666667 0.3851851851851852 0.06666666666666667 0.13148148148148148
32 0.7653645833333333 0.23333333333333334 0.1015625 0.18518518518518517
83 0.10130208333333333 0.4041666666666667 0.019270833333333334 0.028703703703703703
55 0.7619791666666667 0.3851851851851852 0.06666666666666667 0.13148148148148148
32 0.7653645833333333 0.23333333333333334 0.1015625 0.18518518518518517
83 0.10130208333333333 0.4041666666666667 0.019270833333333334 0.028703703703703703
55 0.7619791666666667 0.3851851851851852 0.06666666666666667 0.13148148148148148
32 0.7653645833333333 0.23333333333333334 0.1015625 0.18518518518518517
83 0.10130208333333333 0.4041666666666667 0.019270833333333334 0.028703703703703703
55 0.7619791666666667 0.3851851851851852 0.06666666666666667 0.13148148148148148
32 0.7653645833333333 0.23333333333333334 0.1015625 0.18518518518518517
83 0.10130208333333333 0.4041666666666667 0.019270833333333334 0.028703703703703703
