120 0.8263020833333333 0.2662037037037037 0.06510416666666667 0.1175925925925926
74 0.32578125 0.31527777777777777 0.033854166666666664 0.062037037037037036
186 0.32473958333333336 0.3962962962962963 0.0171875 0.1
76 0.7442708333333333 0.2550925925925926 0.022916666666666665 0.04351851851851852
37 0.7466145833333333 0.20972222222222223 0.034895833333333334 0.05462962962962963
74 0.44895833333333335 0.30416666666666664 0.017708333333333333 0.030555555555555555
120 0.8263020833333333 0.2662037037037037 0.06510416666666667 0.1175925925925926
74 0.32578125 0.31527777777777777 0.033854166666666664 0.062037037037037036
186 0.32473958333333336 0.3962962962962963 0.0171875 0.1
76 0.7442708333333333 0.2550925925925926 0.022916666666666665 0.04351851851851852
37 0.7466145833333333 0.20972222222222223 0.034895833333333334 0.05462962962962963
74 0.44895833333333335 0.30416666666666664 0.017708333333333333 0.030555555555555555
