150 0.8463541666666666 0.30972222222222223 0.07708333333333334 0.1638888888888889
43 0.5791666666666667 0.19074074074074074 0.03333333333333333 0.05925925925925926
198 0.5807291666666666 0.25462962962962965 0.03333333333333333 0.05185185185185185
179 0.38776041666666666 0.07685185185185185 0.03697916666666667 0.03333333333333333
198 0.08697916666666666 0.2800925925925926 0.03229166666666667 0.05092592592592592
150 0.8463541666666666 0.30972222222222223 0.07708333333333334 0.1638888888888889
43 0.5791666666666667 0.19074074074074074 0.03333333333333333 0.05925925925925926
198 0.5807291666666666 0.25462962962962965 0.03333333333333333 0.05185185185185185
179 0.38776041666666666 0.07685185185185185 0.03697916666666667 0.03333333333333333
198 0.08697916666666666 0.2800925925925926 0.03229166666666667 0.05092592592592592
150 0.8463541666666666 0.30972222222222223 0.07708333333333334 0.1638888888888889
43 0.5791666666666667 0.19074074074074074 0.03333333333333333 0.05925925925925926
198 0.5807291666666666 0.25462962962962965 0.03333333333333333 0.05185185185185185
179 0.38776041666666666 0.07685185185185185 0.03697916666666667 0.03333333333333333
198 0.08697916666666666 0.2800925925925926 0.03229166666666667 0.05092592592592592
150 0.8463541666666666 0.30972222222222223 0.07708333333333334 0.1638888888888889
43 0.5791666666666667 0.19074074074074074 0.03333333333333333 0.05925925925925926
198 0.5807291666666666 0.25462962962962965 0.03333333333333333 0.05185185185185185
179 0.38776041666666666 0.07685185185185185 0.03697916666666667 0.03333333333333333
198 0.08697916666666666 0.2800925925925926 0.03229166666666667 0.05092592592592592
150 0.8463541666666666 0.30972222222222223 0.07708333333333334 0.1638888888888889
43 0.5791666666666667 0.19074074074074074 0.03333333333333333 0.05925925925925926
198 0.5807291666666666 0.25462962962962965 0.03333333333333333 0.05185185185185185
179 0.38776041666666666 0.07685185185185185 0.03697916666666667 0.03333333333333333
198 0.08697916666666666 0.2800925925925926 0.03229166666666667 0.05092592592592592
150 0.8463541666666666 0.30972222222222223 0.07708333333333334 0.1638888888888889
43 0.5791666666666667 0.19074074074074074 0.03333333333333333 0.05925925925925926
198 0.5807291666666666 0.25462962962962965 0.03333333333333333 0.05185185185185185
179 0.38776041666666666 0.07685185185185185 0.03697916666666667 0.03333333333333333
198 0.08697916666666666 0.2800925925925926 0.03229166666666667 0.05092592592592592
