172 0.69921875 0.29907407407407405 0.08802083333333334 0.16111111111111112
136 0.7010416666666667 0.1439814814814815 0.084375 0.16018518518518518
96 0.20807291666666666 0.38287037037037036 0.021354166666666667 0.03796296296296296
172 0.69921875 0.29907407407407405 0.08802083333333334 0.16111111111111112
136 0.7010416666666667 0.1439814814814815 0.084375 0.16018518518518518
96 0.20807291666666666 0.38287037037037036 0.021354166666666667 0.03796296296296296
172 0.69921875 0.29907407407407405 0.08802083333333334 0.16111111111111112
136 0.7010416666666667 0.1439814814814815 0.084375 0.16018518518518518
96 0.20807291666666666 0.38287037037037036 0.021354166666666667 0.03796296296296296
172 0.69921875 0.29907407407407405 0.08802083333333334 0.16111111111111112
136 0.7010416666666667 0.1439814814814815 0.084375 0.16018518518518518
96 0.20807291666666666 0.38287037037037036 0.021354166666666667 0.03796296296296296
172 0.69921875 0.29907407407407405 0.08802083333333334 0.16111111111111112
136 0.7010416666666667 0.1439814814814815 0.084375 0.16018518518518518
96 0.20807291666666666 0.38287037037037036 0.021354166666666667 0.03796296296296296
172 0.69921875 0.29907407407407405 0.08802083333333334 0.16111111111111112
136 0.7010416666666667 0.1439814814814815 0.084375 0.16018518518518518
96 0.20807291666666666 0.38287037037037036 0.021354166666666667 0.03796296296296296
