79 0.80234375 0.1912037037037037 0.06302083333333333 0.1398148148148148
77 0.7942708333333334 0.33194444444444443 0.06666666666666667 0.14166666666666666
179 0.7893229166666667 0.42916666666666664 0.0671875 0.04722222222222222
117 0.5919270833333333 0.3680555555555556 0.0453125 0.08055555555555556
79 0.80234375 0.1912037037037037 0.06302083333333333 0.1398148148148148
77 0.7942708333333334 0.33194444444444443 0.06666666666666667 0.14166666666666666
179 0.7893229166666667 0.42916666666666664 0.0671875 0.04722222222222222
117 0.5919270833333333 0.3680555555555556 0.0453125 0.08055555555555556
79 0.80234375 0.1912037037037037 0.06302083333333333 0.1398148148148148
77 0.7942708333333334 0.33194444444444443 0.06666666666666667 0.14166666666666666
179 0.7893229166666667 0.42916666666666664 0.0671875 0.04722222222222222
117 0.5919270833333333 0.3680555555555556 0.0453125 0.08055555555555556
79 0.80234375 0.1912037037037037 0.06302083333333333 0.1398148148148148
77 0.7942708333333334 0.33194444444444443 0.06666666666666667 0.14166666666666666
179 0.7893229166666667 0.42916666666666664 0.0671875 0.04722222222222222
117 0.5919270833333333 0.3680555555555556 0.0453125 0.08055555555555556
79 0.80234375 0.1912037037037037 0.06302083333333333 0.1398148148148148
77 0.7942708333333334 0.33194444444444443 0.06666666666666667 0.14166666666666666
179 0.7893229166666667 0.42916666666666664 0.0671875 0.04722222222222222
117 0.5919270833333333 0.3680555555555556 0.0453125 0.08055555555555556
79 0.80234375 0.1912037037037037 0.06302083333333333 0.1398148148148148
77 0.7942708333333334 0.33194444444444443 0.06666666666666667 0.14166666666666666
179 0.7893229166666667 0.42916666666666664 0.0671875 0.04722222222222222
117 0.5919270833333333 0.3680555555555556 0.0453125 0.08055555555555556
