15 0.7963541666666667 0.2986111111111111 0.10729166666666666 0.1675925925925926
179 0.7958333333333333 0.4217592592592593 0.07291666666666667 0.06944444444444445
15 0.7963541666666667 0.2986111111111111 0.10729166666666666 0.1675925925925926
179 0.7958333333333333 0.4217592592592593 0.07291666666666667 0.06944444444444445
15 0.7963541666666667 0.2986111111111111 0.10729166666666666 0.1675925925925926
179 0.7958333333333333 0.4217592592592593 0.07291666666666667 0.06944444444444445
15 0.7963541666666667 0.2986111111111111 0.10729166666666666 0.1675925925925926
179 0.7958333333333333 0.4217592592592593 0.07291666666666667 0.06944444444444445
15 0.7963541666666667 0.2986111111111111 0.10729166666666666 0.1675925925925926
179 0.7958333333333333 0.4217592592592593 0.07291666666666667 0.06944444444444445
15 0.7963541666666667 0.2986111111111111 0.10729166666666666 0.1675925925925926
179 0.7958333333333333 0.4217592592592593 0.07291666666666667 0.06944444444444445
