6 0.74765625 0.33101851851851855 0.1046875 0.19907407407407407
143 0.5231770833333333 0.2902777777777778 0.05260416666666667 0.11203703703703703
6 0.74765625 0.33101851851851855 0.1046875 0.19907407407407407
143 0.5231770833333333 0.2902777777777778 0.05260416666666667 0.11203703703703703
6 0.74765625 0.33101851851851855 0.1046875 0.19907407407407407
143 0.5231770833333333 0.2902777777777778 0.05260416666666667 0.11203703703703703
6 0.74765625 0.33101851851851855 0.1046875 0.19907407407407407
143 0.5231770833333333 0.2902777777777778 0.05260416666666667 0.11203703703703703
6 0.74765625 0.33101851851851855 0.1046875 0.19907407407407407
143 0.5231770833333333 0.2902777777777778 0.05260416666666667 0.11203703703703703
6 0.74765625 0.33101851851851855 0.1046875 0.19907407407407407
143 0.5231770833333333 0.2902777777777778 0.05260416666666667 0.11203703703703703
