189 0.6609375 0.2013888888888889 0.05 0.05462962962962963
59 0.38776041666666666 0.2361111111111111 0.05572916666666667 0.1
108 0.38671875 0.13472222222222222 0.049479166666666664 0.10277777777777777
189 0.6609375 0.2013888888888889 0.05 0.05462962962962963
59 0.38776041666666666 0.2361111111111111 0.05572916666666667 0.1
108 0.38671875 0.13472222222222222 0.049479166666666664 0.10277777777777777
189 0.6609375 0.2013888888888889 0.05 0.05462962962962963
59 0.38776041666666666 0.2361111111111111 0.05572916666666667 0.1
108 0.38671875 0.13472222222222222 0.049479166666666664 0.10277777777777777
189 0.6609375 0.2013888888888889 0.05 0.05462962962962963
59 0.38776041666666666 0.2361111111111111 0.05572916666666667 0.1
108 0.38671875 0.13472222222222222 0.049479166666666664 0.10277777777777777
189 0.6609375 0.2013888888888889 0.05 0.05462962962962963
59 0.38776041666666666 0.2361111111111111 0.05572916666666667 0.1
108 0.38671875 0.13472222222222222 0.049479166666666664 0.10277777777777777
189 0.6609375 0.2013888888888889 0.05 0.05462962962962963
59 0.38776041666666666 0.2361111111111111 0.05572916666666667 0.1
108 0.38671875 0.13472222222222222 0.049479166666666664 0.10277777777777777
