192 0.8002604166666667 0.18472222222222223 0.11302083333333333 0.04537037037037037
188 0.8002604166666667 0.22407407407407406 0.1109375 0.044444444444444446
192 0.8002604166666667 0.18472222222222223 0.11302083333333333 0.04537037037037037
188 0.8002604166666667 0.22407407407407406 0.1109375 0.044444444444444446
192 0.8002604166666667 0.18472222222222223 0.11302083333333333 0.04537037037037037
188 0.8002604166666667 0.22407407407407406 0.1109375 0.044444444444444446
192 0.8002604166666667 0.18472222222222223 0.11302083333333333 0.04537037037037037
188 0.8002604166666667 0.22407407407407406 0.1109375 0.044444444444444446
192 0.8002604166666667 0.18472222222222223 0.11302083333333333 0.04537037037037037
188 0.8002604166666667 0.22407407407407406 0.1109375 0.044444444444444446
192 0.8002604166666667 0.18472222222222223 0.11302083333333333 0.04537037037037037
188 0.8002604166666667 0.22407407407407406 0.1109375 0.044444444444444446
