76 0.24010416666666667 0.275 0.0625 0.11481481481481481
37 0.09401041666666667 0.29212962962962963 0.016145833333333335 0.04537037037037037
37 0.24036458333333333 0.15231481481481482 0.09635416666666667 0.14722222222222223
76 0.24010416666666667 0.275 0.0625 0.11481481481481481
37 0.09401041666666667 0.29212962962962963 0.016145833333333335 0.04537037037037037
37 0.24036458333333333 0.15231481481481482 0.09635416666666667 0.14722222222222223
76 0.24010416666666667 0.275 0.0625 0.11481481481481481
37 0.09401041666666667 0.29212962962962963 0.016145833333333335 0.04537037037037037
37 0.24036458333333333 0.15231481481481482 0.09635416666666667 0.14722222222222223
76 0.24010416666666667 0.275 0.0625 0.11481481481481481
37 0.09401041666666667 0.29212962962962963 0.016145833333333335 0.04537037037037037
37 0.24036458333333333 0.15231481481481482 0.09635416666666667 0.14722222222222223
76 0.24010416666666667 0.275 0.0625 0.11481481481481481
37 0.09401041666666667 0.29212962962962963 0.016145833333333335 0.04537037037037037
37 0.24036458333333333 0.15231481481481482 0.09635416666666667 0.14722222222222223
76 0.24010416666666667 0.275 0.0625 0.11481481481481481
37 0.09401041666666667 0.29212962962962963 0.016145833333333335 0.04537037037037037
37 0.24036458333333333 0.15231481481481482 0.09635416666666667 0.14722222222222223
