63 0.7708333333333334 0.18703703703703703 0.090625 0.1648148148148148
186 0.2296875 0.47453703703703703 0.027083333333333334 0.15833333333333333
37 0.6888020833333334 0.2638888888888889 0.0265625 0.05
74 0.4244791666666667 0.31527777777777777 0.015625 0.028703703703703703
74 0.22890625 0.34629629629629627 0.0546875 0.09814814814814815
179 0.7690104166666667 0.3050925925925926 0.0921875 0.0787037037037037
63 0.7708333333333334 0.18703703703703703 0.090625 0.1648148148148148
186 0.2296875 0.47453703703703703 0.027083333333333334 0.15833333333333333
37 0.6888020833333334 0.2638888888888889 0.0265625 0.05
74 0.4244791666666667 0.31527777777777777 0.015625 0.028703703703703703
74 0.22890625 0.34629629629629627 0.0546875 0.09814814814814815
179 0.7690104166666667 0.3050925925925926 0.0921875 0.0787037037037037
63 0.7708333333333334 0.18703703703703703 0.090625 0.1648148148148148
186 0.2296875 0.47453703703703703 0.027083333333333334 0.15833333333333333
37 0.6888020833333334 0.2638888888888889 0.0265625 0.05
74 0.4244791666666667 0.31527777777777777 0.015625 0.028703703703703703
74 0.22890625 0.34629629629629627 0.0546875 0.09814814814814815
179 0.7690104166666667 0.3050925925925926 0.0921875 0.0787037037037037
63 0.7708333333333334 0.18703703703703703 0.090625 0.1648148148148148
186 0.2296875 0.47453703703703703 0.027083333333333334 0.15833333333333333
37 0.6888020833333334 0.2638888888888889 0.0265625 0.05
74 0.4244791666666667 0.31527777777777777 0.015625 0.028703703703703703
74 0.22890625 0.34629629629629627 0.0546875 0.09814814814814815
179 0.7690104166666667 0.3050925925925926 0.0921875 0.0787037037037037
63 0.7708333333333334 0.18703703703703703 0.090625 0.1648148148148148
186 0.2296875 0.47453703703703703 0.027083333333333334 0.15833333333333333
37 0.6888020833333334 0.2638888888888889 0.0265625 0.05
74 0.4244791666666667 0.31527777777777777 0.015625 0.028703703703703703
74 0.22890625 0.34629629629629627 0.0546875 0.09814814814814815
179 0.7690104166666667 0.3050925925925926 0.0921875 0.0787037037037037
63 0.7708333333333334 0.18703703703703703 0.090625 0.1648148148148148
186 0.2296875 0.47453703703703703 0.027083333333333334 0.15833333333333333
37 0.6888020833333334 0.2638888888888889 0.0265625 0.05
74 0.4244791666666667 0.31527777777777777 0.015625 0.028703703703703703
74 0.22890625 0.34629629629629627 0.0546875 0.09814814814814815
179 0.7690104166666667 0.3050925925925926 0.0921875 0.0787037037037037
