7 0.73828125 0.2518518518518518 0.04635416666666667 0.07037037037037037
96 0.7341145833333333 0.2564814814814815 0.0796875 0.2111111111111111
7 0.73828125 0.2518518518518518 0.04635416666666667 0.07037037037037037
96 0.7341145833333333 0.2564814814814815 0.0796875 0.2111111111111111
7 0.73828125 0.2518518518518518 0.04635416666666667 0.07037037037037037
96 0.7341145833333333 0.2564814814814815 0.0796875 0.2111111111111111
7 0.73828125 0.2518518518518518 0.04635416666666667 0.07037037037037037
96 0.7341145833333333 0.2564814814814815 0.0796875 0.2111111111111111
7 0.73828125 0.2518518518518518 0.04635416666666667 0.07037037037037037
96 0.7341145833333333 0.2564814814814815 0.0796875 0.2111111111111111
7 0.73828125 0.2518518518518518 0.04635416666666667 0.07037037037037037
96 0.7341145833333333 0.2564814814814815 0.0796875 0.2111111111111111
