18 0.2513020833333333 0.3458333333333333 0.0171875 0.03425925925925926
37 0.10729166666666666 0.32731481481481484 0.021875 0.032407407407407406
18 0.2513020833333333 0.3458333333333333 0.0171875 0.03425925925925926
37 0.10729166666666666 0.32731481481481484 0.021875 0.032407407407407406
18 0.2513020833333333 0.3458333333333333 0.0171875 0.03425925925925926
37 0.10729166666666666 0.32731481481481484 0.021875 0.032407407407407406
18 0.2513020833333333 0.3458333333333333 0.0171875 0.03425925925925926
37 0.10729166666666666 0.32731481481481484 0.021875 0.032407407407407406
18 0.2513020833333333 0.3458333333333333 0.0171875 0.03425925925925926
37 0.10729166666666666 0.32731481481481484 0.021875 0.032407407407407406
18 0.2513020833333333 0.3458333333333333 0.0171875 0.03425925925925926
37 0.10729166666666666 0.32731481481481484 0.021875 0.032407407407407406
