150 0.7700520833333333 0.2518518518518518 0.13802083333333334 0.1574074074074074
119 0.5580729166666667 0.35 0.0453125 0.08333333333333333
126 0.5729166666666666 0.32685185185185184 0.016666666666666666 0.03148148148148148
150 0.7700520833333333 0.2518518518518518 0.13802083333333334 0.1574074074074074
119 0.5580729166666667 0.35 0.0453125 0.08333333333333333
126 0.5729166666666666 0.32685185185185184 0.016666666666666666 0.03148148148148148
150 0.7700520833333333 0.2518518518518518 0.13802083333333334 0.1574074074074074
119 0.5580729166666667 0.35 0.0453125 0.08333333333333333
126 0.5729166666666666 0.32685185185185184 0.016666666666666666 0.03148148148148148
150 0.7700520833333333 0.2518518518518518 0.13802083333333334 0.1574074074074074
119 0.5580729166666667 0.35 0.0453125 0.08333333333333333
126 0.5729166666666666 0.32685185185185184 0.016666666666666666 0.03148148148148148
150 0.7700520833333333 0.2518518518518518 0.13802083333333334 0.1574074074074074
119 0.5580729166666667 0.35 0.0453125 0.08333333333333333
126 0.5729166666666666 0.32685185185185184 0.016666666666666666 0.03148148148148148
150 0.7700520833333333 0.2518518518518518 0.13802083333333334 0.1574074074074074
119 0.5580729166666667 0.35 0.0453125 0.08333333333333333
126 0.5729166666666666 0.32685185185185184 0.016666666666666666 0.03148148148148148
