69 0.7692708333333333 0.3347222222222222 0.08229166666666667 0.15462962962962962
43 0.7739583333333333 0.17777777777777778 0.08125 0.15925925925925927
69 0.7692708333333333 0.3347222222222222 0.08229166666666667 0.15462962962962962
43 0.7739583333333333 0.17777777777777778 0.08125 0.15925925925925927
69 0.7692708333333333 0.3347222222222222 0.08229166666666667 0.15462962962962962
43 0.7739583333333333 0.17777777777777778 0.08125 0.15925925925925927
69 0.7692708333333333 0.3347222222222222 0.08229166666666667 0.15462962962962962
43 0.7739583333333333 0.17777777777777778 0.08125 0.15925925925925927
69 0.7692708333333333 0.3347222222222222 0.08229166666666667 0.15462962962962962
43 0.7739583333333333 0.17777777777777778 0.08125 0.15925925925925927
69 0.7692708333333333 0.3347222222222222 0.08229166666666667 0.15462962962962962
43 0.7739583333333333 0.17777777777777778 0.08125 0.15925925925925927
