15 0.7143229166666667 0.362962962962963 0.12239583333333333 0.2074074074074074
179 0.7135416666666666 0.48564814814814816 0.08125 0.04351851851851852
15 0.7143229166666667 0.362962962962963 0.12239583333333333 0.2074074074074074
179 0.7135416666666666 0.48564814814814816 0.08125 0.04351851851851852
15 0.7143229166666667 0.362962962962963 0.12239583333333333 0.2074074074074074
179 0.7135416666666666 0.48564814814814816 0.08125 0.04351851851851852
15 0.7143229166666667 0.362962962962963 0.12239583333333333 0.2074074074074074
179 0.7135416666666666 0.48564814814814816 0.08125 0.04351851851851852
15 0.7143229166666667 0.362962962962963 0.12239583333333333 0.2074074074074074
179 0.7135416666666666 0.48564814814814816 0.08125 0.04351851851851852
15 0.7143229166666667 0.362962962962963 0.12239583333333333 0.2074074074074074
179 0.7135416666666666 0.48564814814814816 0.08125 0.04351851851851852
