102 0.7924479166666667 0.3111111111111111 0.12239583333333333 0.12222222222222222
10 0.6606770833333333 0.29583333333333334 0.04114583333333333 0.06388888888888888
102 0.7924479166666667 0.3111111111111111 0.12239583333333333 0.12222222222222222
10 0.6606770833333333 0.29583333333333334 0.04114583333333333 0.06388888888888888
102 0.7924479166666667 0.3111111111111111 0.12239583333333333 0.12222222222222222
10 0.6606770833333333 0.29583333333333334 0.04114583333333333 0.06388888888888888
102 0.7924479166666667 0.3111111111111111 0.12239583333333333 0.12222222222222222
10 0.6606770833333333 0.29583333333333334 0.04114583333333333 0.06388888888888888
102 0.7924479166666667 0.3111111111111111 0.12239583333333333 0.12222222222222222
10 0.6606770833333333 0.29583333333333334 0.04114583333333333 0.06388888888888888
102 0.7924479166666667 0.3111111111111111 0.12239583333333333 0.12222222222222222
10 0.6606770833333333 0.29583333333333334 0.04114583333333333 0.06388888888888888
