44 0.7802083333333333 0.21342592592592594 0.05520833333333333 0.10833333333333334
198 0.6658854166666667 0.2449074074074074 0.06510416666666667 0.10462962962962963
100 0.9283854166666666 0.4388888888888889 0.14322916666666666 0.17777777777777778
44 0.7802083333333333 0.21342592592592594 0.05520833333333333 0.10833333333333334
198 0.6658854166666667 0.2449074074074074 0.06510416666666667 0.10462962962962963
100 0.9283854166666666 0.4388888888888889 0.14322916666666666 0.17777777777777778
44 0.7802083333333333 0.21342592592592594 0.05520833333333333 0.10833333333333334
198 0.6658854166666667 0.2449074074074074 0.06510416666666667 0.10462962962962963
100 0.9283854166666666 0.4388888888888889 0.14322916666666666 0.17777777777777778
44 0.7802083333333333 0.21342592592592594 0.05520833333333333 0.10833333333333334
198 0.6658854166666667 0.2449074074074074 0.06510416666666667 0.10462962962962963
100 0.9283854166666666 0.4388888888888889 0.14322916666666666 0.17777777777777778
44 0.7802083333333333 0.21342592592592594 0.05520833333333333 0.10833333333333334
198 0.6658854166666667 0.2449074074074074 0.06510416666666667 0.10462962962962963
100 0.9283854166666666 0.4388888888888889 0.14322916666666666 0.17777777777777778
44 0.7802083333333333 0.21342592592592594 0.05520833333333333 0.10833333333333334
198 0.6658854166666667 0.2449074074074074 0.06510416666666667 0.10462962962962963
100 0.9283854166666666 0.4388888888888889 0.14322916666666666 0.17777777777777778
