63 0.64140625 0.10833333333333334 0.07760416666666667 0.13703703703703704
179 0.6416666666666667 0.2074074074074074 0.07708333333333334 0.05925925925925926
141 0.6432291666666666 0.31157407407407406 0.03958333333333333 0.1361111111111111
63 0.64140625 0.10833333333333334 0.07760416666666667 0.13703703703703704
179 0.6416666666666667 0.2074074074074074 0.07708333333333334 0.05925925925925926
141 0.6432291666666666 0.31157407407407406 0.03958333333333333 0.1361111111111111
63 0.64140625 0.10833333333333334 0.07760416666666667 0.13703703703703704
179 0.6416666666666667 0.2074074074074074 0.07708333333333334 0.05925925925925926
141 0.6432291666666666 0.31157407407407406 0.03958333333333333 0.1361111111111111
63 0.64140625 0.10833333333333334 0.07760416666666667 0.13703703703703704
179 0.6416666666666667 0.2074074074074074 0.07708333333333334 0.05925925925925926
141 0.6432291666666666 0.31157407407407406 0.03958333333333333 0.1361111111111111
63 0.64140625 0.10833333333333334 0.07760416666666667 0.13703703703703704
179 0.6416666666666667 0.2074074074074074 0.07708333333333334 0.05925925925925926
141 0.6432291666666666 0.31157407407407406 0.03958333333333333 0.1361111111111111
63 0.64140625 0.10833333333333334 0.07760416666666667 0.13703703703703704
179 0.6416666666666667 0.2074074074074074 0.07708333333333334 0.05925925925925926
141 0.6432291666666666 0.31157407407407406 0.03958333333333333 0.1361111111111111
