74 0.22109375 0.3509259259259259 0.08697916666666666 0.1574074074074074
186 0.23385416666666667 0.5509259259259259 0.06458333333333334 0.25
76 0.7434895833333334 0.2962962962962963 0.022395833333333334 0.03888888888888889
37 0.74453125 0.25092592592592594 0.0328125 0.05
74 0.5255208333333333 0.33240740740740743 0.015625 0.027777777777777776
74 0.22109375 0.3509259259259259 0.08697916666666666 0.1574074074074074
186 0.23385416666666667 0.5509259259259259 0.06458333333333334 0.25
76 0.7434895833333334 0.2962962962962963 0.022395833333333334 0.03888888888888889
37 0.74453125 0.25092592592592594 0.0328125 0.05
74 0.5255208333333333 0.33240740740740743 0.015625 0.027777777777777776
