155 0.7984375 0.32916666666666666 0.0625 0.03611111111111111
119 0.646875 0.12361111111111112 0.05520833333333333 0.09537037037037037
63 0.9705729166666667 0.2861111111111111 0.015104166666666667 0.03148148148148148
155 0.7984375 0.32916666666666666 0.0625 0.03611111111111111
119 0.646875 0.12361111111111112 0.05520833333333333 0.09537037037037037
63 0.9705729166666667 0.2861111111111111 0.015104166666666667 0.03148148148148148
155 0.7984375 0.32916666666666666 0.0625 0.03611111111111111
119 0.646875 0.12361111111111112 0.05520833333333333 0.09537037037037037
63 0.9705729166666667 0.2861111111111111 0.015104166666666667 0.03148148148148148
155 0.7984375 0.32916666666666666 0.0625 0.03611111111111111
119 0.646875 0.12361111111111112 0.05520833333333333 0.09537037037037037
63 0.9705729166666667 0.2861111111111111 0.015104166666666667 0.03148148148148148
155 0.7984375 0.32916666666666666 0.0625 0.03611111111111111
119 0.646875 0.12361111111111112 0.05520833333333333 0.09537037037037037
63 0.9705729166666667 0.2861111111111111 0.015104166666666667 0.03148148148148148
155 0.7984375 0.32916666666666666 0.0625 0.03611111111111111
119 0.646875 0.12361111111111112 0.05520833333333333 0.09537037037037037
63 0.9705729166666667 0.2861111111111111 0.015104166666666667 0.03148148148148148
