63 0.7278645833333334 0.19398148148148148 0.059895833333333336 0.11944444444444445
59 0.7268229166666667 0.0763888888888889 0.06510416666666667 0.12129629629629629
146 0.5299479166666666 0.2726851851851852 0.018229166666666668 0.032407407407407406
63 0.7278645833333334 0.19398148148148148 0.059895833333333336 0.11944444444444445
59 0.7268229166666667 0.0763888888888889 0.06510416666666667 0.12129629629629629
146 0.5299479166666666 0.2726851851851852 0.018229166666666668 0.032407407407407406
63 0.7278645833333334 0.19398148148148148 0.059895833333333336 0.11944444444444445
59 0.7268229166666667 0.0763888888888889 0.06510416666666667 0.12129629629629629
146 0.5299479166666666 0.2726851851851852 0.018229166666666668 0.032407407407407406
63 0.7278645833333334 0.19398148148148148 0.059895833333333336 0.11944444444444445
59 0.7268229166666667 0.0763888888888889 0.06510416666666667 0.12129629629629629
146 0.5299479166666666 0.2726851851851852 0.018229166666666668 0.032407407407407406
63 0.7278645833333334 0.19398148148148148 0.059895833333333336 0.11944444444444445
59 0.7268229166666667 0.0763888888888889 0.06510416666666667 0.12129629629629629
146 0.5299479166666666 0.2726851851851852 0.018229166666666668 0.032407407407407406
63 0.7278645833333334 0.19398148148148148 0.059895833333333336 0.11944444444444445
59 0.7268229166666667 0.0763888888888889 0.06510416666666667 0.12129629629629629
146 0.5299479166666666 0.2726851851851852 0.018229166666666668 0.032407407407407406
