15 0.6875 0.11712962962962963 0.103125 0.1712962962962963
179 0.6856770833333333 0.22592592592592592 0.07135416666666666 0.06111111111111111
15 0.6875 0.11712962962962963 0.103125 0.1712962962962963
179 0.6856770833333333 0.22592592592592592 0.07135416666666666 0.06111111111111111
15 0.6875 0.11712962962962963 0.103125 0.1712962962962963
179 0.6856770833333333 0.22592592592592592 0.07135416666666666 0.06111111111111111
15 0.6875 0.11712962962962963 0.103125 0.1712962962962963
179 0.6856770833333333 0.22592592592592592 0.07135416666666666 0.06111111111111111
15 0.6875 0.11712962962962963 0.103125 0.1712962962962963
179 0.6856770833333333 0.22592592592592592 0.07135416666666666 0.06111111111111111
15 0.6875 0.11712962962962963 0.103125 0.1712962962962963
179 0.6856770833333333 0.22592592592592592 0.07135416666666666 0.06111111111111111
