180 0.8447916666666667 0.3125 0.04375 0.049074074074074076
48 0.8424479166666666 0.24027777777777778 0.0421875 0.09166666666666666
136 0.5622395833333333 0.26666666666666666 0.0171875 0.02962962962962963
179 0.84375 0.3592592592592593 0.046875 0.04814814814814815
180 0.8447916666666667 0.3125 0.04375 0.049074074074074076
48 0.8424479166666666 0.24027777777777778 0.0421875 0.09166666666666666
136 0.5622395833333333 0.26666666666666666 0.0171875 0.02962962962962963
179 0.84375 0.3592592592592593 0.046875 0.04814814814814815
180 0.8447916666666667 0.3125 0.04375 0.049074074074074076
48 0.8424479166666666 0.24027777777777778 0.0421875 0.09166666666666666
136 0.5622395833333333 0.26666666666666666 0.0171875 0.02962962962962963
179 0.84375 0.3592592592592593 0.046875 0.04814814814814815
180 0.8447916666666667 0.3125 0.04375 0.049074074074074076
48 0.8424479166666666 0.24027777777777778 0.0421875 0.09166666666666666
136 0.5622395833333333 0.26666666666666666 0.0171875 0.02962962962962963
179 0.84375 0.3592592592592593 0.046875 0.04814814814814815
180 0.8447916666666667 0.3125 0.04375 0.049074074074074076
48 0.8424479166666666 0.24027777777777778 0.0421875 0.09166666666666666
136 0.5622395833333333 0.26666666666666666 0.0171875 0.02962962962962963
179 0.84375 0.3592592592592593 0.046875 0.04814814814814815
180 0.8447916666666667 0.3125 0.04375 0.049074074074074076
48 0.8424479166666666 0.24027777777777778 0.0421875 0.09166666666666666
136 0.5622395833333333 0.26666666666666666 0.0171875 0.02962962962962963
179 0.84375 0.3592592592592593 0.046875 0.04814814814814815
