186 0.2513020833333333 0.5837962962962963 0.0484375 0.23981481481481481
74 0.24505208333333334 0.3925925925925926 0.08072916666666667 0.15
37 0.703125 0.25555555555555554 0.028125 0.046296296296296294
76 0.7028645833333333 0.29259259259259257 0.018229166666666668 0.03518518518518519
69 0.44453125 0.32222222222222224 0.016145833333333335 0.02962962962962963
186 0.2513020833333333 0.5837962962962963 0.0484375 0.23981481481481481
74 0.24505208333333334 0.3925925925925926 0.08072916666666667 0.15
37 0.703125 0.25555555555555554 0.028125 0.046296296296296294
76 0.7028645833333333 0.29259259259259257 0.018229166666666668 0.03518518518518519
69 0.44453125 0.32222222222222224 0.016145833333333335 0.02962962962962963
