15 0.6567708333333333 0.24768518518518517 0.121875 0.19537037037037036
179 0.6544270833333333 0.37592592592592594 0.08177083333333333 0.07037037037037037
15 0.6567708333333333 0.24768518518518517 0.121875 0.19537037037037036
179 0.6544270833333333 0.37592592592592594 0.08177083333333333 0.07037037037037037
15 0.6567708333333333 0.24768518518518517 0.121875 0.19537037037037036
179 0.6544270833333333 0.37592592592592594 0.08177083333333333 0.07037037037037037
15 0.6567708333333333 0.24768518518518517 0.121875 0.19537037037037036
179 0.6544270833333333 0.37592592592592594 0.08177083333333333 0.07037037037037037
15 0.6567708333333333 0.24768518518518517 0.121875 0.19537037037037036
179 0.6544270833333333 0.37592592592592594 0.08177083333333333 0.07037037037037037
15 0.6567708333333333 0.24768518518518517 0.121875 0.19537037037037036
179 0.6544270833333333 0.37592592592592594 0.08177083333333333 0.07037037037037037
