55 0.7619791666666667 0.4527777777777778 0.08541666666666667 0.1574074074074074
173 0.7658854166666667 0.3375 0.08489583333333334 0.06759259259259259
10 0.7645833333333333 0.19675925925925927 0.13125 0.21388888888888888
55 0.7619791666666667 0.4527777777777778 0.08541666666666667 0.1574074074074074
173 0.7658854166666667 0.3375 0.08489583333333334 0.06759259259259259
10 0.7645833333333333 0.19675925925925927 0.13125 0.21388888888888888
55 0.7619791666666667 0.4527777777777778 0.08541666666666667 0.1574074074074074
173 0.7658854166666667 0.3375 0.08489583333333334 0.06759259259259259
10 0.7645833333333333 0.19675925925925927 0.13125 0.21388888888888888
55 0.7619791666666667 0.4527777777777778 0.08541666666666667 0.1574074074074074
173 0.7658854166666667 0.3375 0.08489583333333334 0.06759259259259259
10 0.7645833333333333 0.19675925925925927 0.13125 0.21388888888888888
55 0.7619791666666667 0.4527777777777778 0.08541666666666667 0.1574074074074074
173 0.7658854166666667 0.3375 0.08489583333333334 0.06759259259259259
10 0.7645833333333333 0.19675925925925927 0.13125 0.21388888888888888
55 0.7619791666666667 0.4527777777777778 0.08541666666666667 0.1574074074074074
173 0.7658854166666667 0.3375 0.08489583333333334 0.06759259259259259
10 0.7645833333333333 0.19675925925925927 0.13125 0.21388888888888888
