186 0.25546875 0.7166666666666667 0.0546875 0.2777777777777778
76 0.6953125 0.2671296296296296 0.01875 0.030555555555555555
74 0.4427083333333333 0.3282407407407407 0.015625 0.026851851851851852
37 0.6963541666666667 0.23055555555555557 0.025 0.040740740740740744
136 0.7830729166666667 0.24305555555555555 0.03802083333333333 0.06944444444444445
74 0.2518229166666667 0.48842592592592593 0.0890625 0.18055555555555555
186 0.25546875 0.7166666666666667 0.0546875 0.2777777777777778
76 0.6953125 0.2671296296296296 0.01875 0.030555555555555555
74 0.4427083333333333 0.3282407407407407 0.015625 0.026851851851851852
37 0.6963541666666667 0.23055555555555557 0.025 0.040740740740740744
136 0.7830729166666667 0.24305555555555555 0.03802083333333333 0.06944444444444445
74 0.2518229166666667 0.48842592592592593 0.0890625 0.18055555555555555
