150 0.78125 0.1986111111111111 0.11770833333333333 0.14722222222222223
136 0.55625 0.2759259259259259 0.03958333333333333 0.07037037037037037
150 0.78125 0.1986111111111111 0.11770833333333333 0.14722222222222223
136 0.55625 0.2759259259259259 0.03958333333333333 0.07037037037037037
150 0.78125 0.1986111111111111 0.11770833333333333 0.14722222222222223
136 0.55625 0.2759259259259259 0.03958333333333333 0.07037037037037037
150 0.78125 0.1986111111111111 0.11770833333333333 0.14722222222222223
136 0.55625 0.2759259259259259 0.03958333333333333 0.07037037037037037
150 0.78125 0.1986111111111111 0.11770833333333333 0.14722222222222223
136 0.55625 0.2759259259259259 0.03958333333333333 0.07037037037037037
