192 0.8671875 0.22268518518518518 0.071875 0.030555555555555555
193 0.8677083333333333 0.16944444444444445 0.071875 0.03148148148148148
192 0.8671875 0.19583333333333333 0.071875 0.030555555555555555
190 0.86640625 0.24768518518518517 0.07135416666666666 0.028703703703703703
191 0.8677083333333333 0.1425925925925926 0.071875 0.03148148148148148
192 0.8671875 0.22268518518518518 0.071875 0.030555555555555555
193 0.8677083333333333 0.16944444444444445 0.071875 0.03148148148148148
192 0.8671875 0.19583333333333333 0.071875 0.030555555555555555
190 0.86640625 0.24768518518518517 0.07135416666666666 0.028703703703703703
191 0.8677083333333333 0.1425925925925926 0.071875 0.03148148148148148
192 0.8671875 0.22268518518518518 0.071875 0.030555555555555555
193 0.8677083333333333 0.16944444444444445 0.071875 0.03148148148148148
192 0.8671875 0.19583333333333333 0.071875 0.030555555555555555
190 0.86640625 0.24768518518518517 0.07135416666666666 0.028703703703703703
191 0.8677083333333333 0.1425925925925926 0.071875 0.03148148148148148
192 0.8671875 0.22268518518518518 0.071875 0.030555555555555555
193 0.8677083333333333 0.16944444444444445 0.071875 0.03148148148148148
192 0.8671875 0.19583333333333333 0.071875 0.030555555555555555
190 0.86640625 0.24768518518518517 0.07135416666666666 0.028703703703703703
191 0.8677083333333333 0.1425925925925926 0.071875 0.03148148148148148
192 0.8671875 0.22268518518518518 0.071875 0.030555555555555555
193 0.8677083333333333 0.16944444444444445 0.071875 0.03148148148148148
192 0.8671875 0.19583333333333333 0.071875 0.030555555555555555
190 0.86640625 0.24768518518518517 0.07135416666666666 0.028703703703703703
191 0.8677083333333333 0.1425925925925926 0.071875 0.03148148148148148
192 0.8671875 0.22268518518518518 0.071875 0.030555555555555555
193 0.8677083333333333 0.16944444444444445 0.071875 0.03148148148148148
192 0.8671875 0.19583333333333333 0.071875 0.030555555555555555
190 0.86640625 0.24768518518518517 0.07135416666666666 0.028703703703703703
191 0.8677083333333333 0.1425925925925926 0.071875 0.03148148148148148
