89 0.16875 0.4476851851851852 0.046875 0.0824074074074074
100 0.809375 0.2953703703703704 0.078125 0.04814814814814815
89 0.16875 0.4476851851851852 0.046875 0.0824074074074074
100 0.809375 0.2953703703703704 0.078125 0.04814814814814815
89 0.16875 0.4476851851851852 0.046875 0.0824074074074074
100 0.809375 0.2953703703703704 0.078125 0.04814814814814815
89 0.16875 0.4476851851851852 0.046875 0.0824074074074074
100 0.809375 0.2953703703703704 0.078125 0.04814814814814815
89 0.16875 0.4476851851851852 0.046875 0.0824074074074074
100 0.809375 0.2953703703703704 0.078125 0.04814814814814815
89 0.16875 0.4476851851851852 0.046875 0.0824074074074074
100 0.809375 0.2953703703703704 0.078125 0.04814814814814815
