10 0.7463541666666667 0.33425925925925926 0.13854166666666667 0.24074074074074073
173 0.7466145833333333 0.487962962962963 0.09114583333333333 0.07962962962962963
10 0.7463541666666667 0.33425925925925926 0.13854166666666667 0.24074074074074073
173 0.7466145833333333 0.487962962962963 0.09114583333333333 0.07962962962962963
10 0.7463541666666667 0.33425925925925926 0.13854166666666667 0.24074074074074073
173 0.7466145833333333 0.487962962962963 0.09114583333333333 0.07962962962962963
10 0.7463541666666667 0.33425925925925926 0.13854166666666667 0.24074074074074073
173 0.7466145833333333 0.487962962962963 0.09114583333333333 0.07962962962962963
10 0.7463541666666667 0.33425925925925926 0.13854166666666667 0.24074074074074073
173 0.7466145833333333 0.487962962962963 0.09114583333333333 0.07962962962962963
