7 0.66328125 0.10787037037037037 0.06302083333333333 0.11203703703703703
136 0.6619791666666667 0.19722222222222222 0.04375 0.08518518518518518
78 0.65859375 0.28055555555555556 0.03802083333333333 0.07962962962962963
7 0.66328125 0.10787037037037037 0.06302083333333333 0.11203703703703703
136 0.6619791666666667 0.19722222222222222 0.04375 0.08518518518518518
78 0.65859375 0.28055555555555556 0.03802083333333333 0.07962962962962963
7 0.66328125 0.10787037037037037 0.06302083333333333 0.11203703703703703
136 0.6619791666666667 0.19722222222222222 0.04375 0.08518518518518518
78 0.65859375 0.28055555555555556 0.03802083333333333 0.07962962962962963
7 0.66328125 0.10787037037037037 0.06302083333333333 0.11203703703703703
136 0.6619791666666667 0.19722222222222222 0.04375 0.08518518518518518
78 0.65859375 0.28055555555555556 0.03802083333333333 0.07962962962962963
7 0.66328125 0.10787037037037037 0.06302083333333333 0.11203703703703703
136 0.6619791666666667 0.19722222222222222 0.04375 0.08518518518518518
78 0.65859375 0.28055555555555556 0.03802083333333333 0.07962962962962963
7 0.66328125 0.10787037037037037 0.06302083333333333 0.11203703703703703
136 0.6619791666666667 0.19722222222222222 0.04375 0.08518518518518518
78 0.65859375 0.28055555555555556 0.03802083333333333 0.07962962962962963
