60 0.7270833333333333 0.524074074074074 0.07291666666666667 0.13518518518518519
180 0.7190104166666667 0.625462962962963 0.07239583333333334 0.0712962962962963
100 0.7729166666666667 0.4023148148148148 0.11979166666666667 0.1287037037037037
60 0.7270833333333333 0.524074074074074 0.07291666666666667 0.13518518518518519
180 0.7190104166666667 0.625462962962963 0.07239583333333334 0.0712962962962963
100 0.7729166666666667 0.4023148148148148 0.11979166666666667 0.1287037037037037
60 0.7270833333333333 0.524074074074074 0.07291666666666667 0.13518518518518519
180 0.7190104166666667 0.625462962962963 0.07239583333333334 0.0712962962962963
100 0.7729166666666667 0.4023148148148148 0.11979166666666667 0.1287037037037037
60 0.7270833333333333 0.524074074074074 0.07291666666666667 0.13518518518518519
180 0.7190104166666667 0.625462962962963 0.07239583333333334 0.0712962962962963
100 0.7729166666666667 0.4023148148148148 0.11979166666666667 0.1287037037037037
60 0.7270833333333333 0.524074074074074 0.07291666666666667 0.13518518518518519
180 0.7190104166666667 0.625462962962963 0.07239583333333334 0.0712962962962963
100 0.7729166666666667 0.4023148148148148 0.11979166666666667 0.1287037037037037
60 0.7270833333333333 0.524074074074074 0.07291666666666667 0.13518518518518519
180 0.7190104166666667 0.625462962962963 0.07239583333333334 0.0712962962962963
100 0.7729166666666667 0.4023148148148148 0.11979166666666667 0.1287037037037037
