63 0.6997395833333333 0.20601851851851852 0.0515625 0.09166666666666666
179 0.6994791666666667 0.2847222222222222 0.051041666666666666 0.03981481481481482
7 0.6984375 0.10277777777777777 0.07708333333333334 0.12037037037037036
63 0.6997395833333333 0.20601851851851852 0.0515625 0.09166666666666666
179 0.6994791666666667 0.2847222222222222 0.051041666666666666 0.03981481481481482
7 0.6984375 0.10277777777777777 0.07708333333333334 0.12037037037037036
63 0.6997395833333333 0.20601851851851852 0.0515625 0.09166666666666666
179 0.6994791666666667 0.2847222222222222 0.051041666666666666 0.03981481481481482
7 0.6984375 0.10277777777777777 0.07708333333333334 0.12037037037037036
63 0.6997395833333333 0.20601851851851852 0.0515625 0.09166666666666666
179 0.6994791666666667 0.2847222222222222 0.051041666666666666 0.03981481481481482
7 0.6984375 0.10277777777777777 0.07708333333333334 0.12037037037037036
63 0.6997395833333333 0.20601851851851852 0.0515625 0.09166666666666666
179 0.6994791666666667 0.2847222222222222 0.051041666666666666 0.03981481481481482
7 0.6984375 0.10277777777777777 0.07708333333333334 0.12037037037037036
63 0.6997395833333333 0.20601851851851852 0.0515625 0.09166666666666666
179 0.6994791666666667 0.2847222222222222 0.051041666666666666 0.03981481481481482
7 0.6984375 0.10277777777777777 0.07708333333333334 0.12037037037037036
