186 0.20234375 0.6263888888888889 0.0421875 0.2064814814814815
74 0.19348958333333333 0.4587962962962963 0.0671875 0.13055555555555556
186 0.20234375 0.6263888888888889 0.0421875 0.2064814814814815
74 0.19348958333333333 0.4587962962962963 0.0671875 0.13055555555555556
186 0.20234375 0.6263888888888889 0.0421875 0.2064814814814815
74 0.19348958333333333 0.4587962962962963 0.0671875 0.13055555555555556
186 0.20234375 0.6263888888888889 0.0421875 0.2064814814814815
74 0.19348958333333333 0.4587962962962963 0.0671875 0.13055555555555556
186 0.20234375 0.6263888888888889 0.0421875 0.2064814814814815
74 0.19348958333333333 0.4587962962962963 0.0671875 0.13055555555555556
