99 0.3026041666666667 0.3388888888888889 0.034375 0.06851851851851852
197 0.3567708333333333 0.24537037037037038 0.019791666666666666 0.046296296296296294
99 0.3026041666666667 0.3388888888888889 0.034375 0.06851851851851852
197 0.3567708333333333 0.24537037037037038 0.019791666666666666 0.046296296296296294
99 0.3026041666666667 0.3388888888888889 0.034375 0.06851851851851852
197 0.3567708333333333 0.24537037037037038 0.019791666666666666 0.046296296296296294
99 0.3026041666666667 0.3388888888888889 0.034375 0.06851851851851852
197 0.3567708333333333 0.24537037037037038 0.019791666666666666 0.046296296296296294
99 0.3026041666666667 0.3388888888888889 0.034375 0.06851851851851852
197 0.3567708333333333 0.24537037037037038 0.019791666666666666 0.046296296296296294
99 0.3026041666666667 0.3388888888888889 0.034375 0.06851851851851852
197 0.3567708333333333 0.24537037037037038 0.019791666666666666 0.046296296296296294
