76 0.8447916666666667 0.19768518518518519 0.04375 0.08055555555555556
37 0.84375 0.1125 0.07083333333333333 0.10648148148148148
74 0.30546875 0.3541666666666667 0.0296875 0.05092592592592592
76 0.8447916666666667 0.19768518518518519 0.04375 0.08055555555555556
37 0.84375 0.1125 0.07083333333333333 0.10648148148148148
74 0.30546875 0.3541666666666667 0.0296875 0.05092592592592592
76 0.8447916666666667 0.19768518518518519 0.04375 0.08055555555555556
37 0.84375 0.1125 0.07083333333333333 0.10648148148148148
74 0.30546875 0.3541666666666667 0.0296875 0.05092592592592592
76 0.8447916666666667 0.19768518518518519 0.04375 0.08055555555555556
37 0.84375 0.1125 0.07083333333333333 0.10648148148148148
74 0.30546875 0.3541666666666667 0.0296875 0.05092592592592592
76 0.8447916666666667 0.19768518518518519 0.04375 0.08055555555555556
37 0.84375 0.1125 0.07083333333333333 0.10648148148148148
74 0.30546875 0.3541666666666667 0.0296875 0.05092592592592592
76 0.8447916666666667 0.19768518518518519 0.04375 0.08055555555555556
37 0.84375 0.1125 0.07083333333333333 0.10648148148148148
74 0.30546875 0.3541666666666667 0.0296875 0.05092592592592592
