182 0.6888020833333334 0.6347222222222222 0.0546875 0.29907407407407405
182 0.4744791666666667 0.4444444444444444 0.01875 0.13148148148148148
182 0.6888020833333334 0.6347222222222222 0.0546875 0.29907407407407405
182 0.4744791666666667 0.4444444444444444 0.01875 0.13148148148148148
182 0.6888020833333334 0.6347222222222222 0.0546875 0.29907407407407405
182 0.4744791666666667 0.4444444444444444 0.01875 0.13148148148148148
182 0.6888020833333334 0.6347222222222222 0.0546875 0.29907407407407405
182 0.4744791666666667 0.4444444444444444 0.01875 0.13148148148148148
182 0.6888020833333334 0.6347222222222222 0.0546875 0.29907407407407405
182 0.4744791666666667 0.4444444444444444 0.01875 0.13148148148148148
182 0.6888020833333334 0.6347222222222222 0.0546875 0.29907407407407405
182 0.4744791666666667 0.4444444444444444 0.01875 0.13148148148148148
