88 0.74375 0.5319444444444444 0.0875 0.15462962962962962
88 0.46015625 0.3425925925925926 0.0203125 0.03333333333333333
88 0.74375 0.5319444444444444 0.0875 0.15462962962962962
88 0.46015625 0.3425925925925926 0.0203125 0.03333333333333333
88 0.74375 0.5319444444444444 0.0875 0.15462962962962962
88 0.46015625 0.3425925925925926 0.0203125 0.03333333333333333
88 0.74375 0.5319444444444444 0.0875 0.15462962962962962
88 0.46015625 0.3425925925925926 0.0203125 0.03333333333333333
88 0.74375 0.5319444444444444 0.0875 0.15462962962962962
88 0.46015625 0.3425925925925926 0.0203125 0.03333333333333333
88 0.74375 0.5319444444444444 0.0875 0.15462962962962962
88 0.46015625 0.3425925925925926 0.0203125 0.03333333333333333
