74 0.21875 0.4212962962962963 0.07916666666666666 0.14814814814814814
186 0.21744791666666666 0.6106481481481482 0.0421875 0.23796296296296296
37 0.6635416666666667 0.2574074074074074 0.042708333333333334 0.06481481481481481
76 0.66015625 0.31342592592592594 0.028645833333333332 0.05092592592592592
74 0.4890625 0.3388888888888889 0.017708333333333333 0.02962962962962963
74 0.21875 0.4212962962962963 0.07916666666666666 0.14814814814814814
186 0.21744791666666666 0.6106481481481482 0.0421875 0.23796296296296296
37 0.6635416666666667 0.2574074074074074 0.042708333333333334 0.06481481481481481
76 0.66015625 0.31342592592592594 0.028645833333333332 0.05092592592592592
74 0.4890625 0.3388888888888889 0.017708333333333333 0.02962962962962963
