155 0.83046875 0.2875 0.04635416666666667 0.030555555555555555
14 0.83046875 0.2111111111111111 0.06927083333333334 0.14074074074074075
155 0.83046875 0.2875 0.04635416666666667 0.030555555555555555
14 0.83046875 0.2111111111111111 0.06927083333333334 0.14074074074074075
155 0.83046875 0.2875 0.04635416666666667 0.030555555555555555
14 0.83046875 0.2111111111111111 0.06927083333333334 0.14074074074074075
155 0.83046875 0.2875 0.04635416666666667 0.030555555555555555
14 0.83046875 0.2111111111111111 0.06927083333333334 0.14074074074074075
155 0.83046875 0.2875 0.04635416666666667 0.030555555555555555
14 0.83046875 0.2111111111111111 0.06927083333333334 0.14074074074074075
155 0.83046875 0.2875 0.04635416666666667 0.030555555555555555
14 0.83046875 0.2111111111111111 0.06927083333333334 0.14074074074074075
