74 0.26145833333333335 0.4217592592592593 0.08333333333333333 0.15833333333333333
37 0.7979166666666667 0.30277777777777776 0.025 0.040740740740740744
76 0.7958333333333333 0.33425925925925926 0.015625 0.02962962962962963
186 0.26223958333333336 0.6287037037037037 0.04739583333333333 0.24814814814814815
74 0.26145833333333335 0.4217592592592593 0.08333333333333333 0.15833333333333333
37 0.7979166666666667 0.30277777777777776 0.025 0.040740740740740744
76 0.7958333333333333 0.33425925925925926 0.015625 0.02962962962962963
186 0.26223958333333336 0.6287037037037037 0.04739583333333333 0.24814814814814815
74 0.26145833333333335 0.4217592592592593 0.08333333333333333 0.15833333333333333
37 0.7979166666666667 0.30277777777777776 0.025 0.040740740740740744
76 0.7958333333333333 0.33425925925925926 0.015625 0.02962962962962963
186 0.26223958333333336 0.6287037037037037 0.04739583333333333 0.24814814814814815
74 0.26145833333333335 0.4217592592592593 0.08333333333333333 0.15833333333333333
37 0.7979166666666667 0.30277777777777776 0.025 0.040740740740740744
76 0.7958333333333333 0.33425925925925926 0.015625 0.02962962962962963
186 0.26223958333333336 0.6287037037037037 0.04739583333333333 0.24814814814814815
74 0.26145833333333335 0.4217592592592593 0.08333333333333333 0.15833333333333333
37 0.7979166666666667 0.30277777777777776 0.025 0.040740740740740744
76 0.7958333333333333 0.33425925925925926 0.015625 0.02962962962962963
186 0.26223958333333336 0.6287037037037037 0.04739583333333333 0.24814814814814815
