63 0.92109375 0.2935185185185185 0.022395833333333334 0.04814814814814815
37 0.8455729166666667 0.09259259259259259 0.058854166666666666 0.08518518518518518
63 0.92109375 0.2935185185185185 0.022395833333333334 0.04814814814814815
37 0.8455729166666667 0.09259259259259259 0.058854166666666666 0.08518518518518518
63 0.92109375 0.2935185185185185 0.022395833333333334 0.04814814814814815
37 0.8455729166666667 0.09259259259259259 0.058854166666666666 0.08518518518518518
63 0.92109375 0.2935185185185185 0.022395833333333334 0.04814814814814815
37 0.8455729166666667 0.09259259259259259 0.058854166666666666 0.08518518518518518
63 0.92109375 0.2935185185185185 0.022395833333333334 0.04814814814814815
37 0.8455729166666667 0.09259259259259259 0.058854166666666666 0.08518518518518518
63 0.92109375 0.2935185185185185 0.022395833333333334 0.04814814814814815
37 0.8455729166666667 0.09259259259259259 0.058854166666666666 0.08518518518518518
