180 0.8096354166666667 0.25462962962962965 0.0609375 0.06666666666666667
59 0.8098958333333334 0.16018518518518518 0.0625 0.12777777777777777
180 0.8096354166666667 0.25462962962962965 0.0609375 0.06666666666666667
59 0.8098958333333334 0.16018518518518518 0.0625 0.12777777777777777
180 0.8096354166666667 0.25462962962962965 0.0609375 0.06666666666666667
59 0.8098958333333334 0.16018518518518518 0.0625 0.12777777777777777
180 0.8096354166666667 0.25462962962962965 0.0609375 0.06666666666666667
59 0.8098958333333334 0.16018518518518518 0.0625 0.12777777777777777
180 0.8096354166666667 0.25462962962962965 0.0609375 0.06666666666666667
59 0.8098958333333334 0.16018518518518518 0.0625 0.12777777777777777
180 0.8096354166666667 0.25462962962962965 0.0609375 0.06666666666666667
59 0.8098958333333334 0.16018518518518518 0.0625 0.12777777777777777
