194 0.07760416666666667 0.36018518518518516 0.140625 0.05555555555555555
194 0.0765625 0.3106481481481482 0.14166666666666666 0.05092592592592592
198 0.8861979166666667 0.30462962962962964 0.022395833333333334 0.03518518518518519
40 0.8463541666666666 0.2828703703703704 0.03125 0.05648148148148148
63 0.84765625 0.22870370370370371 0.030729166666666665 0.05555555555555555
194 0.07760416666666667 0.36018518518518516 0.140625 0.05555555555555555
194 0.0765625 0.3106481481481482 0.14166666666666666 0.05092592592592592
198 0.8861979166666667 0.30462962962962964 0.022395833333333334 0.03518518518518519
40 0.8463541666666666 0.2828703703703704 0.03125 0.05648148148148148
63 0.84765625 0.22870370370370371 0.030729166666666665 0.05555555555555555
194 0.07760416666666667 0.36018518518518516 0.140625 0.05555555555555555
194 0.0765625 0.3106481481481482 0.14166666666666666 0.05092592592592592
198 0.8861979166666667 0.30462962962962964 0.022395833333333334 0.03518518518518519
40 0.8463541666666666 0.2828703703703704 0.03125 0.05648148148148148
63 0.84765625 0.22870370370370371 0.030729166666666665 0.05555555555555555
194 0.07760416666666667 0.36018518518518516 0.140625 0.05555555555555555
194 0.0765625 0.3106481481481482 0.14166666666666666 0.05092592592592592
198 0.8861979166666667 0.30462962962962964 0.022395833333333334 0.03518518518518519
40 0.8463541666666666 0.2828703703703704 0.03125 0.05648148148148148
63 0.84765625 0.22870370370370371 0.030729166666666665 0.05555555555555555
194 0.07760416666666667 0.36018518518518516 0.140625 0.05555555555555555
194 0.0765625 0.3106481481481482 0.14166666666666666 0.05092592592592592
198 0.8861979166666667 0.30462962962962964 0.022395833333333334 0.03518518518518519
40 0.8463541666666666 0.2828703703703704 0.03125 0.05648148148148148
63 0.84765625 0.22870370370370371 0.030729166666666665 0.05555555555555555
194 0.07760416666666667 0.36018518518518516 0.140625 0.05555555555555555
194 0.0765625 0.3106481481481482 0.14166666666666666 0.05092592592592592
198 0.8861979166666667 0.30462962962962964 0.022395833333333334 0.03518518518518519
40 0.8463541666666666 0.2828703703703704 0.03125 0.05648148148148148
63 0.84765625 0.22870370370370371 0.030729166666666665 0.05555555555555555
