180 0.7778645833333333 0.5699074074074074 0.0609375 0.05648148148148148
59 0.78046875 0.4787037037037037 0.06197916666666667 0.1111111111111111
100 0.8033854166666666 0.37777777777777777 0.10260416666666666 0.0962962962962963
180 0.7778645833333333 0.5699074074074074 0.0609375 0.05648148148148148
59 0.78046875 0.4787037037037037 0.06197916666666667 0.1111111111111111
100 0.8033854166666666 0.37777777777777777 0.10260416666666666 0.0962962962962963
180 0.7778645833333333 0.5699074074074074 0.0609375 0.05648148148148148
59 0.78046875 0.4787037037037037 0.06197916666666667 0.1111111111111111
100 0.8033854166666666 0.37777777777777777 0.10260416666666666 0.0962962962962963
180 0.7778645833333333 0.5699074074074074 0.0609375 0.05648148148148148
59 0.78046875 0.4787037037037037 0.06197916666666667 0.1111111111111111
100 0.8033854166666666 0.37777777777777777 0.10260416666666666 0.0962962962962963
180 0.7778645833333333 0.5699074074074074 0.0609375 0.05648148148148148
59 0.78046875 0.4787037037037037 0.06197916666666667 0.1111111111111111
100 0.8033854166666666 0.37777777777777777 0.10260416666666666 0.0962962962962963
180 0.7778645833333333 0.5699074074074074 0.0609375 0.05648148148148148
59 0.78046875 0.4787037037037037 0.06197916666666667 0.1111111111111111
100 0.8033854166666666 0.37777777777777777 0.10260416666666666 0.0962962962962963
