155 0.84765625 0.262037037037037 0.0421875 0.03518518518518519
8 0.8471354166666667 0.18981481481481483 0.06302083333333333 0.10740740740740741
155 0.84765625 0.262037037037037 0.0421875 0.03518518518518519
8 0.8471354166666667 0.18981481481481483 0.06302083333333333 0.10740740740740741
155 0.84765625 0.262037037037037 0.0421875 0.03518518518518519
8 0.8471354166666667 0.18981481481481483 0.06302083333333333 0.10740740740740741
155 0.84765625 0.262037037037037 0.0421875 0.03518518518518519
8 0.8471354166666667 0.18981481481481483 0.06302083333333333 0.10740740740740741
155 0.84765625 0.262037037037037 0.0421875 0.03518518518518519
8 0.8471354166666667 0.18981481481481483 0.06302083333333333 0.10740740740740741
155 0.84765625 0.262037037037037 0.0421875 0.03518518518518519
8 0.8471354166666667 0.18981481481481483 0.06302083333333333 0.10740740740740741
