145 0.8057291666666667 0.23981481481481481 0.06770833333333333 0.18333333333333332
150 0.4549479166666667 0.29305555555555557 0.025520833333333333 0.030555555555555555
145 0.8057291666666667 0.23981481481481481 0.06770833333333333 0.18333333333333332
150 0.4549479166666667 0.29305555555555557 0.025520833333333333 0.030555555555555555
145 0.8057291666666667 0.23981481481481481 0.06770833333333333 0.18333333333333332
150 0.4549479166666667 0.29305555555555557 0.025520833333333333 0.030555555555555555
145 0.8057291666666667 0.23981481481481481 0.06770833333333333 0.18333333333333332
150 0.4549479166666667 0.29305555555555557 0.025520833333333333 0.030555555555555555
145 0.8057291666666667 0.23981481481481481 0.06770833333333333 0.18333333333333332
150 0.4549479166666667 0.29305555555555557 0.025520833333333333 0.030555555555555555
145 0.8057291666666667 0.23981481481481481 0.06770833333333333 0.18333333333333332
150 0.4549479166666667 0.29305555555555557 0.025520833333333333 0.030555555555555555
