152 0.7799479166666666 0.09490740740740741 0.0984375 0.08981481481481482
37 0.88671875 0.23333333333333334 0.0265625 0.040740740740740744
153 0.3411458333333333 0.10648148148148148 0.06770833333333333 0.044444444444444446
119 0.6052083333333333 0.2125 0.023958333333333335 0.04351851851851852
151 0.46979166666666666 0.10648148148148148 0.07708333333333334 0.046296296296296294
152 0.7799479166666666 0.09490740740740741 0.0984375 0.08981481481481482
37 0.88671875 0.23333333333333334 0.0265625 0.040740740740740744
153 0.3411458333333333 0.10648148148148148 0.06770833333333333 0.044444444444444446
119 0.6052083333333333 0.2125 0.023958333333333335 0.04351851851851852
151 0.46979166666666666 0.10648148148148148 0.07708333333333334 0.046296296296296294
