60 0.4722222222222222 0.22916666666666666 0.07222222222222222 0.09722222222222222
99 0.8097222222222222 0.1831597222222222 0.1388888888888889 0.203125
60 0.4722222222222222 0.22916666666666666 0.07222222222222222 0.09722222222222222
99 0.8097222222222222 0.1831597222222222 0.1388888888888889 0.203125
60 0.4722222222222222 0.22916666666666666 0.07222222222222222 0.09722222222222222
99 0.8097222222222222 0.1831597222222222 0.1388888888888889 0.203125
60 0.4722222222222222 0.22916666666666666 0.07222222222222222 0.09722222222222222
99 0.8097222222222222 0.1831597222222222 0.1388888888888889 0.203125
60 0.4722222222222222 0.22916666666666666 0.07222222222222222 0.09722222222222222
99 0.8097222222222222 0.1831597222222222 0.1388888888888889 0.203125
60 0.4722222222222222 0.22916666666666666 0.07222222222222222 0.09722222222222222
99 0.8097222222222222 0.1831597222222222 0.1388888888888889 0.203125
