63 0.8075520833333333 0.1726851851851852 0.05677083333333333 0.10277777777777777
179 0.8088541666666667 0.24722222222222223 0.05625 0.04814814814814815
59 0.8046875 0.06898148148148148 0.058333333333333334 0.10277777777777777
63 0.8075520833333333 0.1726851851851852 0.05677083333333333 0.10277777777777777
179 0.8088541666666667 0.24722222222222223 0.05625 0.04814814814814815
59 0.8046875 0.06898148148148148 0.058333333333333334 0.10277777777777777
63 0.8075520833333333 0.1726851851851852 0.05677083333333333 0.10277777777777777
179 0.8088541666666667 0.24722222222222223 0.05625 0.04814814814814815
59 0.8046875 0.06898148148148148 0.058333333333333334 0.10277777777777777
63 0.8075520833333333 0.1726851851851852 0.05677083333333333 0.10277777777777777
179 0.8088541666666667 0.24722222222222223 0.05625 0.04814814814814815
59 0.8046875 0.06898148148148148 0.058333333333333334 0.10277777777777777
63 0.8075520833333333 0.1726851851851852 0.05677083333333333 0.10277777777777777
179 0.8088541666666667 0.24722222222222223 0.05625 0.04814814814814815
59 0.8046875 0.06898148148148148 0.058333333333333334 0.10277777777777777
63 0.8075520833333333 0.1726851851851852 0.05677083333333333 0.10277777777777777
179 0.8088541666666667 0.24722222222222223 0.05625 0.04814814814814815
59 0.8046875 0.06898148148148148 0.058333333333333334 0.10277777777777777
