87 0.38177083333333334 0.39444444444444443 0.021875 0.040740740740740744
87 0.32916666666666666 0.4027777777777778 0.021875 0.044444444444444446
87 0.27786458333333336 0.41064814814814815 0.024479166666666666 0.04351851851851852
86 0.68671875 0.41064814814814815 0.027604166666666666 0.05277777777777778
87 0.38177083333333334 0.39444444444444443 0.021875 0.040740740740740744
87 0.32916666666666666 0.4027777777777778 0.021875 0.044444444444444446
87 0.27786458333333336 0.41064814814814815 0.024479166666666666 0.04351851851851852
86 0.68671875 0.41064814814814815 0.027604166666666666 0.05277777777777778
87 0.38177083333333334 0.39444444444444443 0.021875 0.040740740740740744
87 0.32916666666666666 0.4027777777777778 0.021875 0.044444444444444446
87 0.27786458333333336 0.41064814814814815 0.024479166666666666 0.04351851851851852
86 0.68671875 0.41064814814814815 0.027604166666666666 0.05277777777777778
87 0.38177083333333334 0.39444444444444443 0.021875 0.040740740740740744
87 0.32916666666666666 0.4027777777777778 0.021875 0.044444444444444446
87 0.27786458333333336 0.41064814814814815 0.024479166666666666 0.04351851851851852
86 0.68671875 0.41064814814814815 0.027604166666666666 0.05277777777777778
87 0.38177083333333334 0.39444444444444443 0.021875 0.040740740740740744
87 0.32916666666666666 0.4027777777777778 0.021875 0.044444444444444446
87 0.27786458333333336 0.41064814814814815 0.024479166666666666 0.04351851851851852
86 0.68671875 0.41064814814814815 0.027604166666666666 0.05277777777777778
87 0.38177083333333334 0.39444444444444443 0.021875 0.040740740740740744
87 0.32916666666666666 0.4027777777777778 0.021875 0.044444444444444446
87 0.27786458333333336 0.41064814814814815 0.024479166666666666 0.04351851851851852
86 0.68671875 0.41064814814814815 0.027604166666666666 0.05277777777777778
