177 0.9020833333333333 0.25555555555555554 0.05 0.04259259259259259
65 0.9041666666666667 0.18194444444444444 0.051041666666666666 0.10092592592592593
7 0.5169270833333334 0.29907407407407405 0.019270833333333334 0.02962962962962963
177 0.9020833333333333 0.25555555555555554 0.05 0.04259259259259259
65 0.9041666666666667 0.18194444444444444 0.051041666666666666 0.10092592592592593
7 0.5169270833333334 0.29907407407407405 0.019270833333333334 0.02962962962962963
177 0.9020833333333333 0.25555555555555554 0.05 0.04259259259259259
65 0.9041666666666667 0.18194444444444444 0.051041666666666666 0.10092592592592593
7 0.5169270833333334 0.29907407407407405 0.019270833333333334 0.02962962962962963
177 0.9020833333333333 0.25555555555555554 0.05 0.04259259259259259
65 0.9041666666666667 0.18194444444444444 0.051041666666666666 0.10092592592592593
7 0.5169270833333334 0.29907407407407405 0.019270833333333334 0.02962962962962963
177 0.9020833333333333 0.25555555555555554 0.05 0.04259259259259259
65 0.9041666666666667 0.18194444444444444 0.051041666666666666 0.10092592592592593
7 0.5169270833333334 0.29907407407407405 0.019270833333333334 0.02962962962962963
177 0.9020833333333333 0.25555555555555554 0.05 0.04259259259259259
65 0.9041666666666667 0.18194444444444444 0.051041666666666666 0.10092592592592593
7 0.5169270833333334 0.29907407407407405 0.019270833333333334 0.02962962962962963
