151 0.7486979166666666 0.14166666666666666 0.14114583333333333 0.10555555555555556
100 0.7479166666666667 0.2351851851851852 0.12083333333333333 0.08888888888888889
151 0.7486979166666666 0.14166666666666666 0.14114583333333333 0.10555555555555556
100 0.7479166666666667 0.2351851851851852 0.12083333333333333 0.08888888888888889
151 0.7486979166666666 0.14166666666666666 0.14114583333333333 0.10555555555555556
100 0.7479166666666667 0.2351851851851852 0.12083333333333333 0.08888888888888889
151 0.7486979166666666 0.14166666666666666 0.14114583333333333 0.10555555555555556
100 0.7479166666666667 0.2351851851851852 0.12083333333333333 0.08888888888888889
151 0.7486979166666666 0.14166666666666666 0.14114583333333333 0.10555555555555556
100 0.7479166666666667 0.2351851851851852 0.12083333333333333 0.08888888888888889
151 0.7486979166666666 0.14166666666666666 0.14114583333333333 0.10555555555555556
100 0.7479166666666667 0.2351851851851852 0.12083333333333333 0.08888888888888889
