19 0.7411458333333333 0.31203703703703706 0.11145833333333334 0.18888888888888888
189 0.65859375 0.37546296296296294 0.11302083333333333 0.05277777777777778
193 0.6627604166666666 0.2601851851851852 0.11302083333333333 0.05185185185185185
193 0.6638020833333333 0.22175925925925927 0.1140625 0.05092592592592592
193 0.6651041666666667 0.18425925925925926 0.11458333333333333 0.05
193 0.6666666666666666 0.1449074074074074 0.11458333333333333 0.05092592592592592
189 0.6604166666666667 0.33564814814814814 0.1125 0.05092592592592592
189 0.6614583333333334 0.29814814814814816 0.1125 0.05
19 0.7411458333333333 0.31203703703703706 0.11145833333333334 0.18888888888888888
189 0.65859375 0.37546296296296294 0.11302083333333333 0.05277777777777778
193 0.6627604166666666 0.2601851851851852 0.11302083333333333 0.05185185185185185
193 0.6638020833333333 0.22175925925925927 0.1140625 0.05092592592592592
193 0.6651041666666667 0.18425925925925926 0.11458333333333333 0.05
193 0.6666666666666666 0.1449074074074074 0.11458333333333333 0.05092592592592592
189 0.6604166666666667 0.33564814814814814 0.1125 0.05092592592592592
189 0.6614583333333334 0.29814814814814816 0.1125 0.05
