82 0.7697916666666667 0.19814814814814816 0.109375 0.26666666666666666
155 0.7802083333333333 0.3449074074074074 0.09270833333333334 0.06759259259259259
82 0.7697916666666667 0.19814814814814816 0.109375 0.26666666666666666
155 0.7802083333333333 0.3449074074074074 0.09270833333333334 0.06759259259259259
82 0.7697916666666667 0.19814814814814816 0.109375 0.26666666666666666
155 0.7802083333333333 0.3449074074074074 0.09270833333333334 0.06759259259259259
82 0.7697916666666667 0.19814814814814816 0.109375 0.26666666666666666
155 0.7802083333333333 0.3449074074074074 0.09270833333333334 0.06759259259259259
82 0.7697916666666667 0.19814814814814816 0.109375 0.26666666666666666
155 0.7802083333333333 0.3449074074074074 0.09270833333333334 0.06759259259259259
82 0.7697916666666667 0.19814814814814816 0.109375 0.26666666666666666
155 0.7802083333333333 0.3449074074074074 0.09270833333333334 0.06759259259259259
