143 0.7619791666666667 0.27824074074074073 0.2635416666666667 0.32685185185185184
46 0.8567708333333334 0.2587962962962963 0.021875 0.041666666666666664
143 0.7619791666666667 0.27824074074074073 0.2635416666666667 0.32685185185185184
46 0.8567708333333334 0.2587962962962963 0.021875 0.041666666666666664
143 0.7619791666666667 0.27824074074074073 0.2635416666666667 0.32685185185185184
46 0.8567708333333334 0.2587962962962963 0.021875 0.041666666666666664
143 0.7619791666666667 0.27824074074074073 0.2635416666666667 0.32685185185185184
46 0.8567708333333334 0.2587962962962963 0.021875 0.041666666666666664
143 0.7619791666666667 0.27824074074074073 0.2635416666666667 0.32685185185185184
46 0.8567708333333334 0.2587962962962963 0.021875 0.041666666666666664
