35 0.79140625 0.27314814814814814 0.07447916666666667 0.12222222222222222
179 0.7911458333333333 0.35833333333333334 0.051041666666666666 0.05
35 0.79140625 0.27314814814814814 0.07447916666666667 0.12222222222222222
179 0.7911458333333333 0.35833333333333334 0.051041666666666666 0.05
35 0.79140625 0.27314814814814814 0.07447916666666667 0.12222222222222222
179 0.7911458333333333 0.35833333333333334 0.051041666666666666 0.05
35 0.79140625 0.27314814814814814 0.07447916666666667 0.12222222222222222
179 0.7911458333333333 0.35833333333333334 0.051041666666666666 0.05
35 0.79140625 0.27314814814814814 0.07447916666666667 0.12222222222222222
179 0.7911458333333333 0.35833333333333334 0.051041666666666666 0.05
35 0.79140625 0.27314814814814814 0.07447916666666667 0.12222222222222222
179 0.7911458333333333 0.35833333333333334 0.051041666666666666 0.05
