147 0.7783854166666667 0.2671296296296296 0.16927083333333334 0.27314814814814814
179 0.7268229166666667 0.3509259259259259 0.021354166666666667 0.03333333333333333
78 0.7270833333333333 0.31574074074074077 0.019791666666666666 0.037037037037037035
126 0.8354166666666667 0.3282407407407407 0.020833333333333332 0.05648148148148148
147 0.7783854166666667 0.2671296296296296 0.16927083333333334 0.27314814814814814
179 0.7268229166666667 0.3509259259259259 0.021354166666666667 0.03333333333333333
78 0.7270833333333333 0.31574074074074077 0.019791666666666666 0.037037037037037035
126 0.8354166666666667 0.3282407407407407 0.020833333333333332 0.05648148148148148
147 0.7783854166666667 0.2671296296296296 0.16927083333333334 0.27314814814814814
179 0.7268229166666667 0.3509259259259259 0.021354166666666667 0.03333333333333333
78 0.7270833333333333 0.31574074074074077 0.019791666666666666 0.037037037037037035
126 0.8354166666666667 0.3282407407407407 0.020833333333333332 0.05648148148148148
147 0.7783854166666667 0.2671296296296296 0.16927083333333334 0.27314814814814814
179 0.7268229166666667 0.3509259259259259 0.021354166666666667 0.03333333333333333
78 0.7270833333333333 0.31574074074074077 0.019791666666666666 0.037037037037037035
126 0.8354166666666667 0.3282407407407407 0.020833333333333332 0.05648148148148148
147 0.7783854166666667 0.2671296296296296 0.16927083333333334 0.27314814814814814
179 0.7268229166666667 0.3509259259259259 0.021354166666666667 0.03333333333333333
78 0.7270833333333333 0.31574074074074077 0.019791666666666666 0.037037037037037035
126 0.8354166666666667 0.3282407407407407 0.020833333333333332 0.05648148148148148
147 0.7783854166666667 0.2671296296296296 0.16927083333333334 0.27314814814814814
179 0.7268229166666667 0.3509259259259259 0.021354166666666667 0.03333333333333333
78 0.7270833333333333 0.31574074074074077 0.019791666666666666 0.037037037037037035
126 0.8354166666666667 0.3282407407407407 0.020833333333333332 0.05648148148148148
