146 0.7986979166666667 0.26805555555555555 0.0859375 0.1675925925925926
151 0.5169270833333334 0.21064814814814814 0.027604166666666666 0.04537037037037037
152 0.546875 0.21203703703703702 0.030208333333333334 0.04814814814814815
152 0.5791666666666667 0.21388888888888888 0.030208333333333334 0.04814814814814815
146 0.7986979166666667 0.26805555555555555 0.0859375 0.1675925925925926
151 0.5169270833333334 0.21064814814814814 0.027604166666666666 0.04537037037037037
152 0.546875 0.21203703703703702 0.030208333333333334 0.04814814814814815
152 0.5791666666666667 0.21388888888888888 0.030208333333333334 0.04814814814814815
146 0.7986979166666667 0.26805555555555555 0.0859375 0.1675925925925926
151 0.5169270833333334 0.21064814814814814 0.027604166666666666 0.04537037037037037
152 0.546875 0.21203703703703702 0.030208333333333334 0.04814814814814815
152 0.5791666666666667 0.21388888888888888 0.030208333333333334 0.04814814814814815
146 0.7986979166666667 0.26805555555555555 0.0859375 0.1675925925925926
151 0.5169270833333334 0.21064814814814814 0.027604166666666666 0.04537037037037037
152 0.546875 0.21203703703703702 0.030208333333333334 0.04814814814814815
152 0.5791666666666667 0.21388888888888888 0.030208333333333334 0.04814814814814815
146 0.7986979166666667 0.26805555555555555 0.0859375 0.1675925925925926
151 0.5169270833333334 0.21064814814814814 0.027604166666666666 0.04537037037037037
152 0.546875 0.21203703703703702 0.030208333333333334 0.04814814814814815
152 0.5791666666666667 0.21388888888888888 0.030208333333333334 0.04814814814814815
146 0.7986979166666667 0.26805555555555555 0.0859375 0.1675925925925926
151 0.5169270833333334 0.21064814814814814 0.027604166666666666 0.04537037037037037
152 0.546875 0.21203703703703702 0.030208333333333334 0.04814814814814815
152 0.5791666666666667 0.21388888888888888 0.030208333333333334 0.04814814814814815
