166 0.7541666666666667 0.3925925925925926 0.08125 0.14814814814814814
86 0.47734375 0.3611111111111111 0.018229166666666668 0.040740740740740744
166 0.7541666666666667 0.3925925925925926 0.08125 0.14814814814814814
86 0.47734375 0.3611111111111111 0.018229166666666668 0.040740740740740744
166 0.7541666666666667 0.3925925925925926 0.08125 0.14814814814814814
86 0.47734375 0.3611111111111111 0.018229166666666668 0.040740740740740744
166 0.7541666666666667 0.3925925925925926 0.08125 0.14814814814814814
86 0.47734375 0.3611111111111111 0.018229166666666668 0.040740740740740744
166 0.7541666666666667 0.3925925925925926 0.08125 0.14814814814814814
86 0.47734375 0.3611111111111111 0.018229166666666668 0.040740740740740744
166 0.7541666666666667 0.3925925925925926 0.08125 0.14814814814814814
86 0.47734375 0.3611111111111111 0.018229166666666668 0.040740740740740744
