153 0.40078125 0.07731481481481481 0.07552083333333333 0.14351851851851852
74 0.3958333333333333 0.36574074074074076 0.016666666666666666 0.03148148148148148
153 0.40078125 0.07731481481481481 0.07552083333333333 0.14351851851851852
74 0.3958333333333333 0.36574074074074076 0.016666666666666666 0.03148148148148148
153 0.40078125 0.07731481481481481 0.07552083333333333 0.14351851851851852
74 0.3958333333333333 0.36574074074074076 0.016666666666666666 0.03148148148148148
153 0.40078125 0.07731481481481481 0.07552083333333333 0.14351851851851852
74 0.3958333333333333 0.36574074074074076 0.016666666666666666 0.03148148148148148
153 0.40078125 0.07731481481481481 0.07552083333333333 0.14351851851851852
74 0.3958333333333333 0.36574074074074076 0.016666666666666666 0.03148148148148148
