34 0.7723958333333333 0.1425925925925926 0.09166666666666666 0.16111111111111112
155 0.7721354166666666 0.2490740740740741 0.0640625 0.05740740740740741
34 0.7723958333333333 0.1425925925925926 0.09166666666666666 0.16111111111111112
155 0.7721354166666666 0.2490740740740741 0.0640625 0.05740740740740741
34 0.7723958333333333 0.1425925925925926 0.09166666666666666 0.16111111111111112
155 0.7721354166666666 0.2490740740740741 0.0640625 0.05740740740740741
34 0.7723958333333333 0.1425925925925926 0.09166666666666666 0.16111111111111112
155 0.7721354166666666 0.2490740740740741 0.0640625 0.05740740740740741
34 0.7723958333333333 0.1425925925925926 0.09166666666666666 0.16111111111111112
155 0.7721354166666666 0.2490740740740741 0.0640625 0.05740740740740741
34 0.7723958333333333 0.1425925925925926 0.09166666666666666 0.16111111111111112
155 0.7721354166666666 0.2490740740740741 0.0640625 0.05740740740740741
