35 0.7744791666666667 0.22962962962962963 0.11458333333333333 0.20185185185185187
173 0.7752604166666667 0.36018518518518516 0.0828125 0.07037037037037037
35 0.7744791666666667 0.22962962962962963 0.11458333333333333 0.20185185185185187
173 0.7752604166666667 0.36018518518518516 0.0828125 0.07037037037037037
35 0.7744791666666667 0.22962962962962963 0.11458333333333333 0.20185185185185187
173 0.7752604166666667 0.36018518518518516 0.0828125 0.07037037037037037
35 0.7744791666666667 0.22962962962962963 0.11458333333333333 0.20185185185185187
173 0.7752604166666667 0.36018518518518516 0.0828125 0.07037037037037037
35 0.7744791666666667 0.22962962962962963 0.11458333333333333 0.20185185185185187
173 0.7752604166666667 0.36018518518518516 0.0828125 0.07037037037037037
35 0.7744791666666667 0.22962962962962963 0.11458333333333333 0.20185185185185187
173 0.7752604166666667 0.36018518518518516 0.0828125 0.07037037037037037
