144 0.8205729166666667 0.20185185185185187 0.24010416666666667 0.3888888888888889
62 0.8356770833333333 0.1736111111111111 0.022395833333333334 0.041666666666666664
144 0.8205729166666667 0.20185185185185187 0.24010416666666667 0.3888888888888889
62 0.8356770833333333 0.1736111111111111 0.022395833333333334 0.041666666666666664
144 0.8205729166666667 0.20185185185185187 0.24010416666666667 0.3888888888888889
62 0.8356770833333333 0.1736111111111111 0.022395833333333334 0.041666666666666664
144 0.8205729166666667 0.20185185185185187 0.24010416666666667 0.3888888888888889
62 0.8356770833333333 0.1736111111111111 0.022395833333333334 0.041666666666666664
144 0.8205729166666667 0.20185185185185187 0.24010416666666667 0.3888888888888889
62 0.8356770833333333 0.1736111111111111 0.022395833333333334 0.041666666666666664
