35 0.7447916666666666 0.3277777777777778 0.11145833333333334 0.18703703703703703
173 0.74375 0.45 0.07708333333333334 0.06481481481481481
35 0.7447916666666666 0.3277777777777778 0.11145833333333334 0.18703703703703703
173 0.74375 0.45 0.07708333333333334 0.06481481481481481
35 0.7447916666666666 0.3277777777777778 0.11145833333333334 0.18703703703703703
173 0.74375 0.45 0.07708333333333334 0.06481481481481481
35 0.7447916666666666 0.3277777777777778 0.11145833333333334 0.18703703703703703
173 0.74375 0.45 0.07708333333333334 0.06481481481481481
35 0.7447916666666666 0.3277777777777778 0.11145833333333334 0.18703703703703703
173 0.74375 0.45 0.07708333333333334 0.06481481481481481
35 0.7447916666666666 0.3277777777777778 0.11145833333333334 0.18703703703703703
173 0.74375 0.45 0.07708333333333334 0.06481481481481481
