58 0.7755208333333333 0.4097222222222222 0.06666666666666667 0.13240740740740742
100 0.6434895833333333 0.32175925925925924 0.0609375 0.032407407407407406
58 0.7755208333333333 0.4097222222222222 0.06666666666666667 0.13240740740740742
100 0.6434895833333333 0.32175925925925924 0.0609375 0.032407407407407406
58 0.7755208333333333 0.4097222222222222 0.06666666666666667 0.13240740740740742
100 0.6434895833333333 0.32175925925925924 0.0609375 0.032407407407407406
58 0.7755208333333333 0.4097222222222222 0.06666666666666667 0.13240740740740742
100 0.6434895833333333 0.32175925925925924 0.0609375 0.032407407407407406
58 0.7755208333333333 0.4097222222222222 0.06666666666666667 0.13240740740740742
100 0.6434895833333333 0.32175925925925924 0.0609375 0.032407407407407406
58 0.7755208333333333 0.4097222222222222 0.06666666666666667 0.13240740740740742
100 0.6434895833333333 0.32175925925925924 0.0609375 0.032407407407407406
