4 0.76953125 0.21666666666666667 0.10677083333333333 0.1685185185185185
53 0.7703125 0.362962962962963 0.06875 0.12222222222222222
4 0.76953125 0.21666666666666667 0.10677083333333333 0.1685185185185185
53 0.7703125 0.362962962962963 0.06875 0.12222222222222222
4 0.76953125 0.21666666666666667 0.10677083333333333 0.1685185185185185
53 0.7703125 0.362962962962963 0.06875 0.12222222222222222
4 0.76953125 0.21666666666666667 0.10677083333333333 0.1685185185185185
53 0.7703125 0.362962962962963 0.06875 0.12222222222222222
4 0.76953125 0.21666666666666667 0.10677083333333333 0.1685185185185185
53 0.7703125 0.362962962962963 0.06875 0.12222222222222222
4 0.76953125 0.21666666666666667 0.10677083333333333 0.1685185185185185
53 0.7703125 0.362962962962963 0.06875 0.12222222222222222
