5 0.71015625 0.21944444444444444 0.14635416666666667 0.23148148148148148
173 0.7075520833333333 0.36574074074074076 0.09739583333333333 0.08333333333333333
5 0.71015625 0.21944444444444444 0.14635416666666667 0.23148148148148148
173 0.7075520833333333 0.36574074074074076 0.09739583333333333 0.08333333333333333
5 0.71015625 0.21944444444444444 0.14635416666666667 0.23148148148148148
173 0.7075520833333333 0.36574074074074076 0.09739583333333333 0.08333333333333333
5 0.71015625 0.21944444444444444 0.14635416666666667 0.23148148148148148
173 0.7075520833333333 0.36574074074074076 0.09739583333333333 0.08333333333333333
5 0.71015625 0.21944444444444444 0.14635416666666667 0.23148148148148148
173 0.7075520833333333 0.36574074074074076 0.09739583333333333 0.08333333333333333
5 0.71015625 0.21944444444444444 0.14635416666666667 0.23148148148148148
173 0.7075520833333333 0.36574074074074076 0.09739583333333333 0.08333333333333333
