1 0.7442708333333333 0.3314814814814815 0.11458333333333333 0.1814814814814815
16 0.7458333333333333 0.15925925925925927 0.11354166666666667 0.17777777777777778
1 0.7442708333333333 0.3314814814814815 0.11458333333333333 0.1814814814814815
16 0.7458333333333333 0.15925925925925927 0.11354166666666667 0.17777777777777778
1 0.7442708333333333 0.3314814814814815 0.11458333333333333 0.1814814814814815
16 0.7458333333333333 0.15925925925925927 0.11354166666666667 0.17777777777777778
1 0.7442708333333333 0.3314814814814815 0.11458333333333333 0.1814814814814815
16 0.7458333333333333 0.15925925925925927 0.11354166666666667 0.17777777777777778
1 0.7442708333333333 0.3314814814814815 0.11458333333333333 0.1814814814814815
16 0.7458333333333333 0.15925925925925927 0.11354166666666667 0.17777777777777778
1 0.7442708333333333 0.3314814814814815 0.11458333333333333 0.1814814814814815
16 0.7458333333333333 0.15925925925925927 0.11354166666666667 0.17777777777777778
