143 0.81953125 0.2708333333333333 0.18385416666666668 0.20833333333333334
179 0.7963541666666667 0.3347222222222222 0.030208333333333334 0.028703703703703703
79 0.796875 0.2902777777777778 0.029166666666666667 0.05462962962962963
143 0.81953125 0.2708333333333333 0.18385416666666668 0.20833333333333334
179 0.7963541666666667 0.3347222222222222 0.030208333333333334 0.028703703703703703
79 0.796875 0.2902777777777778 0.029166666666666667 0.05462962962962963
143 0.81953125 0.2708333333333333 0.18385416666666668 0.20833333333333334
179 0.7963541666666667 0.3347222222222222 0.030208333333333334 0.028703703703703703
79 0.796875 0.2902777777777778 0.029166666666666667 0.05462962962962963
143 0.81953125 0.2708333333333333 0.18385416666666668 0.20833333333333334
179 0.7963541666666667 0.3347222222222222 0.030208333333333334 0.028703703703703703
79 0.796875 0.2902777777777778 0.029166666666666667 0.05462962962962963
143 0.81953125 0.2708333333333333 0.18385416666666668 0.20833333333333334
179 0.7963541666666667 0.3347222222222222 0.030208333333333334 0.028703703703703703
79 0.796875 0.2902777777777778 0.029166666666666667 0.05462962962962963
143 0.81953125 0.2708333333333333 0.18385416666666668 0.20833333333333334
179 0.7963541666666667 0.3347222222222222 0.030208333333333334 0.028703703703703703
79 0.796875 0.2902777777777778 0.029166666666666667 0.05462962962962963
