5 0.74140625 0.31712962962962965 0.14947916666666666 0.24166666666666667
149 0.728125 0.17592592592592593 0.15729166666666666 0.08333333333333333
173 0.7401041666666667 0.4689814814814815 0.1 0.08425925925925926
5 0.74140625 0.31712962962962965 0.14947916666666666 0.24166666666666667
149 0.728125 0.17592592592592593 0.15729166666666666 0.08333333333333333
173 0.7401041666666667 0.4689814814814815 0.1 0.08425925925925926
5 0.74140625 0.31712962962962965 0.14947916666666666 0.24166666666666667
149 0.728125 0.17592592592592593 0.15729166666666666 0.08333333333333333
173 0.7401041666666667 0.4689814814814815 0.1 0.08425925925925926
5 0.74140625 0.31712962962962965 0.14947916666666666 0.24166666666666667
149 0.728125 0.17592592592592593 0.15729166666666666 0.08333333333333333
173 0.7401041666666667 0.4689814814814815 0.1 0.08425925925925926
5 0.74140625 0.31712962962962965 0.14947916666666666 0.24166666666666667
149 0.728125 0.17592592592592593 0.15729166666666666 0.08333333333333333
173 0.7401041666666667 0.4689814814814815 0.1 0.08425925925925926
5 0.74140625 0.31712962962962965 0.14947916666666666 0.24166666666666667
149 0.728125 0.17592592592592593 0.15729166666666666 0.08333333333333333
173 0.7401041666666667 0.4689814814814815 0.1 0.08425925925925926
