144 0.8380208333333333 0.22407407407407406 0.21458333333333332 0.34629629629629627
65 0.65 0.2638888888888889 0.026041666666666668 0.046296296296296294
62 0.8911458333333333 0.2828703703703704 0.020833333333333332 0.03611111111111111
144 0.8380208333333333 0.22407407407407406 0.21458333333333332 0.34629629629629627
65 0.65 0.2638888888888889 0.026041666666666668 0.046296296296296294
62 0.8911458333333333 0.2828703703703704 0.020833333333333332 0.03611111111111111
144 0.8380208333333333 0.22407407407407406 0.21458333333333332 0.34629629629629627
65 0.65 0.2638888888888889 0.026041666666666668 0.046296296296296294
62 0.8911458333333333 0.2828703703703704 0.020833333333333332 0.03611111111111111
144 0.8380208333333333 0.22407407407407406 0.21458333333333332 0.34629629629629627
65 0.65 0.2638888888888889 0.026041666666666668 0.046296296296296294
62 0.8911458333333333 0.2828703703703704 0.020833333333333332 0.03611111111111111
144 0.8380208333333333 0.22407407407407406 0.21458333333333332 0.34629629629629627
65 0.65 0.2638888888888889 0.026041666666666668 0.046296296296296294
62 0.8911458333333333 0.2828703703703704 0.020833333333333332 0.03611111111111111
144 0.8380208333333333 0.22407407407407406 0.21458333333333332 0.34629629629629627
65 0.65 0.2638888888888889 0.026041666666666668 0.046296296296296294
62 0.8911458333333333 0.2828703703703704 0.020833333333333332 0.03611111111111111
