143 0.7265625 0.37777777777777777 0.22291666666666668 0.25925925925925924
83 0.5526041666666667 0.42962962962962964 0.022916666666666665 0.03518518518518519
143 0.7265625 0.37777777777777777 0.22291666666666668 0.25925925925925924
83 0.5526041666666667 0.42962962962962964 0.022916666666666665 0.03518518518518519
143 0.7265625 0.37777777777777777 0.22291666666666668 0.25925925925925924
83 0.5526041666666667 0.42962962962962964 0.022916666666666665 0.03518518518518519
143 0.7265625 0.37777777777777777 0.22291666666666668 0.25925925925925924
83 0.5526041666666667 0.42962962962962964 0.022916666666666665 0.03518518518518519
143 0.7265625 0.37777777777777777 0.22291666666666668 0.25925925925925924
83 0.5526041666666667 0.42962962962962964 0.022916666666666665 0.03518518518518519
143 0.7265625 0.37777777777777777 0.22291666666666668 0.25925925925925924
83 0.5526041666666667 0.42962962962962964 0.022916666666666665 0.03518518518518519
