177 0.7848958333333333 0.48333333333333334 0.07916666666666666 0.07962962962962963
141 0.7908854166666667 0.3736111111111111 0.0796875 0.14907407407407408
177 0.7848958333333333 0.48333333333333334 0.07916666666666666 0.07962962962962963
141 0.7908854166666667 0.3736111111111111 0.0796875 0.14907407407407408
177 0.7848958333333333 0.48333333333333334 0.07916666666666666 0.07962962962962963
141 0.7908854166666667 0.3736111111111111 0.0796875 0.14907407407407408
177 0.7848958333333333 0.48333333333333334 0.07916666666666666 0.07962962962962963
141 0.7908854166666667 0.3736111111111111 0.0796875 0.14907407407407408
177 0.7848958333333333 0.48333333333333334 0.07916666666666666 0.07962962962962963
141 0.7908854166666667 0.3736111111111111 0.0796875 0.14907407407407408
177 0.7848958333333333 0.48333333333333334 0.07916666666666666 0.07962962962962963
141 0.7908854166666667 0.3736111111111111 0.0796875 0.14907407407407408
