54 0.10885416666666667 0.3541666666666667 0.042708333333333334 0.09166666666666666
54 0.8731770833333333 0.27314814814814814 0.0484375 0.09259259259259259
54 0.10885416666666667 0.3541666666666667 0.042708333333333334 0.09166666666666666
54 0.8731770833333333 0.27314814814814814 0.0484375 0.09259259259259259
54 0.10885416666666667 0.3541666666666667 0.042708333333333334 0.09166666666666666
54 0.8731770833333333 0.27314814814814814 0.0484375 0.09259259259259259
54 0.10885416666666667 0.3541666666666667 0.042708333333333334 0.09166666666666666
54 0.8731770833333333 0.27314814814814814 0.0484375 0.09259259259259259
54 0.10885416666666667 0.3541666666666667 0.042708333333333334 0.09166666666666666
54 0.8731770833333333 0.27314814814814814 0.0484375 0.09259259259259259
54 0.10885416666666667 0.3541666666666667 0.042708333333333334 0.09166666666666666
54 0.8731770833333333 0.27314814814814814 0.0484375 0.09259259259259259
