106 0.76171875 0.24212962962962964 0.1015625 0.19166666666666668
83 0.6385416666666667 0.43148148148148147 0.023958333333333335 0.040740740740740744
106 0.76171875 0.24212962962962964 0.1015625 0.19166666666666668
83 0.6385416666666667 0.43148148148148147 0.023958333333333335 0.040740740740740744
106 0.76171875 0.24212962962962964 0.1015625 0.19166666666666668
83 0.6385416666666667 0.43148148148148147 0.023958333333333335 0.040740740740740744
106 0.76171875 0.24212962962962964 0.1015625 0.19166666666666668
83 0.6385416666666667 0.43148148148148147 0.023958333333333335 0.040740740740740744
106 0.76171875 0.24212962962962964 0.1015625 0.19166666666666668
83 0.6385416666666667 0.43148148148148147 0.023958333333333335 0.040740740740740744
106 0.76171875 0.24212962962962964 0.1015625 0.19166666666666668
83 0.6385416666666667 0.43148148148148147 0.023958333333333335 0.040740740740740744
