101 0.775 0.4097222222222222 0.090625 0.075
5 0.534375 0.2800925925925926 0.020833333333333332 0.032407407407407406
101 0.775 0.4097222222222222 0.090625 0.075
5 0.534375 0.2800925925925926 0.020833333333333332 0.032407407407407406
101 0.775 0.4097222222222222 0.090625 0.075
5 0.534375 0.2800925925925926 0.020833333333333332 0.032407407407407406
101 0.775 0.4097222222222222 0.090625 0.075
5 0.534375 0.2800925925925926 0.020833333333333332 0.032407407407407406
101 0.775 0.4097222222222222 0.090625 0.075
5 0.534375 0.2800925925925926 0.020833333333333332 0.032407407407407406
101 0.775 0.4097222222222222 0.090625 0.075
5 0.534375 0.2800925925925926 0.020833333333333332 0.032407407407407406
