55 0.76953125 0.2662037037037037 0.06510416666666667 0.11944444444444445
134 0.76953125 0.1162037037037037 0.06614583333333333 0.18055555555555555
55 0.76953125 0.2662037037037037 0.06510416666666667 0.11944444444444445
134 0.76953125 0.1162037037037037 0.06614583333333333 0.18055555555555555
55 0.76953125 0.2662037037037037 0.06510416666666667 0.11944444444444445
134 0.76953125 0.1162037037037037 0.06614583333333333 0.18055555555555555
55 0.76953125 0.2662037037037037 0.06510416666666667 0.11944444444444445
134 0.76953125 0.1162037037037037 0.06614583333333333 0.18055555555555555
55 0.76953125 0.2662037037037037 0.06510416666666667 0.11944444444444445
134 0.76953125 0.1162037037037037 0.06614583333333333 0.18055555555555555
55 0.76953125 0.2662037037037037 0.06510416666666667 0.11944444444444445
134 0.76953125 0.1162037037037037 0.06614583333333333 0.18055555555555555
