55 0.7630208333333334 0.4023148148148148 0.08020833333333334 0.15648148148148147
86 0.490625 0.36203703703703705 0.016666666666666666 0.02962962962962963
55 0.7630208333333334 0.4023148148148148 0.08020833333333334 0.15648148148148147
86 0.490625 0.36203703703703705 0.016666666666666666 0.02962962962962963
55 0.7630208333333334 0.4023148148148148 0.08020833333333334 0.15648148148148147
86 0.490625 0.36203703703703705 0.016666666666666666 0.02962962962962963
55 0.7630208333333334 0.4023148148148148 0.08020833333333334 0.15648148148148147
86 0.490625 0.36203703703703705 0.016666666666666666 0.02962962962962963
55 0.7630208333333334 0.4023148148148148 0.08020833333333334 0.15648148148148147
86 0.490625 0.36203703703703705 0.016666666666666666 0.02962962962962963
55 0.7630208333333334 0.4023148148148148 0.08020833333333334 0.15648148148148147
86 0.490625 0.36203703703703705 0.016666666666666666 0.02962962962962963
