18 0.7481770833333333 0.28425925925925927 0.1015625 0.16296296296296298
25 0.5494791666666666 0.27685185185185185 0.026041666666666668 0.04259259259259259
18 0.7481770833333333 0.28425925925925927 0.1015625 0.16296296296296298
25 0.5494791666666666 0.27685185185185185 0.026041666666666668 0.04259259259259259
18 0.7481770833333333 0.28425925925925927 0.1015625 0.16296296296296298
25 0.5494791666666666 0.27685185185185185 0.026041666666666668 0.04259259259259259
18 0.7481770833333333 0.28425925925925927 0.1015625 0.16296296296296298
25 0.5494791666666666 0.27685185185185185 0.026041666666666668 0.04259259259259259
18 0.7481770833333333 0.28425925925925927 0.1015625 0.16296296296296298
25 0.5494791666666666 0.27685185185185185 0.026041666666666668 0.04259259259259259
18 0.7481770833333333 0.28425925925925927 0.1015625 0.16296296296296298
25 0.5494791666666666 0.27685185185185185 0.026041666666666668 0.04259259259259259
