97 0.76640625 0.29814814814814816 0.1078125 0.14629629629629629
83 0.5625 0.4111111111111111 0.025 0.040740740740740744
97 0.76640625 0.29814814814814816 0.1078125 0.14629629629629629
83 0.5625 0.4111111111111111 0.025 0.040740740740740744
97 0.76640625 0.29814814814814816 0.1078125 0.14629629629629629
83 0.5625 0.4111111111111111 0.025 0.040740740740740744
97 0.76640625 0.29814814814814816 0.1078125 0.14629629629629629
83 0.5625 0.4111111111111111 0.025 0.040740740740740744
97 0.76640625 0.29814814814814816 0.1078125 0.14629629629629629
83 0.5625 0.4111111111111111 0.025 0.040740740740740744
97 0.76640625 0.29814814814814816 0.1078125 0.14629629629629629
83 0.5625 0.4111111111111111 0.025 0.040740740740740744
