54 0.7658854166666667 0.36944444444444446 0.0859375 0.15925925925925927
17 0.5661458333333333 0.2972222222222222 0.034375 0.053703703703703705
54 0.7658854166666667 0.36944444444444446 0.0859375 0.15925925925925927
17 0.5661458333333333 0.2972222222222222 0.034375 0.053703703703703705
54 0.7658854166666667 0.36944444444444446 0.0859375 0.15925925925925927
17 0.5661458333333333 0.2972222222222222 0.034375 0.053703703703703705
54 0.7658854166666667 0.36944444444444446 0.0859375 0.15925925925925927
17 0.5661458333333333 0.2972222222222222 0.034375 0.053703703703703705
54 0.7658854166666667 0.36944444444444446 0.0859375 0.15925925925925927
17 0.5661458333333333 0.2972222222222222 0.034375 0.053703703703703705
54 0.7658854166666667 0.36944444444444446 0.0859375 0.15925925925925927
17 0.5661458333333333 0.2972222222222222 0.034375 0.053703703703703705
