91 0.1734375 0.4083333333333333 0.096875 0.06666666666666667
90 0.23229166666666667 0.4027777777777778 0.020833333333333332 0.05555555555555555
91 0.1734375 0.4083333333333333 0.096875 0.06666666666666667
90 0.23229166666666667 0.4027777777777778 0.020833333333333332 0.05555555555555555
91 0.1734375 0.4083333333333333 0.096875 0.06666666666666667
90 0.23229166666666667 0.4027777777777778 0.020833333333333332 0.05555555555555555
91 0.1734375 0.4083333333333333 0.096875 0.06666666666666667
90 0.23229166666666667 0.4027777777777778 0.020833333333333332 0.05555555555555555
91 0.1734375 0.4083333333333333 0.096875 0.06666666666666667
90 0.23229166666666667 0.4027777777777778 0.020833333333333332 0.05555555555555555
91 0.1734375 0.4083333333333333 0.096875 0.06666666666666667
90 0.23229166666666667 0.4027777777777778 0.020833333333333332 0.05555555555555555
