35 0.7346354166666667 0.2833333333333333 0.12552083333333333 0.2111111111111111
170 0.7328125 0.425462962962963 0.0875 0.08055555555555556
35 0.7346354166666667 0.2833333333333333 0.12552083333333333 0.2111111111111111
170 0.7328125 0.425462962962963 0.0875 0.08055555555555556
35 0.7346354166666667 0.2833333333333333 0.12552083333333333 0.2111111111111111
170 0.7328125 0.425462962962963 0.0875 0.08055555555555556
35 0.7346354166666667 0.2833333333333333 0.12552083333333333 0.2111111111111111
170 0.7328125 0.425462962962963 0.0875 0.08055555555555556
35 0.7346354166666667 0.2833333333333333 0.12552083333333333 0.2111111111111111
170 0.7328125 0.425462962962963 0.0875 0.08055555555555556
35 0.7346354166666667 0.2833333333333333 0.12552083333333333 0.2111111111111111
170 0.7328125 0.425462962962963 0.0875 0.08055555555555556
