35 0.7197916666666667 0.29768518518518516 0.11041666666666666 0.19907407407407407
179 0.7190104166666667 0.4287037037037037 0.0796875 0.08333333333333333
173 0.7153645833333333 0.4976851851851852 0.08177083333333333 0.06388888888888888
35 0.7197916666666667 0.29768518518518516 0.11041666666666666 0.19907407407407407
179 0.7190104166666667 0.4287037037037037 0.0796875 0.08333333333333333
173 0.7153645833333333 0.4976851851851852 0.08177083333333333 0.06388888888888888
35 0.7197916666666667 0.29768518518518516 0.11041666666666666 0.19907407407407407
179 0.7190104166666667 0.4287037037037037 0.0796875 0.08333333333333333
173 0.7153645833333333 0.4976851851851852 0.08177083333333333 0.06388888888888888
35 0.7197916666666667 0.29768518518518516 0.11041666666666666 0.19907407407407407
179 0.7190104166666667 0.4287037037037037 0.0796875 0.08333333333333333
173 0.7153645833333333 0.4976851851851852 0.08177083333333333 0.06388888888888888
35 0.7197916666666667 0.29768518518518516 0.11041666666666666 0.19907407407407407
179 0.7190104166666667 0.4287037037037037 0.0796875 0.08333333333333333
173 0.7153645833333333 0.4976851851851852 0.08177083333333333 0.06388888888888888
35 0.7197916666666667 0.29768518518518516 0.11041666666666666 0.19907407407407407
179 0.7190104166666667 0.4287037037037037 0.0796875 0.08333333333333333
173 0.7153645833333333 0.4976851851851852 0.08177083333333333 0.06388888888888888
