163 0.67890625 0.3060185185185185 0.08072916666666667 0.14907407407407408
196 0.32473958333333336 0.24305555555555555 0.033854166666666664 0.06018518518518518
62 0.409375 0.3111111111111111 0.015625 0.02962962962962963
119 0.671875 0.1337962962962963 0.11145833333333334 0.20277777777777778
163 0.67890625 0.3060185185185185 0.08072916666666667 0.14907407407407408
196 0.32473958333333336 0.24305555555555555 0.033854166666666664 0.06018518518518518
62 0.409375 0.3111111111111111 0.015625 0.02962962962962963
119 0.671875 0.1337962962962963 0.11145833333333334 0.20277777777777778
163 0.67890625 0.3060185185185185 0.08072916666666667 0.14907407407407408
196 0.32473958333333336 0.24305555555555555 0.033854166666666664 0.06018518518518518
62 0.409375 0.3111111111111111 0.015625 0.02962962962962963
119 0.671875 0.1337962962962963 0.11145833333333334 0.20277777777777778
163 0.67890625 0.3060185185185185 0.08072916666666667 0.14907407407407408
196 0.32473958333333336 0.24305555555555555 0.033854166666666664 0.06018518518518518
62 0.409375 0.3111111111111111 0.015625 0.02962962962962963
119 0.671875 0.1337962962962963 0.11145833333333334 0.20277777777777778
163 0.67890625 0.3060185185185185 0.08072916666666667 0.14907407407407408
196 0.32473958333333336 0.24305555555555555 0.033854166666666664 0.06018518518518518
62 0.409375 0.3111111111111111 0.015625 0.02962962962962963
119 0.671875 0.1337962962962963 0.11145833333333334 0.20277777777777778
163 0.67890625 0.3060185185185185 0.08072916666666667 0.14907407407407408
196 0.32473958333333336 0.24305555555555555 0.033854166666666664 0.06018518518518518
62 0.409375 0.3111111111111111 0.015625 0.02962962962962963
119 0.671875 0.1337962962962963 0.11145833333333334 0.20277777777777778
