156 0.7776041666666667 0.25555555555555554 0.071875 0.07407407407407407
37 0.7822916666666667 0.14907407407407408 0.103125 0.17037037037037037
156 0.7776041666666667 0.25555555555555554 0.071875 0.07407407407407407
37 0.7822916666666667 0.14907407407407408 0.103125 0.17037037037037037
156 0.7776041666666667 0.25555555555555554 0.071875 0.07407407407407407
37 0.7822916666666667 0.14907407407407408 0.103125 0.17037037037037037
156 0.7776041666666667 0.25555555555555554 0.071875 0.07407407407407407
37 0.7822916666666667 0.14907407407407408 0.103125 0.17037037037037037
156 0.7776041666666667 0.25555555555555554 0.071875 0.07407407407407407
37 0.7822916666666667 0.14907407407407408 0.103125 0.17037037037037037
156 0.7776041666666667 0.25555555555555554 0.071875 0.07407407407407407
37 0.7822916666666667 0.14907407407407408 0.103125 0.17037037037037037
