81 0.77109375 0.36527777777777776 0.0765625 0.14351851851851852
184 0.69375 0.5388888888888889 0.040625 0.25555555555555554
81 0.77109375 0.36527777777777776 0.0765625 0.14351851851851852
184 0.69375 0.5388888888888889 0.040625 0.25555555555555554
81 0.77109375 0.36527777777777776 0.0765625 0.14351851851851852
184 0.69375 0.5388888888888889 0.040625 0.25555555555555554
81 0.77109375 0.36527777777777776 0.0765625 0.14351851851851852
184 0.69375 0.5388888888888889 0.040625 0.25555555555555554
81 0.77109375 0.36527777777777776 0.0765625 0.14351851851851852
184 0.69375 0.5388888888888889 0.040625 0.25555555555555554
81 0.77109375 0.36527777777777776 0.0765625 0.14351851851851852
184 0.69375 0.5388888888888889 0.040625 0.25555555555555554
