17 0.7203125 0.2777777777777778 0.14375 0.23148148148148148
155 0.7203125 0.4217592592592593 0.07291666666666667 0.058333333333333334
134 0.71796875 0.5476851851851852 0.0765625 0.19537037037037036
17 0.7203125 0.2777777777777778 0.14375 0.23148148148148148
155 0.7203125 0.4217592592592593 0.07291666666666667 0.058333333333333334
134 0.71796875 0.5476851851851852 0.0765625 0.19537037037037036
17 0.7203125 0.2777777777777778 0.14375 0.23148148148148148
155 0.7203125 0.4217592592592593 0.07291666666666667 0.058333333333333334
134 0.71796875 0.5476851851851852 0.0765625 0.19537037037037036
17 0.7203125 0.2777777777777778 0.14375 0.23148148148148148
155 0.7203125 0.4217592592592593 0.07291666666666667 0.058333333333333334
134 0.71796875 0.5476851851851852 0.0765625 0.19537037037037036
17 0.7203125 0.2777777777777778 0.14375 0.23148148148148148
155 0.7203125 0.4217592592592593 0.07291666666666667 0.058333333333333334
134 0.71796875 0.5476851851851852 0.0765625 0.19537037037037036
17 0.7203125 0.2777777777777778 0.14375 0.23148148148148148
155 0.7203125 0.4217592592592593 0.07291666666666667 0.058333333333333334
134 0.71796875 0.5476851851851852 0.0765625 0.19537037037037036
