16 0.8057291666666667 0.1638888888888889 0.08854166666666667 0.15
6 0.7981770833333334 0.29907407407407405 0.08802083333333334 0.14814814814814814
16 0.8057291666666667 0.1638888888888889 0.08854166666666667 0.15
6 0.7981770833333334 0.29907407407407405 0.08802083333333334 0.14814814814814814
16 0.8057291666666667 0.1638888888888889 0.08854166666666667 0.15
6 0.7981770833333334 0.29907407407407405 0.08802083333333334 0.14814814814814814
16 0.8057291666666667 0.1638888888888889 0.08854166666666667 0.15
6 0.7981770833333334 0.29907407407407405 0.08802083333333334 0.14814814814814814
16 0.8057291666666667 0.1638888888888889 0.08854166666666667 0.15
6 0.7981770833333334 0.29907407407407405 0.08802083333333334 0.14814814814814814
16 0.8057291666666667 0.1638888888888889 0.08854166666666667 0.15
6 0.7981770833333334 0.29907407407407405 0.08802083333333334 0.14814814814814814
