91 0.14453125 0.35138888888888886 0.08697916666666666 0.05462962962962963
17 0.7005208333333334 0.30416666666666664 0.027083333333333334 0.04351851851851852
91 0.14453125 0.35138888888888886 0.08697916666666666 0.05462962962962963
17 0.7005208333333334 0.30416666666666664 0.027083333333333334 0.04351851851851852
91 0.14453125 0.35138888888888886 0.08697916666666666 0.05462962962962963
17 0.7005208333333334 0.30416666666666664 0.027083333333333334 0.04351851851851852
91 0.14453125 0.35138888888888886 0.08697916666666666 0.05462962962962963
17 0.7005208333333334 0.30416666666666664 0.027083333333333334 0.04351851851851852
91 0.14453125 0.35138888888888886 0.08697916666666666 0.05462962962962963
17 0.7005208333333334 0.30416666666666664 0.027083333333333334 0.04351851851851852
91 0.14453125 0.35138888888888886 0.08697916666666666 0.05462962962962963
17 0.7005208333333334 0.30416666666666664 0.027083333333333334 0.04351851851851852
