88 0.73828125 0.5564814814814815 0.09114583333333333 0.16296296296296298
88 0.4953125 0.38935185185185184 0.026041666666666668 0.04722222222222222
88 0.73828125 0.5564814814814815 0.09114583333333333 0.16296296296296298
88 0.4953125 0.38935185185185184 0.026041666666666668 0.04722222222222222
88 0.73828125 0.5564814814814815 0.09114583333333333 0.16296296296296298
88 0.4953125 0.38935185185185184 0.026041666666666668 0.04722222222222222
88 0.73828125 0.5564814814814815 0.09114583333333333 0.16296296296296298
88 0.4953125 0.38935185185185184 0.026041666666666668 0.04722222222222222
88 0.73828125 0.5564814814814815 0.09114583333333333 0.16296296296296298
88 0.4953125 0.38935185185185184 0.026041666666666668 0.04722222222222222
88 0.73828125 0.5564814814814815 0.09114583333333333 0.16296296296296298
88 0.4953125 0.38935185185185184 0.026041666666666668 0.04722222222222222
