35 0.7994791666666666 0.1337962962962963 0.12604166666666666 0.19537037037037036
53 0.8002604166666667 0.30462962962962964 0.07864583333333333 0.14629629629629629
140 0.5434895833333333 0.30092592592592593 0.0203125 0.053703703703703705
173 0.7989583333333333 0.41574074074074074 0.08229166666666667 0.07592592592592592
35 0.7994791666666666 0.1337962962962963 0.12604166666666666 0.19537037037037036
53 0.8002604166666667 0.30462962962962964 0.07864583333333333 0.14629629629629629
140 0.5434895833333333 0.30092592592592593 0.0203125 0.053703703703703705
173 0.7989583333333333 0.41574074074074074 0.08229166666666667 0.07592592592592592
35 0.7994791666666666 0.1337962962962963 0.12604166666666666 0.19537037037037036
53 0.8002604166666667 0.30462962962962964 0.07864583333333333 0.14629629629629629
140 0.5434895833333333 0.30092592592592593 0.0203125 0.053703703703703705
173 0.7989583333333333 0.41574074074074074 0.08229166666666667 0.07592592592592592
35 0.7994791666666666 0.1337962962962963 0.12604166666666666 0.19537037037037036
53 0.8002604166666667 0.30462962962962964 0.07864583333333333 0.14629629629629629
140 0.5434895833333333 0.30092592592592593 0.0203125 0.053703703703703705
173 0.7989583333333333 0.41574074074074074 0.08229166666666667 0.07592592592592592
35 0.7994791666666666 0.1337962962962963 0.12604166666666666 0.19537037037037036
53 0.8002604166666667 0.30462962962962964 0.07864583333333333 0.14629629629629629
140 0.5434895833333333 0.30092592592592593 0.0203125 0.053703703703703705
173 0.7989583333333333 0.41574074074074074 0.08229166666666667 0.07592592592592592
35 0.7994791666666666 0.1337962962962963 0.12604166666666666 0.19537037037037036
53 0.8002604166666667 0.30462962962962964 0.07864583333333333 0.14629629629629629
140 0.5434895833333333 0.30092592592592593 0.0203125 0.053703703703703705
173 0.7989583333333333 0.41574074074074074 0.08229166666666667 0.07592592592592592
