129 0.8020833333333334 0.25555555555555554 0.09375 0.2814814814814815
143 0.49296875 0.2875 0.021354166666666667 0.03611111111111111
129 0.8020833333333334 0.25555555555555554 0.09375 0.2814814814814815
143 0.49296875 0.2875 0.021354166666666667 0.03611111111111111
129 0.8020833333333334 0.25555555555555554 0.09375 0.2814814814814815
143 0.49296875 0.2875 0.021354166666666667 0.03611111111111111
129 0.8020833333333334 0.25555555555555554 0.09375 0.2814814814814815
143 0.49296875 0.2875 0.021354166666666667 0.03611111111111111
129 0.8020833333333334 0.25555555555555554 0.09375 0.2814814814814815
143 0.49296875 0.2875 0.021354166666666667 0.03611111111111111
129 0.8020833333333334 0.25555555555555554 0.09375 0.2814814814814815
143 0.49296875 0.2875 0.021354166666666667 0.03611111111111111
