113 0.821875 0.2111111111111111 0.041666666666666664 0.08703703703703704
35 0.5986979166666667 0.28564814814814815 0.030729166666666665 0.04722222222222222
113 0.821875 0.2111111111111111 0.041666666666666664 0.08703703703703704
35 0.5986979166666667 0.28564814814814815 0.030729166666666665 0.04722222222222222
113 0.821875 0.2111111111111111 0.041666666666666664 0.08703703703703704
35 0.5986979166666667 0.28564814814814815 0.030729166666666665 0.04722222222222222
113 0.821875 0.2111111111111111 0.041666666666666664 0.08703703703703704
35 0.5986979166666667 0.28564814814814815 0.030729166666666665 0.04722222222222222
113 0.821875 0.2111111111111111 0.041666666666666664 0.08703703703703704
35 0.5986979166666667 0.28564814814814815 0.030729166666666665 0.04722222222222222
113 0.821875 0.2111111111111111 0.041666666666666664 0.08703703703703704
35 0.5986979166666667 0.28564814814814815 0.030729166666666665 0.04722222222222222
