146 0.8205729166666667 0.23055555555555557 0.0609375 0.12037037037037036
148 0.8197916666666667 0.3013888888888889 0.059375 0.03981481481481482
146 0.8205729166666667 0.23055555555555557 0.0609375 0.12037037037037036
148 0.8197916666666667 0.3013888888888889 0.059375 0.03981481481481482
146 0.8205729166666667 0.23055555555555557 0.0609375 0.12037037037037036
148 0.8197916666666667 0.3013888888888889 0.059375 0.03981481481481482
146 0.8205729166666667 0.23055555555555557 0.0609375 0.12037037037037036
148 0.8197916666666667 0.3013888888888889 0.059375 0.03981481481481482
146 0.8205729166666667 0.23055555555555557 0.0609375 0.12037037037037036
148 0.8197916666666667 0.3013888888888889 0.059375 0.03981481481481482
146 0.8205729166666667 0.23055555555555557 0.0609375 0.12037037037037036
148 0.8197916666666667 0.3013888888888889 0.059375 0.03981481481481482
