68 0.7057291666666666 0.12453703703703704 0.090625 0.16574074074074074
184 0.13958333333333334 0.43425925925925923 0.023958333333333335 0.03888888888888889
144 0.5580729166666667 0.27685185185185185 0.033854166666666664 0.06851851851851852
68 0.7057291666666666 0.12453703703703704 0.090625 0.16574074074074074
184 0.13958333333333334 0.43425925925925923 0.023958333333333335 0.03888888888888889
144 0.5580729166666667 0.27685185185185185 0.033854166666666664 0.06851851851851852
68 0.7057291666666666 0.12453703703703704 0.090625 0.16574074074074074
184 0.13958333333333334 0.43425925925925923 0.023958333333333335 0.03888888888888889
144 0.5580729166666667 0.27685185185185185 0.033854166666666664 0.06851851851851852
68 0.7057291666666666 0.12453703703703704 0.090625 0.16574074074074074
184 0.13958333333333334 0.43425925925925923 0.023958333333333335 0.03888888888888889
144 0.5580729166666667 0.27685185185185185 0.033854166666666664 0.06851851851851852
68 0.7057291666666666 0.12453703703703704 0.090625 0.16574074074074074
184 0.13958333333333334 0.43425925925925923 0.023958333333333335 0.03888888888888889
144 0.5580729166666667 0.27685185185185185 0.033854166666666664 0.06851851851851852
68 0.7057291666666666 0.12453703703703704 0.090625 0.16574074074074074
184 0.13958333333333334 0.43425925925925923 0.023958333333333335 0.03888888888888889
144 0.5580729166666667 0.27685185185185185 0.033854166666666664 0.06851851851851852
