6 0.771875 0.2935185185185185 0.1 0.1648148148148148
134 0.7770833333333333 0.12129629629629629 0.08020833333333334 0.2111111111111111
6 0.771875 0.2935185185185185 0.1 0.1648148148148148
134 0.7770833333333333 0.12129629629629629 0.08020833333333334 0.2111111111111111
6 0.771875 0.2935185185185185 0.1 0.1648148148148148
134 0.7770833333333333 0.12129629629629629 0.08020833333333334 0.2111111111111111
6 0.771875 0.2935185185185185 0.1 0.1648148148148148
134 0.7770833333333333 0.12129629629629629 0.08020833333333334 0.2111111111111111
6 0.771875 0.2935185185185185 0.1 0.1648148148148148
134 0.7770833333333333 0.12129629629629629 0.08020833333333334 0.2111111111111111
6 0.771875 0.2935185185185185 0.1 0.1648148148148148
134 0.7770833333333333 0.12129629629629629 0.08020833333333334 0.2111111111111111
