162 0.7153645833333333 0.45416666666666666 0.0734375 0.13425925925925927
119 0.7213541666666666 0.29953703703703705 0.09791666666666667 0.18796296296296297
149 0.47369791666666666 0.3050925925925926 0.05364583333333333 0.03796296296296296
162 0.7153645833333333 0.45416666666666666 0.0734375 0.13425925925925927
119 0.7213541666666666 0.29953703703703705 0.09791666666666667 0.18796296296296297
149 0.47369791666666666 0.3050925925925926 0.05364583333333333 0.03796296296296296
162 0.7153645833333333 0.45416666666666666 0.0734375 0.13425925925925927
119 0.7213541666666666 0.29953703703703705 0.09791666666666667 0.18796296296296297
149 0.47369791666666666 0.3050925925925926 0.05364583333333333 0.03796296296296296
162 0.7153645833333333 0.45416666666666666 0.0734375 0.13425925925925927
119 0.7213541666666666 0.29953703703703705 0.09791666666666667 0.18796296296296297
149 0.47369791666666666 0.3050925925925926 0.05364583333333333 0.03796296296296296
162 0.7153645833333333 0.45416666666666666 0.0734375 0.13425925925925927
119 0.7213541666666666 0.29953703703703705 0.09791666666666667 0.18796296296296297
149 0.47369791666666666 0.3050925925925926 0.05364583333333333 0.03796296296296296
162 0.7153645833333333 0.45416666666666666 0.0734375 0.13425925925925927
119 0.7213541666666666 0.29953703703703705 0.09791666666666667 0.18796296296296297
149 0.47369791666666666 0.3050925925925926 0.05364583333333333 0.03796296296296296
