95 0.8848958333333333 0.36527777777777776 0.13020833333333334 0.1787037037037037
0 0.5203125 0.2865740740740741 0.016666666666666666 0.026851851851851852
95 0.8848958333333333 0.36527777777777776 0.13020833333333334 0.1787037037037037
0 0.5203125 0.2865740740740741 0.016666666666666666 0.026851851851851852
95 0.8848958333333333 0.36527777777777776 0.13020833333333334 0.1787037037037037
0 0.5203125 0.2865740740740741 0.016666666666666666 0.026851851851851852
95 0.8848958333333333 0.36527777777777776 0.13020833333333334 0.1787037037037037
0 0.5203125 0.2865740740740741 0.016666666666666666 0.026851851851851852
95 0.8848958333333333 0.36527777777777776 0.13020833333333334 0.1787037037037037
0 0.5203125 0.2865740740740741 0.016666666666666666 0.026851851851851852
95 0.8848958333333333 0.36527777777777776 0.13020833333333334 0.1787037037037037
0 0.5203125 0.2865740740740741 0.016666666666666666 0.026851851851851852
