35 0.7731770833333333 0.1300925925925926 0.1078125 0.1675925925925926
53 0.77265625 0.2800925925925926 0.07135416666666666 0.13240740740740742
173 0.7736979166666667 0.37175925925925923 0.07135416666666666 0.05648148148148148
35 0.7731770833333333 0.1300925925925926 0.1078125 0.1675925925925926
53 0.77265625 0.2800925925925926 0.07135416666666666 0.13240740740740742
173 0.7736979166666667 0.37175925925925923 0.07135416666666666 0.05648148148148148
35 0.7731770833333333 0.1300925925925926 0.1078125 0.1675925925925926
53 0.77265625 0.2800925925925926 0.07135416666666666 0.13240740740740742
173 0.7736979166666667 0.37175925925925923 0.07135416666666666 0.05648148148148148
35 0.7731770833333333 0.1300925925925926 0.1078125 0.1675925925925926
53 0.77265625 0.2800925925925926 0.07135416666666666 0.13240740740740742
173 0.7736979166666667 0.37175925925925923 0.07135416666666666 0.05648148148148148
35 0.7731770833333333 0.1300925925925926 0.1078125 0.1675925925925926
53 0.77265625 0.2800925925925926 0.07135416666666666 0.13240740740740742
173 0.7736979166666667 0.37175925925925923 0.07135416666666666 0.05648148148148148
35 0.7731770833333333 0.1300925925925926 0.1078125 0.1675925925925926
53 0.77265625 0.2800925925925926 0.07135416666666666 0.13240740740740742
173 0.7736979166666667 0.37175925925925923 0.07135416666666666 0.05648148148148148
