31 0.725 0.12962962962962962 0.09479166666666666 0.15925925925925927
173 0.7260416666666667 0.37824074074074077 0.06458333333333334 0.05277777777777778
12 0.725 0.27546296296296297 0.09583333333333334 0.15462962962962962
31 0.725 0.12962962962962962 0.09479166666666666 0.15925925925925927
173 0.7260416666666667 0.37824074074074077 0.06458333333333334 0.05277777777777778
12 0.725 0.27546296296296297 0.09583333333333334 0.15462962962962962
31 0.725 0.12962962962962962 0.09479166666666666 0.15925925925925927
173 0.7260416666666667 0.37824074074074077 0.06458333333333334 0.05277777777777778
12 0.725 0.27546296296296297 0.09583333333333334 0.15462962962962962
31 0.725 0.12962962962962962 0.09479166666666666 0.15925925925925927
173 0.7260416666666667 0.37824074074074077 0.06458333333333334 0.05277777777777778
12 0.725 0.27546296296296297 0.09583333333333334 0.15462962962962962
31 0.725 0.12962962962962962 0.09479166666666666 0.15925925925925927
173 0.7260416666666667 0.37824074074074077 0.06458333333333334 0.05277777777777778
12 0.725 0.27546296296296297 0.09583333333333334 0.15462962962962962
31 0.725 0.12962962962962962 0.09479166666666666 0.15925925925925927
173 0.7260416666666667 0.37824074074074077 0.06458333333333334 0.05277777777777778
12 0.725 0.27546296296296297 0.09583333333333334 0.15462962962962962
