23 0.73125 0.29768518518518516 0.11666666666666667 0.18981481481481483
173 0.7294270833333333 0.42453703703703705 0.07864583333333333 0.06759259259259259
23 0.73125 0.29768518518518516 0.11666666666666667 0.18981481481481483
173 0.7294270833333333 0.42453703703703705 0.07864583333333333 0.06759259259259259
23 0.73125 0.29768518518518516 0.11666666666666667 0.18981481481481483
173 0.7294270833333333 0.42453703703703705 0.07864583333333333 0.06759259259259259
23 0.73125 0.29768518518518516 0.11666666666666667 0.18981481481481483
173 0.7294270833333333 0.42453703703703705 0.07864583333333333 0.06759259259259259
23 0.73125 0.29768518518518516 0.11666666666666667 0.18981481481481483
173 0.7294270833333333 0.42453703703703705 0.07864583333333333 0.06759259259259259
23 0.73125 0.29768518518518516 0.11666666666666667 0.18981481481481483
173 0.7294270833333333 0.42453703703703705 0.07864583333333333 0.06759259259259259
