35 0.77890625 0.11574074074074074 0.10989583333333333 0.1814814814814815
173 0.7778645833333333 0.23425925925925925 0.0765625 0.05925925925925926
35 0.77890625 0.11574074074074074 0.10989583333333333 0.1814814814814815
173 0.7778645833333333 0.23425925925925925 0.0765625 0.05925925925925926
35 0.77890625 0.11574074074074074 0.10989583333333333 0.1814814814814815
173 0.7778645833333333 0.23425925925925925 0.0765625 0.05925925925925926
35 0.77890625 0.11574074074074074 0.10989583333333333 0.1814814814814815
173 0.7778645833333333 0.23425925925925925 0.0765625 0.05925925925925926
35 0.77890625 0.11574074074074074 0.10989583333333333 0.1814814814814815
173 0.7778645833333333 0.23425925925925925 0.0765625 0.05925925925925926
35 0.77890625 0.11574074074074074 0.10989583333333333 0.1814814814814815
173 0.7778645833333333 0.23425925925925925 0.0765625 0.05925925925925926
