107 0.79921875 0.2902777777777778 0.06510416666666667 0.12129629629629629
54 0.7966145833333333 0.4111111111111111 0.06302083333333333 0.11851851851851852
107 0.79921875 0.2902777777777778 0.06510416666666667 0.12129629629629629
54 0.7966145833333333 0.4111111111111111 0.06302083333333333 0.11851851851851852
107 0.79921875 0.2902777777777778 0.06510416666666667 0.12129629629629629
54 0.7966145833333333 0.4111111111111111 0.06302083333333333 0.11851851851851852
107 0.79921875 0.2902777777777778 0.06510416666666667 0.12129629629629629
54 0.7966145833333333 0.4111111111111111 0.06302083333333333 0.11851851851851852
107 0.79921875 0.2902777777777778 0.06510416666666667 0.12129629629629629
54 0.7966145833333333 0.4111111111111111 0.06302083333333333 0.11851851851851852
107 0.79921875 0.2902777777777778 0.06510416666666667 0.12129629629629629
54 0.7966145833333333 0.4111111111111111 0.06302083333333333 0.11851851851851852
