152 0.8622395833333333 0.10740740740740741 0.0921875 0.18703703703703703
150 0.565625 0.19583333333333333 0.07083333333333333 0.1287037037037037
119 0.64609375 0.10787037037037037 0.0546875 0.09722222222222222
152 0.8622395833333333 0.10740740740740741 0.0921875 0.18703703703703703
150 0.565625 0.19583333333333333 0.07083333333333333 0.1287037037037037
119 0.64609375 0.10787037037037037 0.0546875 0.09722222222222222
152 0.8622395833333333 0.10740740740740741 0.0921875 0.18703703703703703
150 0.565625 0.19583333333333333 0.07083333333333333 0.1287037037037037
119 0.64609375 0.10787037037037037 0.0546875 0.09722222222222222
152 0.8622395833333333 0.10740740740740741 0.0921875 0.18703703703703703
150 0.565625 0.19583333333333333 0.07083333333333333 0.1287037037037037
119 0.64609375 0.10787037037037037 0.0546875 0.09722222222222222
152 0.8622395833333333 0.10740740740740741 0.0921875 0.18703703703703703
150 0.565625 0.19583333333333333 0.07083333333333333 0.1287037037037037
119 0.64609375 0.10787037037037037 0.0546875 0.09722222222222222
152 0.8622395833333333 0.10740740740740741 0.0921875 0.18703703703703703
150 0.565625 0.19583333333333333 0.07083333333333333 0.1287037037037037
119 0.64609375 0.10787037037037037 0.0546875 0.09722222222222222
