14 0.7744791666666667 0.21712962962962962 0.08333333333333333 0.13240740740740742
136 0.53359375 0.16296296296296298 0.018229166666666668 0.03148148148148148
14 0.7744791666666667 0.21712962962962962 0.08333333333333333 0.13240740740740742
136 0.53359375 0.16296296296296298 0.018229166666666668 0.03148148148148148
14 0.7744791666666667 0.21712962962962962 0.08333333333333333 0.13240740740740742
136 0.53359375 0.16296296296296298 0.018229166666666668 0.03148148148148148
14 0.7744791666666667 0.21712962962962962 0.08333333333333333 0.13240740740740742
136 0.53359375 0.16296296296296298 0.018229166666666668 0.03148148148148148
14 0.7744791666666667 0.21712962962962962 0.08333333333333333 0.13240740740740742
136 0.53359375 0.16296296296296298 0.018229166666666668 0.03148148148148148
14 0.7744791666666667 0.21712962962962962 0.08333333333333333 0.13240740740740742
136 0.53359375 0.16296296296296298 0.018229166666666668 0.03148148148148148
