143 0.8713541666666667 0.2490740740740741 0.1125 0.21666666666666667
119 0.7065104166666667 0.19675925925925927 0.06927083333333334 0.125
143 0.8713541666666667 0.2490740740740741 0.1125 0.21666666666666667
119 0.7065104166666667 0.19675925925925927 0.06927083333333334 0.125
143 0.8713541666666667 0.2490740740740741 0.1125 0.21666666666666667
119 0.7065104166666667 0.19675925925925927 0.06927083333333334 0.125
143 0.8713541666666667 0.2490740740740741 0.1125 0.21666666666666667
119 0.7065104166666667 0.19675925925925927 0.06927083333333334 0.125
143 0.8713541666666667 0.2490740740740741 0.1125 0.21666666666666667
119 0.7065104166666667 0.19675925925925927 0.06927083333333334 0.125
143 0.8713541666666667 0.2490740740740741 0.1125 0.21666666666666667
119 0.7065104166666667 0.19675925925925927 0.06927083333333334 0.125
