143 0.7528645833333333 0.2337962962962963 0.23489583333333333 0.41944444444444445
145 0.45989583333333334 0.29444444444444445 0.016666666666666666 0.037037037037037035
143 0.7528645833333333 0.2337962962962963 0.23489583333333333 0.41944444444444445
145 0.45989583333333334 0.29444444444444445 0.016666666666666666 0.037037037037037035
143 0.7528645833333333 0.2337962962962963 0.23489583333333333 0.41944444444444445
145 0.45989583333333334 0.29444444444444445 0.016666666666666666 0.037037037037037035
143 0.7528645833333333 0.2337962962962963 0.23489583333333333 0.41944444444444445
145 0.45989583333333334 0.29444444444444445 0.016666666666666666 0.037037037037037035
143 0.7528645833333333 0.2337962962962963 0.23489583333333333 0.41944444444444445
145 0.45989583333333334 0.29444444444444445 0.016666666666666666 0.037037037037037035
143 0.7528645833333333 0.2337962962962963 0.23489583333333333 0.41944444444444445
145 0.45989583333333334 0.29444444444444445 0.016666666666666666 0.037037037037037035
