25 0.7583333333333333 0.32546296296296295 0.09479166666666666 0.15648148148148147
30 0.7559895833333333 0.500462962962963 0.03697916666666667 0.18981481481481483
143 0.71015625 0.25833333333333336 0.1390625 0.20185185185185187
25 0.7583333333333333 0.32546296296296295 0.09479166666666666 0.15648148148148147
30 0.7559895833333333 0.500462962962963 0.03697916666666667 0.18981481481481483
143 0.71015625 0.25833333333333336 0.1390625 0.20185185185185187
25 0.7583333333333333 0.32546296296296295 0.09479166666666666 0.15648148148148147
30 0.7559895833333333 0.500462962962963 0.03697916666666667 0.18981481481481483
143 0.71015625 0.25833333333333336 0.1390625 0.20185185185185187
25 0.7583333333333333 0.32546296296296295 0.09479166666666666 0.15648148148148147
30 0.7559895833333333 0.500462962962963 0.03697916666666667 0.18981481481481483
143 0.71015625 0.25833333333333336 0.1390625 0.20185185185185187
25 0.7583333333333333 0.32546296296296295 0.09479166666666666 0.15648148148148147
30 0.7559895833333333 0.500462962962963 0.03697916666666667 0.18981481481481483
143 0.71015625 0.25833333333333336 0.1390625 0.20185185185185187
25 0.7583333333333333 0.32546296296296295 0.09479166666666666 0.15648148148148147
30 0.7559895833333333 0.500462962962963 0.03697916666666667 0.18981481481481483
143 0.71015625 0.25833333333333336 0.1390625 0.20185185185185187
