35 0.78515625 0.2611111111111111 0.10052083333333334 0.1685185185185185
173 0.7861979166666667 0.3861111111111111 0.06927083333333334 0.08148148148148149
46 0.6611979166666667 0.3351851851851852 0.0328125 0.06111111111111111
134 0.6515625 0.2986111111111111 0.017708333333333333 0.04537037037037037
35 0.78515625 0.2611111111111111 0.10052083333333334 0.1685185185185185
173 0.7861979166666667 0.3861111111111111 0.06927083333333334 0.08148148148148149
46 0.6611979166666667 0.3351851851851852 0.0328125 0.06111111111111111
134 0.6515625 0.2986111111111111 0.017708333333333333 0.04537037037037037
35 0.78515625 0.2611111111111111 0.10052083333333334 0.1685185185185185
173 0.7861979166666667 0.3861111111111111 0.06927083333333334 0.08148148148148149
46 0.6611979166666667 0.3351851851851852 0.0328125 0.06111111111111111
134 0.6515625 0.2986111111111111 0.017708333333333333 0.04537037037037037
35 0.78515625 0.2611111111111111 0.10052083333333334 0.1685185185185185
173 0.7861979166666667 0.3861111111111111 0.06927083333333334 0.08148148148148149
46 0.6611979166666667 0.3351851851851852 0.0328125 0.06111111111111111
134 0.6515625 0.2986111111111111 0.017708333333333333 0.04537037037037037
35 0.78515625 0.2611111111111111 0.10052083333333334 0.1685185185185185
173 0.7861979166666667 0.3861111111111111 0.06927083333333334 0.08148148148148149
46 0.6611979166666667 0.3351851851851852 0.0328125 0.06111111111111111
134 0.6515625 0.2986111111111111 0.017708333333333333 0.04537037037037037
35 0.78515625 0.2611111111111111 0.10052083333333334 0.1685185185185185
173 0.7861979166666667 0.3861111111111111 0.06927083333333334 0.08148148148148149
46 0.6611979166666667 0.3351851851851852 0.0328125 0.06111111111111111
134 0.6515625 0.2986111111111111 0.017708333333333333 0.04537037037037037
