185 0.6536458333333334 0.6967592592592593 0.07291666666666667 0.3972222222222222
185 0.46770833333333334 0.44907407407407407 0.022916666666666665 0.1537037037037037
185 0.6536458333333334 0.6967592592592593 0.07291666666666667 0.3972222222222222
185 0.46770833333333334 0.44907407407407407 0.022916666666666665 0.1537037037037037
185 0.6536458333333334 0.6967592592592593 0.07291666666666667 0.3972222222222222
185 0.46770833333333334 0.44907407407407407 0.022916666666666665 0.1537037037037037
185 0.6536458333333334 0.6967592592592593 0.07291666666666667 0.3972222222222222
185 0.46770833333333334 0.44907407407407407 0.022916666666666665 0.1537037037037037
185 0.6536458333333334 0.6967592592592593 0.07291666666666667 0.3972222222222222
185 0.46770833333333334 0.44907407407407407 0.022916666666666665 0.1537037037037037
185 0.6536458333333334 0.6967592592592593 0.07291666666666667 0.3972222222222222
185 0.46770833333333334 0.44907407407407407 0.022916666666666665 0.1537037037037037
