165 0.75 0.387037037037037 0.07708333333333334 0.14074074074074075
119 0.75546875 0.23333333333333334 0.0984375 0.17777777777777778
165 0.75 0.387037037037037 0.07708333333333334 0.14074074074074075
119 0.75546875 0.23333333333333334 0.0984375 0.17777777777777778
165 0.75 0.387037037037037 0.07708333333333334 0.14074074074074075
119 0.75546875 0.23333333333333334 0.0984375 0.17777777777777778
165 0.75 0.387037037037037 0.07708333333333334 0.14074074074074075
119 0.75546875 0.23333333333333334 0.0984375 0.17777777777777778
165 0.75 0.387037037037037 0.07708333333333334 0.14074074074074075
119 0.75546875 0.23333333333333334 0.0984375 0.17777777777777778
