81 0.7059895833333333 0.40694444444444444 0.09947916666666666 0.17685185185185184
184 0.5669270833333333 0.49398148148148147 0.0421875 0.22314814814814815
81 0.7059895833333333 0.40694444444444444 0.09947916666666666 0.17685185185185184
184 0.5669270833333333 0.49398148148148147 0.0421875 0.22314814814814815
81 0.7059895833333333 0.40694444444444444 0.09947916666666666 0.17685185185185184
184 0.5669270833333333 0.49398148148148147 0.0421875 0.22314814814814815
81 0.7059895833333333 0.40694444444444444 0.09947916666666666 0.17685185185185184
184 0.5669270833333333 0.49398148148148147 0.0421875 0.22314814814814815
81 0.7059895833333333 0.40694444444444444 0.09947916666666666 0.17685185185185184
184 0.5669270833333333 0.49398148148148147 0.0421875 0.22314814814814815
81 0.7059895833333333 0.40694444444444444 0.09947916666666666 0.17685185185185184
184 0.5669270833333333 0.49398148148148147 0.0421875 0.22314814814814815
