16 0.75859375 0.1638888888888889 0.10989583333333333 0.17962962962962964
0 0.7572916666666667 0.3300925925925926 0.10625 0.17314814814814813
16 0.75859375 0.1638888888888889 0.10989583333333333 0.17962962962962964
0 0.7572916666666667 0.3300925925925926 0.10625 0.17314814814814813
16 0.75859375 0.1638888888888889 0.10989583333333333 0.17962962962962964
0 0.7572916666666667 0.3300925925925926 0.10625 0.17314814814814813
16 0.75859375 0.1638888888888889 0.10989583333333333 0.17962962962962964
0 0.7572916666666667 0.3300925925925926 0.10625 0.17314814814814813
16 0.75859375 0.1638888888888889 0.10989583333333333 0.17962962962962964
0 0.7572916666666667 0.3300925925925926 0.10625 0.17314814814814813
16 0.75859375 0.1638888888888889 0.10989583333333333 0.17962962962962964
0 0.7572916666666667 0.3300925925925926 0.10625 0.17314814814814813
