35 0.6700520833333333 0.08472222222222223 0.10052083333333334 0.15833333333333333
53 0.6697916666666667 0.22083333333333333 0.06666666666666667 0.11944444444444445
173 0.6703125 0.30277777777777776 0.06666666666666667 0.05185185185185185
140 0.54765625 0.3013888888888889 0.030729166666666665 0.0787037037037037
10 0.46979166666666666 0.29259259259259257 0.020833333333333332 0.03518518518518519
35 0.6700520833333333 0.08472222222222223 0.10052083333333334 0.15833333333333333
53 0.6697916666666667 0.22083333333333333 0.06666666666666667 0.11944444444444445
173 0.6703125 0.30277777777777776 0.06666666666666667 0.05185185185185185
140 0.54765625 0.3013888888888889 0.030729166666666665 0.0787037037037037
10 0.46979166666666666 0.29259259259259257 0.020833333333333332 0.03518518518518519
