25 0.7950520833333333 0.37407407407407406 0.0953125 0.1537037037037037
30 0.79296875 0.5402777777777777 0.03697916666666667 0.1787037037037037
25 0.7950520833333333 0.37407407407407406 0.0953125 0.1537037037037037
30 0.79296875 0.5402777777777777 0.03697916666666667 0.1787037037037037
25 0.7950520833333333 0.37407407407407406 0.0953125 0.1537037037037037
30 0.79296875 0.5402777777777777 0.03697916666666667 0.1787037037037037
25 0.7950520833333333 0.37407407407407406 0.0953125 0.1537037037037037
30 0.79296875 0.5402777777777777 0.03697916666666667 0.1787037037037037
25 0.7950520833333333 0.37407407407407406 0.0953125 0.1537037037037037
30 0.79296875 0.5402777777777777 0.03697916666666667 0.1787037037037037
25 0.7950520833333333 0.37407407407407406 0.0953125 0.1537037037037037
30 0.79296875 0.5402777777777777 0.03697916666666667 0.1787037037037037
