107 0.8526041666666667 0.1935185185185185 0.04791666666666667 0.08703703703703704
54 0.8520833333333333 0.2810185185185185 0.04479166666666667 0.08611111111111111
147 0.5375 0.29907407407407405 0.022916666666666665 0.03518518518518519
150 0.7627604166666667 0.20046296296296295 0.034895833333333334 0.12129629629629629
74 0.090625 0.325 0.026041666666666668 0.04814814814814815
107 0.8526041666666667 0.1935185185185185 0.04791666666666667 0.08703703703703704
54 0.8520833333333333 0.2810185185185185 0.04479166666666667 0.08611111111111111
147 0.5375 0.29907407407407405 0.022916666666666665 0.03518518518518519
150 0.7627604166666667 0.20046296296296295 0.034895833333333334 0.12129629629629629
74 0.090625 0.325 0.026041666666666668 0.04814814814814815
107 0.8526041666666667 0.1935185185185185 0.04791666666666667 0.08703703703703704
54 0.8520833333333333 0.2810185185185185 0.04479166666666667 0.08611111111111111
147 0.5375 0.29907407407407405 0.022916666666666665 0.03518518518518519
150 0.7627604166666667 0.20046296296296295 0.034895833333333334 0.12129629629629629
74 0.090625 0.325 0.026041666666666668 0.04814814814814815
107 0.8526041666666667 0.1935185185185185 0.04791666666666667 0.08703703703703704
54 0.8520833333333333 0.2810185185185185 0.04479166666666667 0.08611111111111111
147 0.5375 0.29907407407407405 0.022916666666666665 0.03518518518518519
150 0.7627604166666667 0.20046296296296295 0.034895833333333334 0.12129629629629629
74 0.090625 0.325 0.026041666666666668 0.04814814814814815
107 0.8526041666666667 0.1935185185185185 0.04791666666666667 0.08703703703703704
54 0.8520833333333333 0.2810185185185185 0.04479166666666667 0.08611111111111111
147 0.5375 0.29907407407407405 0.022916666666666665 0.03518518518518519
150 0.7627604166666667 0.20046296296296295 0.034895833333333334 0.12129629629629629
74 0.090625 0.325 0.026041666666666668 0.04814814814814815
107 0.8526041666666667 0.1935185185185185 0.04791666666666667 0.08703703703703704
54 0.8520833333333333 0.2810185185185185 0.04479166666666667 0.08611111111111111
147 0.5375 0.29907407407407405 0.022916666666666665 0.03518518518518519
150 0.7627604166666667 0.20046296296296295 0.034895833333333334 0.12129629629629629
74 0.090625 0.325 0.026041666666666668 0.04814814814814815
