113 0.7825520833333334 0.07777777777777778 0.07135416666666666 0.13333333333333333
136 0.465625 0.16712962962962963 0.01875 0.032407407407407406
136 0.5778645833333333 0.3087962962962963 0.0171875 0.028703703703703703
59 0.57890625 0.2796296296296296 0.0171875 0.02962962962962963
113 0.7825520833333334 0.07777777777777778 0.07135416666666666 0.13333333333333333
136 0.465625 0.16712962962962963 0.01875 0.032407407407407406
136 0.5778645833333333 0.3087962962962963 0.0171875 0.028703703703703703
59 0.57890625 0.2796296296296296 0.0171875 0.02962962962962963
113 0.7825520833333334 0.07777777777777778 0.07135416666666666 0.13333333333333333
136 0.465625 0.16712962962962963 0.01875 0.032407407407407406
136 0.5778645833333333 0.3087962962962963 0.0171875 0.028703703703703703
59 0.57890625 0.2796296296296296 0.0171875 0.02962962962962963
113 0.7825520833333334 0.07777777777777778 0.07135416666666666 0.13333333333333333
136 0.465625 0.16712962962962963 0.01875 0.032407407407407406
136 0.5778645833333333 0.3087962962962963 0.0171875 0.028703703703703703
59 0.57890625 0.2796296296296296 0.0171875 0.02962962962962963
113 0.7825520833333334 0.07777777777777778 0.07135416666666666 0.13333333333333333
136 0.465625 0.16712962962962963 0.01875 0.032407407407407406
136 0.5778645833333333 0.3087962962962963 0.0171875 0.028703703703703703
59 0.57890625 0.2796296296296296 0.0171875 0.02962962962962963
113 0.7825520833333334 0.07777777777777778 0.07135416666666666 0.13333333333333333
136 0.465625 0.16712962962962963 0.01875 0.032407407407407406
136 0.5778645833333333 0.3087962962962963 0.0171875 0.028703703703703703
59 0.57890625 0.2796296296296296 0.0171875 0.02962962962962963
