6 0.75625 0.1259259259259259 0.10416666666666667 0.17592592592592593
155 0.7552083333333334 0.23194444444444445 0.06979166666666667 0.06388888888888888
6 0.75625 0.1259259259259259 0.10416666666666667 0.17592592592592593
155 0.7552083333333334 0.23194444444444445 0.06979166666666667 0.06388888888888888
6 0.75625 0.1259259259259259 0.10416666666666667 0.17592592592592593
155 0.7552083333333334 0.23194444444444445 0.06979166666666667 0.06388888888888888
6 0.75625 0.1259259259259259 0.10416666666666667 0.17592592592592593
155 0.7552083333333334 0.23194444444444445 0.06979166666666667 0.06388888888888888
6 0.75625 0.1259259259259259 0.10416666666666667 0.17592592592592593
155 0.7552083333333334 0.23194444444444445 0.06979166666666667 0.06388888888888888
6 0.75625 0.1259259259259259 0.10416666666666667 0.17592592592592593
155 0.7552083333333334 0.23194444444444445 0.06979166666666667 0.06388888888888888
