128 0.7609375 0.16064814814814815 0.084375 0.23981481481481481
47 0.58671875 0.2671296296296296 0.0234375 0.041666666666666664
128 0.7609375 0.16064814814814815 0.084375 0.23981481481481481
47 0.58671875 0.2671296296296296 0.0234375 0.041666666666666664
128 0.7609375 0.16064814814814815 0.084375 0.23981481481481481
47 0.58671875 0.2671296296296296 0.0234375 0.041666666666666664
128 0.7609375 0.16064814814814815 0.084375 0.23981481481481481
47 0.58671875 0.2671296296296296 0.0234375 0.041666666666666664
128 0.7609375 0.16064814814814815 0.084375 0.23981481481481481
47 0.58671875 0.2671296296296296 0.0234375 0.041666666666666664
128 0.7609375 0.16064814814814815 0.084375 0.23981481481481481
47 0.58671875 0.2671296296296296 0.0234375 0.041666666666666664
