90 0.6786458333333333 0.48657407407407405 0.14583333333333334 0.11203703703703703
196 0.45234375 0.27175925925925926 0.0203125 0.030555555555555555
90 0.6786458333333333 0.48657407407407405 0.14583333333333334 0.11203703703703703
196 0.45234375 0.27175925925925926 0.0203125 0.030555555555555555
90 0.6786458333333333 0.48657407407407405 0.14583333333333334 0.11203703703703703
196 0.45234375 0.27175925925925926 0.0203125 0.030555555555555555
90 0.6786458333333333 0.48657407407407405 0.14583333333333334 0.11203703703703703
196 0.45234375 0.27175925925925926 0.0203125 0.030555555555555555
90 0.6786458333333333 0.48657407407407405 0.14583333333333334 0.11203703703703703
196 0.45234375 0.27175925925925926 0.0203125 0.030555555555555555
90 0.6786458333333333 0.48657407407407405 0.14583333333333334 0.11203703703703703
196 0.45234375 0.27175925925925926 0.0203125 0.030555555555555555
