23 0.75078125 0.2884259259259259 0.11197916666666667 0.18611111111111112
54 0.5088541666666667 0.2912037037037037 0.016666666666666666 0.028703703703703703
173 0.7489583333333333 0.4027777777777778 0.078125 0.06851851851851852
23 0.75078125 0.2884259259259259 0.11197916666666667 0.18611111111111112
54 0.5088541666666667 0.2912037037037037 0.016666666666666666 0.028703703703703703
173 0.7489583333333333 0.4027777777777778 0.078125 0.06851851851851852
23 0.75078125 0.2884259259259259 0.11197916666666667 0.18611111111111112
54 0.5088541666666667 0.2912037037037037 0.016666666666666666 0.028703703703703703
173 0.7489583333333333 0.4027777777777778 0.078125 0.06851851851851852
23 0.75078125 0.2884259259259259 0.11197916666666667 0.18611111111111112
54 0.5088541666666667 0.2912037037037037 0.016666666666666666 0.028703703703703703
173 0.7489583333333333 0.4027777777777778 0.078125 0.06851851851851852
23 0.75078125 0.2884259259259259 0.11197916666666667 0.18611111111111112
54 0.5088541666666667 0.2912037037037037 0.016666666666666666 0.028703703703703703
173 0.7489583333333333 0.4027777777777778 0.078125 0.06851851851851852
23 0.75078125 0.2884259259259259 0.11197916666666667 0.18611111111111112
54 0.5088541666666667 0.2912037037037037 0.016666666666666666 0.028703703703703703
173 0.7489583333333333 0.4027777777777778 0.078125 0.06851851851851852
