23 0.8205729166666667 0.30972222222222223 0.07239583333333334 0.11944444444444445
134 0.6354166666666666 0.33101851851851855 0.027083333333333334 0.049074074074074076
173 0.8200520833333333 0.3851851851851852 0.049479166666666664 0.040740740740740744
23 0.8205729166666667 0.30972222222222223 0.07239583333333334 0.11944444444444445
134 0.6354166666666666 0.33101851851851855 0.027083333333333334 0.049074074074074076
173 0.8200520833333333 0.3851851851851852 0.049479166666666664 0.040740740740740744
23 0.8205729166666667 0.30972222222222223 0.07239583333333334 0.11944444444444445
134 0.6354166666666666 0.33101851851851855 0.027083333333333334 0.049074074074074076
173 0.8200520833333333 0.3851851851851852 0.049479166666666664 0.040740740740740744
23 0.8205729166666667 0.30972222222222223 0.07239583333333334 0.11944444444444445
134 0.6354166666666666 0.33101851851851855 0.027083333333333334 0.049074074074074076
173 0.8200520833333333 0.3851851851851852 0.049479166666666664 0.040740740740740744
23 0.8205729166666667 0.30972222222222223 0.07239583333333334 0.11944444444444445
134 0.6354166666666666 0.33101851851851855 0.027083333333333334 0.049074074074074076
173 0.8200520833333333 0.3851851851851852 0.049479166666666664 0.040740740740740744
23 0.8205729166666667 0.30972222222222223 0.07239583333333334 0.11944444444444445
134 0.6354166666666666 0.33101851851851855 0.027083333333333334 0.049074074074074076
173 0.8200520833333333 0.3851851851851852 0.049479166666666664 0.040740740740740744
