159 0.7427083333333333 0.4652777777777778 0.12916666666666668 0.14351851851851852
3 0.7458333333333333 0.29583333333333334 0.12916666666666668 0.22685185185185186
159 0.7427083333333333 0.4652777777777778 0.12916666666666668 0.14351851851851852
3 0.7458333333333333 0.29583333333333334 0.12916666666666668 0.22685185185185186
159 0.7427083333333333 0.4652777777777778 0.12916666666666668 0.14351851851851852
3 0.7458333333333333 0.29583333333333334 0.12916666666666668 0.22685185185185186
159 0.7427083333333333 0.4652777777777778 0.12916666666666668 0.14351851851851852
3 0.7458333333333333 0.29583333333333334 0.12916666666666668 0.22685185185185186
159 0.7427083333333333 0.4652777777777778 0.12916666666666668 0.14351851851851852
3 0.7458333333333333 0.29583333333333334 0.12916666666666668 0.22685185185185186
159 0.7427083333333333 0.4652777777777778 0.12916666666666668 0.14351851851851852
3 0.7458333333333333 0.29583333333333334 0.12916666666666668 0.22685185185185186
