153 0.34609375 0.05462962962962963 0.08697916666666666 0.08148148148148149
152 0.6125 0.07824074074074074 0.07291666666666667 0.06759259259259259
37 0.5236979166666667 0.18611111111111112 0.0234375 0.03888888888888889
74 0.19557291666666668 0.3939814814814815 0.015104166666666667 0.028703703703703703
37 0.7536458333333333 0.20462962962962963 0.021875 0.03333333333333333
151 0.4557291666666667 0.059722222222222225 0.10520833333333333 0.07685185185185185
153 0.34609375 0.05462962962962963 0.08697916666666666 0.08148148148148149
152 0.6125 0.07824074074074074 0.07291666666666667 0.06759259259259259
37 0.5236979166666667 0.18611111111111112 0.0234375 0.03888888888888889
74 0.19557291666666668 0.3939814814814815 0.015104166666666667 0.028703703703703703
37 0.7536458333333333 0.20462962962962963 0.021875 0.03333333333333333
151 0.4557291666666667 0.059722222222222225 0.10520833333333333 0.07685185185185185
153 0.34609375 0.05462962962962963 0.08697916666666666 0.08148148148148149
152 0.6125 0.07824074074074074 0.07291666666666667 0.06759259259259259
37 0.5236979166666667 0.18611111111111112 0.0234375 0.03888888888888889
74 0.19557291666666668 0.3939814814814815 0.015104166666666667 0.028703703703703703
37 0.7536458333333333 0.20462962962962963 0.021875 0.03333333333333333
151 0.4557291666666667 0.059722222222222225 0.10520833333333333 0.07685185185185185
153 0.34609375 0.05462962962962963 0.08697916666666666 0.08148148148148149
152 0.6125 0.07824074074074074 0.07291666666666667 0.06759259259259259
37 0.5236979166666667 0.18611111111111112 0.0234375 0.03888888888888889
74 0.19557291666666668 0.3939814814814815 0.015104166666666667 0.028703703703703703
37 0.7536458333333333 0.20462962962962963 0.021875 0.03333333333333333
151 0.4557291666666667 0.059722222222222225 0.10520833333333333 0.07685185185185185
153 0.34609375 0.05462962962962963 0.08697916666666666 0.08148148148148149
152 0.6125 0.07824074074074074 0.07291666666666667 0.06759259259259259
37 0.5236979166666667 0.18611111111111112 0.0234375 0.03888888888888889
74 0.19557291666666668 0.3939814814814815 0.015104166666666667 0.028703703703703703
37 0.7536458333333333 0.20462962962962963 0.021875 0.03333333333333333
151 0.4557291666666667 0.059722222222222225 0.10520833333333333 0.07685185185185185
153 0.34609375 0.05462962962962963 0.08697916666666666 0.08148148148148149
152 0.6125 0.07824074074074074 0.07291666666666667 0.06759259259259259
37 0.5236979166666667 0.18611111111111112 0.0234375 0.03888888888888889
74 0.19557291666666668 0.3939814814814815 0.015104166666666667 0.028703703703703703
37 0.7536458333333333 0.20462962962962963 0.021875 0.03333333333333333
151 0.4557291666666667 0.059722222222222225 0.10520833333333333 0.07685185185185185
