68 0.7763020833333333 0.3958333333333333 0.07239583333333334 0.13240740740740742
37 0.7526041666666666 0.2935185185185185 0.020833333333333332 0.05740740740740741
146 0.5106770833333333 0.27685185185185185 0.019270833333333334 0.03518518518518519
152 0.47682291666666665 0.2162037037037037 0.022395833333333334 0.03425925925925926
151 0.43020833333333336 0.21388888888888888 0.020833333333333332 0.03333333333333333
152 0.453125 0.21481481481481482 0.022916666666666665 0.03333333333333333
68 0.7763020833333333 0.3958333333333333 0.07239583333333334 0.13240740740740742
37 0.7526041666666666 0.2935185185185185 0.020833333333333332 0.05740740740740741
146 0.5106770833333333 0.27685185185185185 0.019270833333333334 0.03518518518518519
152 0.47682291666666665 0.2162037037037037 0.022395833333333334 0.03425925925925926
151 0.43020833333333336 0.21388888888888888 0.020833333333333332 0.03333333333333333
152 0.453125 0.21481481481481482 0.022916666666666665 0.03333333333333333
68 0.7763020833333333 0.3958333333333333 0.07239583333333334 0.13240740740740742
37 0.7526041666666666 0.2935185185185185 0.020833333333333332 0.05740740740740741
146 0.5106770833333333 0.27685185185185185 0.019270833333333334 0.03518518518518519
152 0.47682291666666665 0.2162037037037037 0.022395833333333334 0.03425925925925926
151 0.43020833333333336 0.21388888888888888 0.020833333333333332 0.03333333333333333
152 0.453125 0.21481481481481482 0.022916666666666665 0.03333333333333333
68 0.7763020833333333 0.3958333333333333 0.07239583333333334 0.13240740740740742
37 0.7526041666666666 0.2935185185185185 0.020833333333333332 0.05740740740740741
146 0.5106770833333333 0.27685185185185185 0.019270833333333334 0.03518518518518519
152 0.47682291666666665 0.2162037037037037 0.022395833333333334 0.03425925925925926
151 0.43020833333333336 0.21388888888888888 0.020833333333333332 0.03333333333333333
152 0.453125 0.21481481481481482 0.022916666666666665 0.03333333333333333
68 0.7763020833333333 0.3958333333333333 0.07239583333333334 0.13240740740740742
37 0.7526041666666666 0.2935185185185185 0.020833333333333332 0.05740740740740741
146 0.5106770833333333 0.27685185185185185 0.019270833333333334 0.03518518518518519
152 0.47682291666666665 0.2162037037037037 0.022395833333333334 0.03425925925925926
151 0.43020833333333336 0.21388888888888888 0.020833333333333332 0.03333333333333333
152 0.453125 0.21481481481481482 0.022916666666666665 0.03333333333333333
68 0.7763020833333333 0.3958333333333333 0.07239583333333334 0.13240740740740742
37 0.7526041666666666 0.2935185185185185 0.020833333333333332 0.05740740740740741
146 0.5106770833333333 0.27685185185185185 0.019270833333333334 0.03518518518518519
152 0.47682291666666665 0.2162037037037037 0.022395833333333334 0.03425925925925926
151 0.43020833333333336 0.21388888888888888 0.020833333333333332 0.03333333333333333
152 0.453125 0.21481481481481482 0.022916666666666665 0.03333333333333333
