49 0.7893229166666667 0.4060185185185185 0.07447916666666667 0.13796296296296295
144 0.53125 0.28055555555555556 0.04375 0.07592592592592592
49 0.7893229166666667 0.4060185185185185 0.07447916666666667 0.13796296296296295
144 0.53125 0.28055555555555556 0.04375 0.07592592592592592
49 0.7893229166666667 0.4060185185185185 0.07447916666666667 0.13796296296296295
144 0.53125 0.28055555555555556 0.04375 0.07592592592592592
49 0.7893229166666667 0.4060185185185185 0.07447916666666667 0.13796296296296295
144 0.53125 0.28055555555555556 0.04375 0.07592592592592592
49 0.7893229166666667 0.4060185185185185 0.07447916666666667 0.13796296296296295
144 0.53125 0.28055555555555556 0.04375 0.07592592592592592
49 0.7893229166666667 0.4060185185185185 0.07447916666666667 0.13796296296296295
144 0.53125 0.28055555555555556 0.04375 0.07592592592592592
