58 0.7317708333333334 0.37916666666666665 0.08541666666666667 0.15833333333333333
182 0.014322916666666666 0.513425925925926 0.028645833333333332 0.2361111111111111
184 0.7236979166666667 0.5986111111111111 0.05572916666666667 0.28425925925925927
58 0.7317708333333334 0.37916666666666665 0.08541666666666667 0.15833333333333333
182 0.014322916666666666 0.513425925925926 0.028645833333333332 0.2361111111111111
184 0.7236979166666667 0.5986111111111111 0.05572916666666667 0.28425925925925927
58 0.7317708333333334 0.37916666666666665 0.08541666666666667 0.15833333333333333
182 0.014322916666666666 0.513425925925926 0.028645833333333332 0.2361111111111111
184 0.7236979166666667 0.5986111111111111 0.05572916666666667 0.28425925925925927
58 0.7317708333333334 0.37916666666666665 0.08541666666666667 0.15833333333333333
182 0.014322916666666666 0.513425925925926 0.028645833333333332 0.2361111111111111
184 0.7236979166666667 0.5986111111111111 0.05572916666666667 0.28425925925925927
58 0.7317708333333334 0.37916666666666665 0.08541666666666667 0.15833333333333333
182 0.014322916666666666 0.513425925925926 0.028645833333333332 0.2361111111111111
184 0.7236979166666667 0.5986111111111111 0.05572916666666667 0.28425925925925927
58 0.7317708333333334 0.37916666666666665 0.08541666666666667 0.15833333333333333
182 0.014322916666666666 0.513425925925926 0.028645833333333332 0.2361111111111111
184 0.7236979166666667 0.5986111111111111 0.05572916666666667 0.28425925925925927
