138 0.765625 0.45601851851851855 0.14895833333333333 0.11944444444444445
150 0.7979166666666667 0.33935185185185185 0.18125 0.19537037037037036
32 0.7291666666666666 0.17407407407407408 0.0875 0.14629629629629629
138 0.765625 0.45601851851851855 0.14895833333333333 0.11944444444444445
150 0.7979166666666667 0.33935185185185185 0.18125 0.19537037037037036
32 0.7291666666666666 0.17407407407407408 0.0875 0.14629629629629629
138 0.765625 0.45601851851851855 0.14895833333333333 0.11944444444444445
150 0.7979166666666667 0.33935185185185185 0.18125 0.19537037037037036
32 0.7291666666666666 0.17407407407407408 0.0875 0.14629629629629629
138 0.765625 0.45601851851851855 0.14895833333333333 0.11944444444444445
150 0.7979166666666667 0.33935185185185185 0.18125 0.19537037037037036
32 0.7291666666666666 0.17407407407407408 0.0875 0.14629629629629629
138 0.765625 0.45601851851851855 0.14895833333333333 0.11944444444444445
150 0.7979166666666667 0.33935185185185185 0.18125 0.19537037037037036
32 0.7291666666666666 0.17407407407407408 0.0875 0.14629629629629629
138 0.765625 0.45601851851851855 0.14895833333333333 0.11944444444444445
150 0.7979166666666667 0.33935185185185185 0.18125 0.19537037037037036
32 0.7291666666666666 0.17407407407407408 0.0875 0.14629629629629629
