95 0.6546875 0.09814814814814815 0.090625 0.12037037037037036
199 0.653125 0.21064814814814814 0.07708333333333334 0.09166666666666666
95 0.6546875 0.09814814814814815 0.090625 0.12037037037037036
199 0.653125 0.21064814814814814 0.07708333333333334 0.09166666666666666
95 0.6546875 0.09814814814814815 0.090625 0.12037037037037036
199 0.653125 0.21064814814814814 0.07708333333333334 0.09166666666666666
95 0.6546875 0.09814814814814815 0.090625 0.12037037037037036
199 0.653125 0.21064814814814814 0.07708333333333334 0.09166666666666666
95 0.6546875 0.09814814814814815 0.090625 0.12037037037037036
199 0.653125 0.21064814814814814 0.07708333333333334 0.09166666666666666
95 0.6546875 0.09814814814814815 0.090625 0.12037037037037036
199 0.653125 0.21064814814814814 0.07708333333333334 0.09166666666666666
