161 0.8158854166666667 0.2439814814814815 0.0546875 0.10277777777777777
119 0.8169270833333333 0.125 0.0734375 0.1388888888888889
161 0.8158854166666667 0.2439814814814815 0.0546875 0.10277777777777777
119 0.8169270833333333 0.125 0.0734375 0.1388888888888889
161 0.8158854166666667 0.2439814814814815 0.0546875 0.10277777777777777
119 0.8169270833333333 0.125 0.0734375 0.1388888888888889
161 0.8158854166666667 0.2439814814814815 0.0546875 0.10277777777777777
119 0.8169270833333333 0.125 0.0734375 0.1388888888888889
161 0.8158854166666667 0.2439814814814815 0.0546875 0.10277777777777777
119 0.8169270833333333 0.125 0.0734375 0.1388888888888889
161 0.8158854166666667 0.2439814814814815 0.0546875 0.10277777777777777
119 0.8169270833333333 0.125 0.0734375 0.1388888888888889
