35 0.7596354166666667 0.08842592592592592 0.10052083333333334 0.15833333333333333
173 0.7606770833333333 0.19027777777777777 0.0671875 0.05277777777777778
35 0.7596354166666667 0.08842592592592592 0.10052083333333334 0.15833333333333333
173 0.7606770833333333 0.19027777777777777 0.0671875 0.05277777777777778
35 0.7596354166666667 0.08842592592592592 0.10052083333333334 0.15833333333333333
173 0.7606770833333333 0.19027777777777777 0.0671875 0.05277777777777778
35 0.7596354166666667 0.08842592592592592 0.10052083333333334 0.15833333333333333
173 0.7606770833333333 0.19027777777777777 0.0671875 0.05277777777777778
35 0.7596354166666667 0.08842592592592592 0.10052083333333334 0.15833333333333333
173 0.7606770833333333 0.19027777777777777 0.0671875 0.05277777777777778
35 0.7596354166666667 0.08842592592592592 0.10052083333333334 0.15833333333333333
173 0.7606770833333333 0.19027777777777777 0.0671875 0.05277777777777778
