4 0.7356770833333334 0.2847222222222222 0.10677083333333333 0.18425925925925926
173 0.73515625 0.4046296296296296 0.0765625 0.06481481481481481
4 0.7356770833333334 0.2847222222222222 0.10677083333333333 0.18425925925925926
173 0.73515625 0.4046296296296296 0.0765625 0.06481481481481481
4 0.7356770833333334 0.2847222222222222 0.10677083333333333 0.18425925925925926
173 0.73515625 0.4046296296296296 0.0765625 0.06481481481481481
4 0.7356770833333334 0.2847222222222222 0.10677083333333333 0.18425925925925926
173 0.73515625 0.4046296296296296 0.0765625 0.06481481481481481
4 0.7356770833333334 0.2847222222222222 0.10677083333333333 0.18425925925925926
173 0.73515625 0.4046296296296296 0.0765625 0.06481481481481481
4 0.7356770833333334 0.2847222222222222 0.10677083333333333 0.18425925925925926
173 0.73515625 0.4046296296296296 0.0765625 0.06481481481481481
