165 0.7734375 0.37453703703703706 0.08854166666666667 0.15833333333333333
119 0.76640625 0.19305555555555556 0.11614583333333334 0.21388888888888888
165 0.7734375 0.37453703703703706 0.08854166666666667 0.15833333333333333
119 0.76640625 0.19305555555555556 0.11614583333333334 0.21388888888888888
165 0.7734375 0.37453703703703706 0.08854166666666667 0.15833333333333333
119 0.76640625 0.19305555555555556 0.11614583333333334 0.21388888888888888
165 0.7734375 0.37453703703703706 0.08854166666666667 0.15833333333333333
119 0.76640625 0.19305555555555556 0.11614583333333334 0.21388888888888888
165 0.7734375 0.37453703703703706 0.08854166666666667 0.15833333333333333
119 0.76640625 0.19305555555555556 0.11614583333333334 0.21388888888888888
165 0.7734375 0.37453703703703706 0.08854166666666667 0.15833333333333333
119 0.76640625 0.19305555555555556 0.11614583333333334 0.21388888888888888
