144 0.8510416666666667 0.17546296296296296 0.140625 0.225
136 0.7369791666666666 0.24074074074074073 0.046875 0.09074074074074075
132 0.7369791666666666 0.15185185185185185 0.046875 0.09259259259259259
193 0.81875 0.33425925925925926 0.078125 0.037037037037037035
144 0.8510416666666667 0.17546296296296296 0.140625 0.225
136 0.7369791666666666 0.24074074074074073 0.046875 0.09074074074074075
132 0.7369791666666666 0.15185185185185185 0.046875 0.09259259259259259
193 0.81875 0.33425925925925926 0.078125 0.037037037037037035
144 0.8510416666666667 0.17546296296296296 0.140625 0.225
136 0.7369791666666666 0.24074074074074073 0.046875 0.09074074074074075
132 0.7369791666666666 0.15185185185185185 0.046875 0.09259259259259259
193 0.81875 0.33425925925925926 0.078125 0.037037037037037035
144 0.8510416666666667 0.17546296296296296 0.140625 0.225
136 0.7369791666666666 0.24074074074074073 0.046875 0.09074074074074075
132 0.7369791666666666 0.15185185185185185 0.046875 0.09259259259259259
193 0.81875 0.33425925925925926 0.078125 0.037037037037037035
144 0.8510416666666667 0.17546296296296296 0.140625 0.225
136 0.7369791666666666 0.24074074074074073 0.046875 0.09074074074074075
132 0.7369791666666666 0.15185185185185185 0.046875 0.09259259259259259
193 0.81875 0.33425925925925926 0.078125 0.037037037037037035
144 0.8510416666666667 0.17546296296296296 0.140625 0.225
136 0.7369791666666666 0.24074074074074073 0.046875 0.09074074074074075
132 0.7369791666666666 0.15185185185185185 0.046875 0.09259259259259259
193 0.81875 0.33425925925925926 0.078125 0.037037037037037035
