64 0.0921875 0.2675925925925926 0.034375 0.06481481481481481
63 0.24895833333333334 0.2412037037037037 0.025 0.049074074074074076
64 0.0921875 0.2675925925925926 0.034375 0.06481481481481481
63 0.24895833333333334 0.2412037037037037 0.025 0.049074074074074076
64 0.0921875 0.2675925925925926 0.034375 0.06481481481481481
63 0.24895833333333334 0.2412037037037037 0.025 0.049074074074074076
64 0.0921875 0.2675925925925926 0.034375 0.06481481481481481
63 0.24895833333333334 0.2412037037037037 0.025 0.049074074074074076
64 0.0921875 0.2675925925925926 0.034375 0.06481481481481481
63 0.24895833333333334 0.2412037037037037 0.025 0.049074074074074076
64 0.0921875 0.2675925925925926 0.034375 0.06481481481481481
63 0.24895833333333334 0.2412037037037037 0.025 0.049074074074074076
