154 0.29140625 0.1050925925925926 0.06614583333333333 0.12685185185185185
152 0.3640625 0.10185185185185185 0.08020833333333334 0.12962962962962962
152 0.4479166666666667 0.1087962962962963 0.08645833333333333 0.08981481481481482
14 0.5684895833333333 0.2462962962962963 0.04010416666666667 0.06481481481481481
154 0.29140625 0.1050925925925926 0.06614583333333333 0.12685185185185185
152 0.3640625 0.10185185185185185 0.08020833333333334 0.12962962962962962
152 0.4479166666666667 0.1087962962962963 0.08645833333333333 0.08981481481481482
14 0.5684895833333333 0.2462962962962963 0.04010416666666667 0.06481481481481481
154 0.29140625 0.1050925925925926 0.06614583333333333 0.12685185185185185
152 0.3640625 0.10185185185185185 0.08020833333333334 0.12962962962962962
152 0.4479166666666667 0.1087962962962963 0.08645833333333333 0.08981481481481482
14 0.5684895833333333 0.2462962962962963 0.04010416666666667 0.06481481481481481
154 0.29140625 0.1050925925925926 0.06614583333333333 0.12685185185185185
152 0.3640625 0.10185185185185185 0.08020833333333334 0.12962962962962962
152 0.4479166666666667 0.1087962962962963 0.08645833333333333 0.08981481481481482
14 0.5684895833333333 0.2462962962962963 0.04010416666666667 0.06481481481481481
154 0.29140625 0.1050925925925926 0.06614583333333333 0.12685185185185185
152 0.3640625 0.10185185185185185 0.08020833333333334 0.12962962962962962
152 0.4479166666666667 0.1087962962962963 0.08645833333333333 0.08981481481481482
14 0.5684895833333333 0.2462962962962963 0.04010416666666667 0.06481481481481481
154 0.29140625 0.1050925925925926 0.06614583333333333 0.12685185185185185
152 0.3640625 0.10185185185185185 0.08020833333333334 0.12962962962962962
152 0.4479166666666667 0.1087962962962963 0.08645833333333333 0.08981481481481482
14 0.5684895833333333 0.2462962962962963 0.04010416666666667 0.06481481481481481
