81 0.7432291666666667 0.45601851851851855 0.08125 0.14907407407407408
13 0.7484375 0.30462962962962964 0.103125 0.19444444444444445
81 0.7432291666666667 0.45601851851851855 0.08125 0.14907407407407408
13 0.7484375 0.30462962962962964 0.103125 0.19444444444444445
81 0.7432291666666667 0.45601851851851855 0.08125 0.14907407407407408
13 0.7484375 0.30462962962962964 0.103125 0.19444444444444445
81 0.7432291666666667 0.45601851851851855 0.08125 0.14907407407407408
13 0.7484375 0.30462962962962964 0.103125 0.19444444444444445
81 0.7432291666666667 0.45601851851851855 0.08125 0.14907407407407408
13 0.7484375 0.30462962962962964 0.103125 0.19444444444444445
81 0.7432291666666667 0.45601851851851855 0.08125 0.14907407407407408
13 0.7484375 0.30462962962962964 0.103125 0.19444444444444445
