56 0.8486979166666667 0.2439814814814815 0.0390625 0.08055555555555556
56 0.225 0.28564814814814815 0.01875 0.03796296296296296
83 0.759375 0.3958333333333333 0.01875 0.03425925925925926
134 0.76015625 0.24953703703703703 0.030729166666666665 0.09537037037037037
56 0.8486979166666667 0.2439814814814815 0.0390625 0.08055555555555556
56 0.225 0.28564814814814815 0.01875 0.03796296296296296
83 0.759375 0.3958333333333333 0.01875 0.03425925925925926
134 0.76015625 0.24953703703703703 0.030729166666666665 0.09537037037037037
56 0.8486979166666667 0.2439814814814815 0.0390625 0.08055555555555556
56 0.225 0.28564814814814815 0.01875 0.03796296296296296
83 0.759375 0.3958333333333333 0.01875 0.03425925925925926
134 0.76015625 0.24953703703703703 0.030729166666666665 0.09537037037037037
56 0.8486979166666667 0.2439814814814815 0.0390625 0.08055555555555556
56 0.225 0.28564814814814815 0.01875 0.03796296296296296
83 0.759375 0.3958333333333333 0.01875 0.03425925925925926
134 0.76015625 0.24953703703703703 0.030729166666666665 0.09537037037037037
56 0.8486979166666667 0.2439814814814815 0.0390625 0.08055555555555556
56 0.225 0.28564814814814815 0.01875 0.03796296296296296
83 0.759375 0.3958333333333333 0.01875 0.03425925925925926
134 0.76015625 0.24953703703703703 0.030729166666666665 0.09537037037037037
56 0.8486979166666667 0.2439814814814815 0.0390625 0.08055555555555556
56 0.225 0.28564814814814815 0.01875 0.03796296296296296
83 0.759375 0.3958333333333333 0.01875 0.03425925925925926
134 0.76015625 0.24953703703703703 0.030729166666666665 0.09537037037037037
