156 0.72109375 0.44907407407407407 0.0796875 0.08703703703703704
37 0.73515625 0.3226851851851852 0.1171875 0.20277777777777778
156 0.72109375 0.44907407407407407 0.0796875 0.08703703703703704
37 0.73515625 0.3226851851851852 0.1171875 0.20277777777777778
156 0.72109375 0.44907407407407407 0.0796875 0.08703703703703704
37 0.73515625 0.3226851851851852 0.1171875 0.20277777777777778
156 0.72109375 0.44907407407407407 0.0796875 0.08703703703703704
37 0.73515625 0.3226851851851852 0.1171875 0.20277777777777778
156 0.72109375 0.44907407407407407 0.0796875 0.08703703703703704
37 0.73515625 0.3226851851851852 0.1171875 0.20277777777777778
156 0.72109375 0.44907407407407407 0.0796875 0.08703703703703704
37 0.73515625 0.3226851851851852 0.1171875 0.20277777777777778
