31 0.6408854166666667 0.07268518518518519 0.08385416666666666 0.13425925925925927
134 0.5453125 0.23055555555555557 0.015625 0.04259259259259259
55 0.54609375 0.2671296296296296 0.015104166666666667 0.028703703703703703
173 0.6427083333333333 0.2875 0.057291666666666664 0.04351851851851852
13 0.64296875 0.19675925925925927 0.0859375 0.1361111111111111
31 0.6408854166666667 0.07268518518518519 0.08385416666666666 0.13425925925925927
134 0.5453125 0.23055555555555557 0.015625 0.04259259259259259
55 0.54609375 0.2671296296296296 0.015104166666666667 0.028703703703703703
173 0.6427083333333333 0.2875 0.057291666666666664 0.04351851851851852
13 0.64296875 0.19675925925925927 0.0859375 0.1361111111111111
