140 0.7747395833333334 0.3851851851851852 0.0984375 0.2462962962962963
10 0.4984375 0.3111111111111111 0.03229166666666667 0.053703703703703705
140 0.7747395833333334 0.3851851851851852 0.0984375 0.2462962962962963
10 0.4984375 0.3111111111111111 0.03229166666666667 0.053703703703703705
140 0.7747395833333334 0.3851851851851852 0.0984375 0.2462962962962963
10 0.4984375 0.3111111111111111 0.03229166666666667 0.053703703703703705
140 0.7747395833333334 0.3851851851851852 0.0984375 0.2462962962962963
10 0.4984375 0.3111111111111111 0.03229166666666667 0.053703703703703705
140 0.7747395833333334 0.3851851851851852 0.0984375 0.2462962962962963
10 0.4984375 0.3111111111111111 0.03229166666666667 0.053703703703703705
140 0.7747395833333334 0.3851851851851852 0.0984375 0.2462962962962963
10 0.4984375 0.3111111111111111 0.03229166666666667 0.053703703703703705
