1 0.76171875 0.2777777777777778 0.1078125 0.18703703703703703
96 0.7838541666666666 0.4652777777777778 0.07395833333333333 0.1638888888888889
1 0.76171875 0.2777777777777778 0.1078125 0.18703703703703703
96 0.7838541666666666 0.4652777777777778 0.07395833333333333 0.1638888888888889
1 0.76171875 0.2777777777777778 0.1078125 0.18703703703703703
96 0.7838541666666666 0.4652777777777778 0.07395833333333333 0.1638888888888889
1 0.76171875 0.2777777777777778 0.1078125 0.18703703703703703
96 0.7838541666666666 0.4652777777777778 0.07395833333333333 0.1638888888888889
1 0.76171875 0.2777777777777778 0.1078125 0.18703703703703703
96 0.7838541666666666 0.4652777777777778 0.07395833333333333 0.1638888888888889
1 0.76171875 0.2777777777777778 0.1078125 0.18703703703703703
96 0.7838541666666666 0.4652777777777778 0.07395833333333333 0.1638888888888889
