56 0.7861979166666667 0.4222222222222222 0.0796875 0.14629629629629629
101 0.5690104166666666 0.34675925925925927 0.0515625 0.028703703703703703
56 0.7861979166666667 0.4222222222222222 0.0796875 0.14629629629629629
101 0.5690104166666666 0.34675925925925927 0.0515625 0.028703703703703703
56 0.7861979166666667 0.4222222222222222 0.0796875 0.14629629629629629
101 0.5690104166666666 0.34675925925925927 0.0515625 0.028703703703703703
56 0.7861979166666667 0.4222222222222222 0.0796875 0.14629629629629629
101 0.5690104166666666 0.34675925925925927 0.0515625 0.028703703703703703
56 0.7861979166666667 0.4222222222222222 0.0796875 0.14629629629629629
101 0.5690104166666666 0.34675925925925927 0.0515625 0.028703703703703703
56 0.7861979166666667 0.4222222222222222 0.0796875 0.14629629629629629
101 0.5690104166666666 0.34675925925925927 0.0515625 0.028703703703703703
