23 0.79296875 0.29814814814814816 0.08385416666666666 0.1388888888888889
173 0.79140625 0.3861111111111111 0.05677083333333333 0.05555555555555555
23 0.79296875 0.29814814814814816 0.08385416666666666 0.1388888888888889
173 0.79140625 0.3861111111111111 0.05677083333333333 0.05555555555555555
23 0.79296875 0.29814814814814816 0.08385416666666666 0.1388888888888889
173 0.79140625 0.3861111111111111 0.05677083333333333 0.05555555555555555
23 0.79296875 0.29814814814814816 0.08385416666666666 0.1388888888888889
173 0.79140625 0.3861111111111111 0.05677083333333333 0.05555555555555555
23 0.79296875 0.29814814814814816 0.08385416666666666 0.1388888888888889
173 0.79140625 0.3861111111111111 0.05677083333333333 0.05555555555555555
23 0.79296875 0.29814814814814816 0.08385416666666666 0.1388888888888889
173 0.79140625 0.3861111111111111 0.05677083333333333 0.05555555555555555
