6 0.7651041666666667 0.1824074074074074 0.10104166666666667 0.16296296296296298
80 0.76640625 0.32407407407407407 0.0671875 0.12037037037037036
179 0.7669270833333334 0.4148148148148148 0.0671875 0.06296296296296296
6 0.7651041666666667 0.1824074074074074 0.10104166666666667 0.16296296296296298
80 0.76640625 0.32407407407407407 0.0671875 0.12037037037037036
179 0.7669270833333334 0.4148148148148148 0.0671875 0.06296296296296296
6 0.7651041666666667 0.1824074074074074 0.10104166666666667 0.16296296296296298
80 0.76640625 0.32407407407407407 0.0671875 0.12037037037037036
179 0.7669270833333334 0.4148148148148148 0.0671875 0.06296296296296296
6 0.7651041666666667 0.1824074074074074 0.10104166666666667 0.16296296296296298
80 0.76640625 0.32407407407407407 0.0671875 0.12037037037037036
179 0.7669270833333334 0.4148148148148148 0.0671875 0.06296296296296296
6 0.7651041666666667 0.1824074074074074 0.10104166666666667 0.16296296296296298
80 0.76640625 0.32407407407407407 0.0671875 0.12037037037037036
179 0.7669270833333334 0.4148148148148148 0.0671875 0.06296296296296296
6 0.7651041666666667 0.1824074074074074 0.10104166666666667 0.16296296296296298
80 0.76640625 0.32407407407407407 0.0671875 0.12037037037037036
179 0.7669270833333334 0.4148148148148148 0.0671875 0.06296296296296296
