89 0.20885416666666667 0.4699074074074074 0.07083333333333333 0.1287037037037037
184 0.9700520833333334 0.6310185185185185 0.059895833333333336 0.41203703703703703
196 0.15651041666666668 0.3087962962962963 0.05572916666666667 0.21388888888888888
89 0.5752604166666667 0.3574074074074074 0.021354166666666667 0.037037037037037035
58 0.971875 0.24212962962962964 0.05625 0.1787037037037037
89 0.20885416666666667 0.4699074074074074 0.07083333333333333 0.1287037037037037
184 0.9700520833333334 0.6310185185185185 0.059895833333333336 0.41203703703703703
196 0.15651041666666668 0.3087962962962963 0.05572916666666667 0.21388888888888888
89 0.5752604166666667 0.3574074074074074 0.021354166666666667 0.037037037037037035
58 0.971875 0.24212962962962964 0.05625 0.1787037037037037
