88 0.7635416666666667 0.6180555555555556 0.06354166666666666 0.13796296296296295
196 0.69609375 0.25324074074074077 0.0515625 0.09907407407407408
88 0.7635416666666667 0.6180555555555556 0.06354166666666666 0.13796296296296295
196 0.69609375 0.25324074074074077 0.0515625 0.09907407407407408
88 0.7635416666666667 0.6180555555555556 0.06354166666666666 0.13796296296296295
196 0.69609375 0.25324074074074077 0.0515625 0.09907407407407408
88 0.7635416666666667 0.6180555555555556 0.06354166666666666 0.13796296296296295
196 0.69609375 0.25324074074074077 0.0515625 0.09907407407407408
88 0.7635416666666667 0.6180555555555556 0.06354166666666666 0.13796296296296295
196 0.69609375 0.25324074074074077 0.0515625 0.09907407407407408
88 0.7635416666666667 0.6180555555555556 0.06354166666666666 0.13796296296296295
196 0.69609375 0.25324074074074077 0.0515625 0.09907407407407408
