132 0.8502604166666666 0.12037037037037036 0.0703125 0.1388888888888889
136 0.38307291666666665 0.16527777777777777 0.018229166666666668 0.032407407407407406
123 0.75859375 0.26157407407407407 0.0421875 0.08055555555555556
136 0.8447916666666667 0.2449074074074074 0.06875 0.13796296296296295
95 0.8466145833333333 0.37407407407407406 0.021354166666666667 0.06481481481481481
132 0.8502604166666666 0.12037037037037036 0.0703125 0.1388888888888889
136 0.38307291666666665 0.16527777777777777 0.018229166666666668 0.032407407407407406
123 0.75859375 0.26157407407407407 0.0421875 0.08055555555555556
136 0.8447916666666667 0.2449074074074074 0.06875 0.13796296296296295
95 0.8466145833333333 0.37407407407407406 0.021354166666666667 0.06481481481481481
