17 0.8020833333333334 0.18009259259259258 0.10729166666666666 0.18611111111111112
143 0.51328125 0.2875 0.025520833333333333 0.04351851851851852
17 0.8020833333333334 0.18009259259259258 0.10729166666666666 0.18611111111111112
143 0.51328125 0.2875 0.025520833333333333 0.04351851851851852
17 0.8020833333333334 0.18009259259259258 0.10729166666666666 0.18611111111111112
143 0.51328125 0.2875 0.025520833333333333 0.04351851851851852
17 0.8020833333333334 0.18009259259259258 0.10729166666666666 0.18611111111111112
143 0.51328125 0.2875 0.025520833333333333 0.04351851851851852
17 0.8020833333333334 0.18009259259259258 0.10729166666666666 0.18611111111111112
143 0.51328125 0.2875 0.025520833333333333 0.04351851851851852
17 0.8020833333333334 0.18009259259259258 0.10729166666666666 0.18611111111111112
143 0.51328125 0.2875 0.025520833333333333 0.04351851851851852
