18 0.7520833333333333 0.375 0.13125 0.20925925925925926
32 0.7578125 0.18101851851851852 0.12708333333333333 0.2101851851851852
18 0.7520833333333333 0.375 0.13125 0.20925925925925926
32 0.7578125 0.18101851851851852 0.12708333333333333 0.2101851851851852
18 0.7520833333333333 0.375 0.13125 0.20925925925925926
32 0.7578125 0.18101851851851852 0.12708333333333333 0.2101851851851852
18 0.7520833333333333 0.375 0.13125 0.20925925925925926
32 0.7578125 0.18101851851851852 0.12708333333333333 0.2101851851851852
18 0.7520833333333333 0.375 0.13125 0.20925925925925926
32 0.7578125 0.18101851851851852 0.12708333333333333 0.2101851851851852
18 0.7520833333333333 0.375 0.13125 0.20925925925925926
32 0.7578125 0.18101851851851852 0.12708333333333333 0.2101851851851852
