89 0.08984375 0.4601851851851852 0.05260416666666667 0.09259259259259259
89 0.5078125 0.36064814814814816 0.022916666666666665 0.041666666666666664
89 0.08984375 0.4601851851851852 0.05260416666666667 0.09259259259259259
89 0.5078125 0.36064814814814816 0.022916666666666665 0.041666666666666664
89 0.08984375 0.4601851851851852 0.05260416666666667 0.09259259259259259
89 0.5078125 0.36064814814814816 0.022916666666666665 0.041666666666666664
89 0.08984375 0.4601851851851852 0.05260416666666667 0.09259259259259259
89 0.5078125 0.36064814814814816 0.022916666666666665 0.041666666666666664
89 0.08984375 0.4601851851851852 0.05260416666666667 0.09259259259259259
89 0.5078125 0.36064814814814816 0.022916666666666665 0.041666666666666664
89 0.08984375 0.4601851851851852 0.05260416666666667 0.09259259259259259
89 0.5078125 0.36064814814814816 0.022916666666666665 0.041666666666666664
