30 0.7247395833333333 0.6587962962962963 0.04635416666666667 0.27314814814814814
25 0.725 0.4083333333333333 0.10520833333333333 0.22407407407407406
30 0.7247395833333333 0.6587962962962963 0.04635416666666667 0.27314814814814814
25 0.725 0.4083333333333333 0.10520833333333333 0.22407407407407406
30 0.7247395833333333 0.6587962962962963 0.04635416666666667 0.27314814814814814
25 0.725 0.4083333333333333 0.10520833333333333 0.22407407407407406
30 0.7247395833333333 0.6587962962962963 0.04635416666666667 0.27314814814814814
25 0.725 0.4083333333333333 0.10520833333333333 0.22407407407407406
30 0.7247395833333333 0.6587962962962963 0.04635416666666667 0.27314814814814814
25 0.725 0.4083333333333333 0.10520833333333333 0.22407407407407406
30 0.7247395833333333 0.6587962962962963 0.04635416666666667 0.27314814814814814
25 0.725 0.4083333333333333 0.10520833333333333 0.22407407407407406
