103 0.7986979166666667 0.3458333333333333 0.0609375 0.12129629629629629
47 0.8041666666666667 0.22592592592592592 0.06145833333333333 0.11851851851851852
103 0.7986979166666667 0.3458333333333333 0.0609375 0.12129629629629629
47 0.8041666666666667 0.22592592592592592 0.06145833333333333 0.11851851851851852
103 0.7986979166666667 0.3458333333333333 0.0609375 0.12129629629629629
47 0.8041666666666667 0.22592592592592592 0.06145833333333333 0.11851851851851852
103 0.7986979166666667 0.3458333333333333 0.0609375 0.12129629629629629
47 0.8041666666666667 0.22592592592592592 0.06145833333333333 0.11851851851851852
103 0.7986979166666667 0.3458333333333333 0.0609375 0.12129629629629629
47 0.8041666666666667 0.22592592592592592 0.06145833333333333 0.11851851851851852
103 0.7986979166666667 0.3458333333333333 0.0609375 0.12129629629629629
47 0.8041666666666667 0.22592592592592592 0.06145833333333333 0.11851851851851852
