185 0.7028645833333333 0.6699074074074074 0.07552083333333333 0.3787037037037037
16 0.60234375 0.3226851851851852 0.049479166666666664 0.0824074074074074
185 0.7028645833333333 0.6699074074074074 0.07552083333333333 0.3787037037037037
16 0.60234375 0.3226851851851852 0.049479166666666664 0.0824074074074074
185 0.7028645833333333 0.6699074074074074 0.07552083333333333 0.3787037037037037
16 0.60234375 0.3226851851851852 0.049479166666666664 0.0824074074074074
185 0.7028645833333333 0.6699074074074074 0.07552083333333333 0.3787037037037037
16 0.60234375 0.3226851851851852 0.049479166666666664 0.0824074074074074
185 0.7028645833333333 0.6699074074074074 0.07552083333333333 0.3787037037037037
16 0.60234375 0.3226851851851852 0.049479166666666664 0.0824074074074074
