35 0.7830729166666667 0.2523148148148148 0.11510416666666666 0.19537037037037036
173 0.7825520833333334 0.3736111111111111 0.07760416666666667 0.06388888888888888
10 0.45390625 0.2902777777777778 0.0171875 0.026851851851851852
35 0.7830729166666667 0.2523148148148148 0.11510416666666666 0.19537037037037036
173 0.7825520833333334 0.3736111111111111 0.07760416666666667 0.06388888888888888
10 0.45390625 0.2902777777777778 0.0171875 0.026851851851851852
35 0.7830729166666667 0.2523148148148148 0.11510416666666666 0.19537037037037036
173 0.7825520833333334 0.3736111111111111 0.07760416666666667 0.06388888888888888
10 0.45390625 0.2902777777777778 0.0171875 0.026851851851851852
35 0.7830729166666667 0.2523148148148148 0.11510416666666666 0.19537037037037036
173 0.7825520833333334 0.3736111111111111 0.07760416666666667 0.06388888888888888
10 0.45390625 0.2902777777777778 0.0171875 0.026851851851851852
35 0.7830729166666667 0.2523148148148148 0.11510416666666666 0.19537037037037036
173 0.7825520833333334 0.3736111111111111 0.07760416666666667 0.06388888888888888
10 0.45390625 0.2902777777777778 0.0171875 0.026851851851851852
35 0.7830729166666667 0.2523148148148148 0.11510416666666666 0.19537037037037036
173 0.7825520833333334 0.3736111111111111 0.07760416666666667 0.06388888888888888
10 0.45390625 0.2902777777777778 0.0171875 0.026851851851851852
