25 0.7330729166666666 0.37083333333333335 0.0890625 0.15648148148148147
30 0.7265625 0.5305555555555556 0.042708333333333334 0.18333333333333332
95 0.48489583333333336 0.27175925925925926 0.020833333333333332 0.028703703703703703
25 0.7330729166666666 0.37083333333333335 0.0890625 0.15648148148148147
30 0.7265625 0.5305555555555556 0.042708333333333334 0.18333333333333332
95 0.48489583333333336 0.27175925925925926 0.020833333333333332 0.028703703703703703
25 0.7330729166666666 0.37083333333333335 0.0890625 0.15648148148148147
30 0.7265625 0.5305555555555556 0.042708333333333334 0.18333333333333332
95 0.48489583333333336 0.27175925925925926 0.020833333333333332 0.028703703703703703
25 0.7330729166666666 0.37083333333333335 0.0890625 0.15648148148148147
30 0.7265625 0.5305555555555556 0.042708333333333334 0.18333333333333332
95 0.48489583333333336 0.27175925925925926 0.020833333333333332 0.028703703703703703
25 0.7330729166666666 0.37083333333333335 0.0890625 0.15648148148148147
30 0.7265625 0.5305555555555556 0.042708333333333334 0.18333333333333332
95 0.48489583333333336 0.27175925925925926 0.020833333333333332 0.028703703703703703
