5 0.73515625 0.31342592592592594 0.13697916666666668 0.225
173 0.7359375 0.4583333333333333 0.09270833333333334 0.07962962962962963
5 0.73515625 0.31342592592592594 0.13697916666666668 0.225
173 0.7359375 0.4583333333333333 0.09270833333333334 0.07962962962962963
5 0.73515625 0.31342592592592594 0.13697916666666668 0.225
173 0.7359375 0.4583333333333333 0.09270833333333334 0.07962962962962963
5 0.73515625 0.31342592592592594 0.13697916666666668 0.225
173 0.7359375 0.4583333333333333 0.09270833333333334 0.07962962962962963
5 0.73515625 0.31342592592592594 0.13697916666666668 0.225
173 0.7359375 0.4583333333333333 0.09270833333333334 0.07962962962962963
5 0.73515625 0.31342592592592594 0.13697916666666668 0.225
173 0.7359375 0.4583333333333333 0.09270833333333334 0.07962962962962963
