58 0.7518229166666667 0.39166666666666666 0.06614583333333333 0.11851851851851852
13 0.75546875 0.24537037037037038 0.1015625 0.16296296296296298
83 0.18072916666666666 0.39537037037037037 0.021875 0.03518518518518519
58 0.7518229166666667 0.39166666666666666 0.06614583333333333 0.11851851851851852
13 0.75546875 0.24537037037037038 0.1015625 0.16296296296296298
83 0.18072916666666666 0.39537037037037037 0.021875 0.03518518518518519
58 0.7518229166666667 0.39166666666666666 0.06614583333333333 0.11851851851851852
13 0.75546875 0.24537037037037038 0.1015625 0.16296296296296298
83 0.18072916666666666 0.39537037037037037 0.021875 0.03518518518518519
58 0.7518229166666667 0.39166666666666666 0.06614583333333333 0.11851851851851852
13 0.75546875 0.24537037037037038 0.1015625 0.16296296296296298
83 0.18072916666666666 0.39537037037037037 0.021875 0.03518518518518519
58 0.7518229166666667 0.39166666666666666 0.06614583333333333 0.11851851851851852
13 0.75546875 0.24537037037037038 0.1015625 0.16296296296296298
83 0.18072916666666666 0.39537037037037037 0.021875 0.03518518518518519
58 0.7518229166666667 0.39166666666666666 0.06614583333333333 0.11851851851851852
13 0.75546875 0.24537037037037038 0.1015625 0.16296296296296298
83 0.18072916666666666 0.39537037037037037 0.021875 0.03518518518518519
