4 0.7322916666666667 0.30694444444444446 0.16458333333333333 0.2953703703703704
173 0.73046875 0.4847222222222222 0.11614583333333334 0.10462962962962963
4 0.7322916666666667 0.30694444444444446 0.16458333333333333 0.2953703703703704
173 0.73046875 0.4847222222222222 0.11614583333333334 0.10462962962962963
4 0.7322916666666667 0.30694444444444446 0.16458333333333333 0.2953703703703704
173 0.73046875 0.4847222222222222 0.11614583333333334 0.10462962962962963
4 0.7322916666666667 0.30694444444444446 0.16458333333333333 0.2953703703703704
173 0.73046875 0.4847222222222222 0.11614583333333334 0.10462962962962963
4 0.7322916666666667 0.30694444444444446 0.16458333333333333 0.2953703703703704
173 0.73046875 0.4847222222222222 0.11614583333333334 0.10462962962962963
4 0.7322916666666667 0.30694444444444446 0.16458333333333333 0.2953703703703704
173 0.73046875 0.4847222222222222 0.11614583333333334 0.10462962962962963
