31 0.7734375 0.34814814814814815 0.09791666666666667 0.1574074074074074
173 0.77265625 0.45185185185185184 0.06822916666666666 0.053703703703703705
13 0.7755208333333333 0.19907407407407407 0.10104166666666667 0.1574074074074074
31 0.7734375 0.34814814814814815 0.09791666666666667 0.1574074074074074
173 0.77265625 0.45185185185185184 0.06822916666666666 0.053703703703703705
13 0.7755208333333333 0.19907407407407407 0.10104166666666667 0.1574074074074074
31 0.7734375 0.34814814814814815 0.09791666666666667 0.1574074074074074
173 0.77265625 0.45185185185185184 0.06822916666666666 0.053703703703703705
13 0.7755208333333333 0.19907407407407407 0.10104166666666667 0.1574074074074074
31 0.7734375 0.34814814814814815 0.09791666666666667 0.1574074074074074
173 0.77265625 0.45185185185185184 0.06822916666666666 0.053703703703703705
13 0.7755208333333333 0.19907407407407407 0.10104166666666667 0.1574074074074074
31 0.7734375 0.34814814814814815 0.09791666666666667 0.1574074074074074
173 0.77265625 0.45185185185185184 0.06822916666666666 0.053703703703703705
13 0.7755208333333333 0.19907407407407407 0.10104166666666667 0.1574074074074074
31 0.7734375 0.34814814814814815 0.09791666666666667 0.1574074074074074
173 0.77265625 0.45185185185185184 0.06822916666666666 0.053703703703703705
13 0.7755208333333333 0.19907407407407407 0.10104166666666667 0.1574074074074074
