168 0.7166666666666667 0.30092592592592593 0.09375 0.1685185185185185
37 0.7255208333333333 0.12129629629629629 0.12604166666666666 0.21296296296296297
168 0.7166666666666667 0.30092592592592593 0.09375 0.1685185185185185
37 0.7255208333333333 0.12129629629629629 0.12604166666666666 0.21296296296296297
168 0.7166666666666667 0.30092592592592593 0.09375 0.1685185185185185
37 0.7255208333333333 0.12129629629629629 0.12604166666666666 0.21296296296296297
168 0.7166666666666667 0.30092592592592593 0.09375 0.1685185185185185
37 0.7255208333333333 0.12129629629629629 0.12604166666666666 0.21296296296296297
168 0.7166666666666667 0.30092592592592593 0.09375 0.1685185185185185
37 0.7255208333333333 0.12129629629629629 0.12604166666666666 0.21296296296296297
168 0.7166666666666667 0.30092592592592593 0.09375 0.1685185185185185
37 0.7255208333333333 0.12129629629629629 0.12604166666666666 0.21296296296296297
