25 0.6979166666666666 0.23333333333333334 0.11666666666666667 0.19814814814814816
30 0.6981770833333333 0.4532407407407407 0.043229166666666666 0.24351851851851852
25 0.6979166666666666 0.23333333333333334 0.11666666666666667 0.19814814814814816
30 0.6981770833333333 0.4532407407407407 0.043229166666666666 0.24351851851851852
25 0.6979166666666666 0.23333333333333334 0.11666666666666667 0.19814814814814816
30 0.6981770833333333 0.4532407407407407 0.043229166666666666 0.24351851851851852
25 0.6979166666666666 0.23333333333333334 0.11666666666666667 0.19814814814814816
30 0.6981770833333333 0.4532407407407407 0.043229166666666666 0.24351851851851852
25 0.6979166666666666 0.23333333333333334 0.11666666666666667 0.19814814814814816
30 0.6981770833333333 0.4532407407407407 0.043229166666666666 0.24351851851851852
25 0.6979166666666666 0.23333333333333334 0.11666666666666667 0.19814814814814816
30 0.6981770833333333 0.4532407407407407 0.043229166666666666 0.24351851851851852
