183 0.20026041666666666 0.48194444444444445 0.043229166666666666 0.24537037037037038
184 0.8973958333333333 0.5185185185185185 0.04895833333333333 0.22962962962962963
183 0.20026041666666666 0.48194444444444445 0.043229166666666666 0.24537037037037038
184 0.8973958333333333 0.5185185185185185 0.04895833333333333 0.22962962962962963
183 0.20026041666666666 0.48194444444444445 0.043229166666666666 0.24537037037037038
184 0.8973958333333333 0.5185185185185185 0.04895833333333333 0.22962962962962963
183 0.20026041666666666 0.48194444444444445 0.043229166666666666 0.24537037037037038
184 0.8973958333333333 0.5185185185185185 0.04895833333333333 0.22962962962962963
183 0.20026041666666666 0.48194444444444445 0.043229166666666666 0.24537037037037038
184 0.8973958333333333 0.5185185185185185 0.04895833333333333 0.22962962962962963
183 0.20026041666666666 0.48194444444444445 0.043229166666666666 0.24537037037037038
184 0.8973958333333333 0.5185185185185185 0.04895833333333333 0.22962962962962963
