151 0.446875 0.07037037037037037 0.08020833333333334 0.11296296296296296
153 0.33255208333333336 0.07777777777777778 0.07239583333333334 0.11481481481481481
153 0.25885416666666666 0.08472222222222223 0.07083333333333333 0.11574074074074074
119 0.5609375 0.1962962962962963 0.029166666666666667 0.05555555555555555
151 0.446875 0.07037037037037037 0.08020833333333334 0.11296296296296296
153 0.33255208333333336 0.07777777777777778 0.07239583333333334 0.11481481481481481
153 0.25885416666666666 0.08472222222222223 0.07083333333333333 0.11574074074074074
119 0.5609375 0.1962962962962963 0.029166666666666667 0.05555555555555555
151 0.446875 0.07037037037037037 0.08020833333333334 0.11296296296296296
153 0.33255208333333336 0.07777777777777778 0.07239583333333334 0.11481481481481481
153 0.25885416666666666 0.08472222222222223 0.07083333333333333 0.11574074074074074
119 0.5609375 0.1962962962962963 0.029166666666666667 0.05555555555555555
151 0.446875 0.07037037037037037 0.08020833333333334 0.11296296296296296
153 0.33255208333333336 0.07777777777777778 0.07239583333333334 0.11481481481481481
153 0.25885416666666666 0.08472222222222223 0.07083333333333333 0.11574074074074074
119 0.5609375 0.1962962962962963 0.029166666666666667 0.05555555555555555
151 0.446875 0.07037037037037037 0.08020833333333334 0.11296296296296296
153 0.33255208333333336 0.07777777777777778 0.07239583333333334 0.11481481481481481
153 0.25885416666666666 0.08472222222222223 0.07083333333333333 0.11574074074074074
119 0.5609375 0.1962962962962963 0.029166666666666667 0.05555555555555555
151 0.446875 0.07037037037037037 0.08020833333333334 0.11296296296296296
153 0.33255208333333336 0.07777777777777778 0.07239583333333334 0.11481481481481481
153 0.25885416666666666 0.08472222222222223 0.07083333333333333 0.11574074074074074
119 0.5609375 0.1962962962962963 0.029166666666666667 0.05555555555555555
