139 0.8161458333333333 0.33796296296296297 0.10208333333333333 0.29259259259259257
179 0.81171875 0.5152777777777777 0.09635416666666667 0.06388888888888888
103 0.5432291666666667 0.31203703703703706 0.026041666666666668 0.046296296296296294
139 0.8161458333333333 0.33796296296296297 0.10208333333333333 0.29259259259259257
179 0.81171875 0.5152777777777777 0.09635416666666667 0.06388888888888888
103 0.5432291666666667 0.31203703703703706 0.026041666666666668 0.046296296296296294
139 0.8161458333333333 0.33796296296296297 0.10208333333333333 0.29259259259259257
179 0.81171875 0.5152777777777777 0.09635416666666667 0.06388888888888888
103 0.5432291666666667 0.31203703703703706 0.026041666666666668 0.046296296296296294
139 0.8161458333333333 0.33796296296296297 0.10208333333333333 0.29259259259259257
179 0.81171875 0.5152777777777777 0.09635416666666667 0.06388888888888888
103 0.5432291666666667 0.31203703703703706 0.026041666666666668 0.046296296296296294
139 0.8161458333333333 0.33796296296296297 0.10208333333333333 0.29259259259259257
179 0.81171875 0.5152777777777777 0.09635416666666667 0.06388888888888888
103 0.5432291666666667 0.31203703703703706 0.026041666666666668 0.046296296296296294
139 0.8161458333333333 0.33796296296296297 0.10208333333333333 0.29259259259259257
179 0.81171875 0.5152777777777777 0.09635416666666667 0.06388888888888888
103 0.5432291666666667 0.31203703703703706 0.026041666666666668 0.046296296296296294
