140 0.7807291666666667 0.17777777777777778 0.08229166666666667 0.23148148148148148
179 0.7809895833333333 0.3421296296296296 0.0796875 0.09351851851851851
140 0.7807291666666667 0.17777777777777778 0.08229166666666667 0.23148148148148148
179 0.7809895833333333 0.3421296296296296 0.0796875 0.09351851851851851
140 0.7807291666666667 0.17777777777777778 0.08229166666666667 0.23148148148148148
179 0.7809895833333333 0.3421296296296296 0.0796875 0.09351851851851851
140 0.7807291666666667 0.17777777777777778 0.08229166666666667 0.23148148148148148
179 0.7809895833333333 0.3421296296296296 0.0796875 0.09351851851851851
140 0.7807291666666667 0.17777777777777778 0.08229166666666667 0.23148148148148148
179 0.7809895833333333 0.3421296296296296 0.0796875 0.09351851851851851
