98 0.7083333333333334 0.2361111111111111 0.0625 0.16666666666666666
96 0.70546875 0.058333333333333334 0.06197916666666667 0.1111111111111111
98 0.7083333333333334 0.2361111111111111 0.0625 0.16666666666666666
96 0.70546875 0.058333333333333334 0.06197916666666667 0.1111111111111111
98 0.7083333333333334 0.2361111111111111 0.0625 0.16666666666666666
96 0.70546875 0.058333333333333334 0.06197916666666667 0.1111111111111111
98 0.7083333333333334 0.2361111111111111 0.0625 0.16666666666666666
96 0.70546875 0.058333333333333334 0.06197916666666667 0.1111111111111111
98 0.7083333333333334 0.2361111111111111 0.0625 0.16666666666666666
96 0.70546875 0.058333333333333334 0.06197916666666667 0.1111111111111111
98 0.7083333333333334 0.2361111111111111 0.0625 0.16666666666666666
96 0.70546875 0.058333333333333334 0.06197916666666667 0.1111111111111111
