61 0.9635416666666666 0.27361111111111114 0.03854166666666667 0.06574074074074074
53 0.6799479166666667 0.2652777777777778 0.015104166666666667 0.03611111111111111
46 0.9604166666666667 0.3388888888888889 0.040625 0.06666666666666667
61 0.9635416666666666 0.27361111111111114 0.03854166666666667 0.06574074074074074
53 0.6799479166666667 0.2652777777777778 0.015104166666666667 0.03611111111111111
46 0.9604166666666667 0.3388888888888889 0.040625 0.06666666666666667
61 0.9635416666666666 0.27361111111111114 0.03854166666666667 0.06574074074074074
53 0.6799479166666667 0.2652777777777778 0.015104166666666667 0.03611111111111111
46 0.9604166666666667 0.3388888888888889 0.040625 0.06666666666666667
61 0.9635416666666666 0.27361111111111114 0.03854166666666667 0.06574074074074074
53 0.6799479166666667 0.2652777777777778 0.015104166666666667 0.03611111111111111
46 0.9604166666666667 0.3388888888888889 0.040625 0.06666666666666667
61 0.9635416666666666 0.27361111111111114 0.03854166666666667 0.06574074074074074
53 0.6799479166666667 0.2652777777777778 0.015104166666666667 0.03611111111111111
46 0.9604166666666667 0.3388888888888889 0.040625 0.06666666666666667
61 0.9635416666666666 0.27361111111111114 0.03854166666666667 0.06574074074074074
53 0.6799479166666667 0.2652777777777778 0.015104166666666667 0.03611111111111111
46 0.9604166666666667 0.3388888888888889 0.040625 0.06666666666666667
