39 0.75 0.20462962962962963 0.09479166666666666 0.16666666666666666
37 0.6955729166666667 0.2722222222222222 0.022395833333333334 0.03888888888888889
186 0.27395833333333336 0.3907407407407407 0.020833333333333332 0.11851851851851852
74 0.27447916666666666 0.29814814814814816 0.03854166666666667 0.07037037037037037
76 0.6971354166666667 0.30277777777777776 0.018229166666666668 0.02962962962962963
39 0.75 0.20462962962962963 0.09479166666666666 0.16666666666666666
37 0.6955729166666667 0.2722222222222222 0.022395833333333334 0.03888888888888889
186 0.27395833333333336 0.3907407407407407 0.020833333333333332 0.11851851851851852
74 0.27447916666666666 0.29814814814814816 0.03854166666666667 0.07037037037037037
76 0.6971354166666667 0.30277777777777776 0.018229166666666668 0.02962962962962963
39 0.75 0.20462962962962963 0.09479166666666666 0.16666666666666666
37 0.6955729166666667 0.2722222222222222 0.022395833333333334 0.03888888888888889
186 0.27395833333333336 0.3907407407407407 0.020833333333333332 0.11851851851851852
74 0.27447916666666666 0.29814814814814816 0.03854166666666667 0.07037037037037037
76 0.6971354166666667 0.30277777777777776 0.018229166666666668 0.02962962962962963
39 0.75 0.20462962962962963 0.09479166666666666 0.16666666666666666
37 0.6955729166666667 0.2722222222222222 0.022395833333333334 0.03888888888888889
186 0.27395833333333336 0.3907407407407407 0.020833333333333332 0.11851851851851852
74 0.27447916666666666 0.29814814814814816 0.03854166666666667 0.07037037037037037
76 0.6971354166666667 0.30277777777777776 0.018229166666666668 0.02962962962962963
39 0.75 0.20462962962962963 0.09479166666666666 0.16666666666666666
37 0.6955729166666667 0.2722222222222222 0.022395833333333334 0.03888888888888889
186 0.27395833333333336 0.3907407407407407 0.020833333333333332 0.11851851851851852
74 0.27447916666666666 0.29814814814814816 0.03854166666666667 0.07037037037037037
76 0.6971354166666667 0.30277777777777776 0.018229166666666668 0.02962962962962963
39 0.75 0.20462962962962963 0.09479166666666666 0.16666666666666666
37 0.6955729166666667 0.2722222222222222 0.022395833333333334 0.03888888888888889
186 0.27395833333333336 0.3907407407407407 0.020833333333333332 0.11851851851851852
74 0.27447916666666666 0.29814814814814816 0.03854166666666667 0.07037037037037037
76 0.6971354166666667 0.30277777777777776 0.018229166666666668 0.02962962962962963
