101 0.7822916666666667 0.3902777777777778 0.18645833333333334 0.1287037037037037
83 0.9263020833333333 0.7291666666666666 0.09427083333333333 0.14166666666666666
101 0.7822916666666667 0.3902777777777778 0.18645833333333334 0.1287037037037037
83 0.9263020833333333 0.7291666666666666 0.09427083333333333 0.14166666666666666
101 0.7822916666666667 0.3902777777777778 0.18645833333333334 0.1287037037037037
83 0.9263020833333333 0.7291666666666666 0.09427083333333333 0.14166666666666666
101 0.7822916666666667 0.3902777777777778 0.18645833333333334 0.1287037037037037
83 0.9263020833333333 0.7291666666666666 0.09427083333333333 0.14166666666666666
101 0.7822916666666667 0.3902777777777778 0.18645833333333334 0.1287037037037037
83 0.9263020833333333 0.7291666666666666 0.09427083333333333 0.14166666666666666
101 0.7822916666666667 0.3902777777777778 0.18645833333333334 0.1287037037037037
83 0.9263020833333333 0.7291666666666666 0.09427083333333333 0.14166666666666666
