185 0.72109375 0.7555555555555555 0.0796875 0.4185185185185185
183 0.15 0.44722222222222224 0.026041666666666668 0.12777777777777777
185 0.72109375 0.7555555555555555 0.0796875 0.4185185185185185
183 0.15 0.44722222222222224 0.026041666666666668 0.12777777777777777
185 0.72109375 0.7555555555555555 0.0796875 0.4185185185185185
183 0.15 0.44722222222222224 0.026041666666666668 0.12777777777777777
185 0.72109375 0.7555555555555555 0.0796875 0.4185185185185185
183 0.15 0.44722222222222224 0.026041666666666668 0.12777777777777777
185 0.72109375 0.7555555555555555 0.0796875 0.4185185185185185
183 0.15 0.44722222222222224 0.026041666666666668 0.12777777777777777
