152 0.7734375 0.20092592592592592 0.21979166666666666 0.23703703703703705
155 0.7697916666666667 0.34444444444444444 0.21770833333333334 0.08333333333333333
152 0.7734375 0.20092592592592592 0.21979166666666666 0.23703703703703705
155 0.7697916666666667 0.34444444444444444 0.21770833333333334 0.08333333333333333
152 0.7734375 0.20092592592592592 0.21979166666666666 0.23703703703703705
155 0.7697916666666667 0.34444444444444444 0.21770833333333334 0.08333333333333333
152 0.7734375 0.20092592592592592 0.21979166666666666 0.23703703703703705
155 0.7697916666666667 0.34444444444444444 0.21770833333333334 0.08333333333333333
152 0.7734375 0.20092592592592592 0.21979166666666666 0.23703703703703705
155 0.7697916666666667 0.34444444444444444 0.21770833333333334 0.08333333333333333
152 0.7734375 0.20092592592592592 0.21979166666666666 0.23703703703703705
155 0.7697916666666667 0.34444444444444444 0.21770833333333334 0.08333333333333333
