107 0.7802083333333333 0.23148148148148148 0.07395833333333333 0.13518518518518519
54 0.7794270833333333 0.3680555555555556 0.0703125 0.13425925925925927
147 0.59765625 0.26435185185185184 0.0765625 0.10092592592592593
107 0.7802083333333333 0.23148148148148148 0.07395833333333333 0.13518518518518519
54 0.7794270833333333 0.3680555555555556 0.0703125 0.13425925925925927
147 0.59765625 0.26435185185185184 0.0765625 0.10092592592592593
107 0.7802083333333333 0.23148148148148148 0.07395833333333333 0.13518518518518519
54 0.7794270833333333 0.3680555555555556 0.0703125 0.13425925925925927
147 0.59765625 0.26435185185185184 0.0765625 0.10092592592592593
107 0.7802083333333333 0.23148148148148148 0.07395833333333333 0.13518518518518519
54 0.7794270833333333 0.3680555555555556 0.0703125 0.13425925925925927
147 0.59765625 0.26435185185185184 0.0765625 0.10092592592592593
107 0.7802083333333333 0.23148148148148148 0.07395833333333333 0.13518518518518519
54 0.7794270833333333 0.3680555555555556 0.0703125 0.13425925925925927
147 0.59765625 0.26435185185185184 0.0765625 0.10092592592592593
107 0.7802083333333333 0.23148148148148148 0.07395833333333333 0.13518518518518519
54 0.7794270833333333 0.3680555555555556 0.0703125 0.13425925925925927
147 0.59765625 0.26435185185185184 0.0765625 0.10092592592592593
