151 0.8421875 0.3125 0.08541666666666667 0.09537037037037037
119 0.6015625 0.22314814814814815 0.028125 0.04814814814814815
151 0.8421875 0.3125 0.08541666666666667 0.09537037037037037
119 0.6015625 0.22314814814814815 0.028125 0.04814814814814815
151 0.8421875 0.3125 0.08541666666666667 0.09537037037037037
119 0.6015625 0.22314814814814815 0.028125 0.04814814814814815
151 0.8421875 0.3125 0.08541666666666667 0.09537037037037037
119 0.6015625 0.22314814814814815 0.028125 0.04814814814814815
151 0.8421875 0.3125 0.08541666666666667 0.09537037037037037
119 0.6015625 0.22314814814814815 0.028125 0.04814814814814815
151 0.8421875 0.3125 0.08541666666666667 0.09537037037037037
119 0.6015625 0.22314814814814815 0.028125 0.04814814814814815
