162 0.83359375 0.2884259259259259 0.06197916666666667 0.11018518518518519
119 0.83515625 0.16296296296296298 0.08697916666666666 0.1537037037037037
83 0.8151041666666666 0.44537037037037036 0.03125 0.05185185185185185
162 0.83359375 0.2884259259259259 0.06197916666666667 0.11018518518518519
119 0.83515625 0.16296296296296298 0.08697916666666666 0.1537037037037037
83 0.8151041666666666 0.44537037037037036 0.03125 0.05185185185185185
162 0.83359375 0.2884259259259259 0.06197916666666667 0.11018518518518519
119 0.83515625 0.16296296296296298 0.08697916666666666 0.1537037037037037
83 0.8151041666666666 0.44537037037037036 0.03125 0.05185185185185185
162 0.83359375 0.2884259259259259 0.06197916666666667 0.11018518518518519
119 0.83515625 0.16296296296296298 0.08697916666666666 0.1537037037037037
83 0.8151041666666666 0.44537037037037036 0.03125 0.05185185185185185
162 0.83359375 0.2884259259259259 0.06197916666666667 0.11018518518518519
119 0.83515625 0.16296296296296298 0.08697916666666666 0.1537037037037037
83 0.8151041666666666 0.44537037037037036 0.03125 0.05185185185185185
162 0.83359375 0.2884259259259259 0.06197916666666667 0.11018518518518519
119 0.83515625 0.16296296296296298 0.08697916666666666 0.1537037037037037
83 0.8151041666666666 0.44537037037037036 0.03125 0.05185185185185185
