64 0.76484375 0.27361111111111114 0.0921875 0.1675925925925926
178 0.7669270833333334 0.40046296296296297 0.09427083333333333 0.08425925925925926
64 0.76484375 0.27361111111111114 0.0921875 0.1675925925925926
178 0.7669270833333334 0.40046296296296297 0.09427083333333333 0.08425925925925926
64 0.76484375 0.27361111111111114 0.0921875 0.1675925925925926
178 0.7669270833333334 0.40046296296296297 0.09427083333333333 0.08425925925925926
64 0.76484375 0.27361111111111114 0.0921875 0.1675925925925926
178 0.7669270833333334 0.40046296296296297 0.09427083333333333 0.08425925925925926
64 0.76484375 0.27361111111111114 0.0921875 0.1675925925925926
178 0.7669270833333334 0.40046296296296297 0.09427083333333333 0.08425925925925926
64 0.76484375 0.27361111111111114 0.0921875 0.1675925925925926
178 0.7669270833333334 0.40046296296296297 0.09427083333333333 0.08425925925925926
