147 0.7828125 0.22037037037037038 0.24791666666666667 0.4166666666666667
55 0.5153645833333333 0.30416666666666664 0.0171875 0.028703703703703703
147 0.7828125 0.22037037037037038 0.24791666666666667 0.4166666666666667
55 0.5153645833333333 0.30416666666666664 0.0171875 0.028703703703703703
147 0.7828125 0.22037037037037038 0.24791666666666667 0.4166666666666667
55 0.5153645833333333 0.30416666666666664 0.0171875 0.028703703703703703
147 0.7828125 0.22037037037037038 0.24791666666666667 0.4166666666666667
55 0.5153645833333333 0.30416666666666664 0.0171875 0.028703703703703703
147 0.7828125 0.22037037037037038 0.24791666666666667 0.4166666666666667
55 0.5153645833333333 0.30416666666666664 0.0171875 0.028703703703703703
147 0.7828125 0.22037037037037038 0.24791666666666667 0.4166666666666667
55 0.5153645833333333 0.30416666666666664 0.0171875 0.028703703703703703
