82 0.34739583333333335 0.0875 0.04583333333333333 0.08055555555555556
151 0.46119791666666665 0.07175925925925926 0.0640625 0.0787037037037037
152 0.5296875 0.08101851851851852 0.071875 0.09722222222222222
147 0.5778645833333333 0.25833333333333336 0.027604166666666666 0.06481481481481481
63 0.012239583333333333 0.2962962962962963 0.016145833333333335 0.03333333333333333
82 0.34739583333333335 0.0875 0.04583333333333333 0.08055555555555556
151 0.46119791666666665 0.07175925925925926 0.0640625 0.0787037037037037
152 0.5296875 0.08101851851851852 0.071875 0.09722222222222222
147 0.5778645833333333 0.25833333333333336 0.027604166666666666 0.06481481481481481
63 0.012239583333333333 0.2962962962962963 0.016145833333333335 0.03333333333333333
