146 0.79765625 0.33194444444444443 0.1359375 0.24166666666666667
47 0.55 0.3060185185185185 0.027083333333333334 0.04351851851851852
146 0.79765625 0.33194444444444443 0.1359375 0.24166666666666667
47 0.55 0.3060185185185185 0.027083333333333334 0.04351851851851852
146 0.79765625 0.33194444444444443 0.1359375 0.24166666666666667
47 0.55 0.3060185185185185 0.027083333333333334 0.04351851851851852
146 0.79765625 0.33194444444444443 0.1359375 0.24166666666666667
47 0.55 0.3060185185185185 0.027083333333333334 0.04351851851851852
146 0.79765625 0.33194444444444443 0.1359375 0.24166666666666667
47 0.55 0.3060185185185185 0.027083333333333334 0.04351851851851852
146 0.79765625 0.33194444444444443 0.1359375 0.24166666666666667
47 0.55 0.3060185185185185 0.027083333333333334 0.04351851851851852
