154 0.5231770833333333 0.09259259259259259 0.05364583333333333 0.15185185185185185
74 0.37604166666666666 0.287962962962963 0.022916666666666665 0.040740740740740744
186 0.37734375 0.3375 0.0171875 0.05648148148148148
154 0.5981770833333333 0.09027777777777778 0.059895833333333336 0.16018518518518518
154 0.5231770833333333 0.09259259259259259 0.05364583333333333 0.15185185185185185
74 0.37604166666666666 0.287962962962963 0.022916666666666665 0.040740740740740744
186 0.37734375 0.3375 0.0171875 0.05648148148148148
154 0.5981770833333333 0.09027777777777778 0.059895833333333336 0.16018518518518518
154 0.5231770833333333 0.09259259259259259 0.05364583333333333 0.15185185185185185
74 0.37604166666666666 0.287962962962963 0.022916666666666665 0.040740740740740744
186 0.37734375 0.3375 0.0171875 0.05648148148148148
154 0.5981770833333333 0.09027777777777778 0.059895833333333336 0.16018518518518518
154 0.5231770833333333 0.09259259259259259 0.05364583333333333 0.15185185185185185
74 0.37604166666666666 0.287962962962963 0.022916666666666665 0.040740740740740744
186 0.37734375 0.3375 0.0171875 0.05648148148148148
154 0.5981770833333333 0.09027777777777778 0.059895833333333336 0.16018518518518518
154 0.5231770833333333 0.09259259259259259 0.05364583333333333 0.15185185185185185
74 0.37604166666666666 0.287962962962963 0.022916666666666665 0.040740740740740744
186 0.37734375 0.3375 0.0171875 0.05648148148148148
154 0.5981770833333333 0.09027777777777778 0.059895833333333336 0.16018518518518518
154 0.5231770833333333 0.09259259259259259 0.05364583333333333 0.15185185185185185
74 0.37604166666666666 0.287962962962963 0.022916666666666665 0.040740740740740744
186 0.37734375 0.3375 0.0171875 0.05648148148148148
154 0.5981770833333333 0.09027777777777778 0.059895833333333336 0.16018518518518518
