144 0.7510416666666667 0.20416666666666666 0.228125 0.3824074074074074
56 0.5783854166666667 0.3347222222222222 0.033854166666666664 0.062037037037037036
6 0.5786458333333333 0.2574074074074074 0.06145833333333333 0.0962962962962963
144 0.7510416666666667 0.20416666666666666 0.228125 0.3824074074074074
56 0.5783854166666667 0.3347222222222222 0.033854166666666664 0.062037037037037036
6 0.5786458333333333 0.2574074074074074 0.06145833333333333 0.0962962962962963
144 0.7510416666666667 0.20416666666666666 0.228125 0.3824074074074074
56 0.5783854166666667 0.3347222222222222 0.033854166666666664 0.062037037037037036
6 0.5786458333333333 0.2574074074074074 0.06145833333333333 0.0962962962962963
144 0.7510416666666667 0.20416666666666666 0.228125 0.3824074074074074
56 0.5783854166666667 0.3347222222222222 0.033854166666666664 0.062037037037037036
6 0.5786458333333333 0.2574074074074074 0.06145833333333333 0.0962962962962963
144 0.7510416666666667 0.20416666666666666 0.228125 0.3824074074074074
56 0.5783854166666667 0.3347222222222222 0.033854166666666664 0.062037037037037036
6 0.5786458333333333 0.2574074074074074 0.06145833333333333 0.0962962962962963
144 0.7510416666666667 0.20416666666666666 0.228125 0.3824074074074074
56 0.5783854166666667 0.3347222222222222 0.033854166666666664 0.062037037037037036
6 0.5786458333333333 0.2574074074074074 0.06145833333333333 0.0962962962962963
