152 0.19557291666666668 0.22824074074074074 0.16197916666666667 0.18796296296296297
155 0.19817708333333334 0.34120370370370373 0.15885416666666666 0.062037037037037036
152 0.19557291666666668 0.22824074074074074 0.16197916666666667 0.18796296296296297
155 0.19817708333333334 0.34120370370370373 0.15885416666666666 0.062037037037037036
152 0.19557291666666668 0.22824074074074074 0.16197916666666667 0.18796296296296297
155 0.19817708333333334 0.34120370370370373 0.15885416666666666 0.062037037037037036
152 0.19557291666666668 0.22824074074074074 0.16197916666666667 0.18796296296296297
155 0.19817708333333334 0.34120370370370373 0.15885416666666666 0.062037037037037036
152 0.19557291666666668 0.22824074074074074 0.16197916666666667 0.18796296296296297
155 0.19817708333333334 0.34120370370370373 0.15885416666666666 0.062037037037037036
152 0.19557291666666668 0.22824074074074074 0.16197916666666667 0.18796296296296297
155 0.19817708333333334 0.34120370370370373 0.15885416666666666 0.062037037037037036
