154 0.8630208333333333 0.1 0.057291666666666664 0.08888888888888889
154 0.5645833333333333 0.1412037037037037 0.03125 0.04722222222222222
153 0.3848958333333333 0.14444444444444443 0.04583333333333333 0.05
154 0.4747395833333333 0.14074074074074075 0.04635416666666667 0.04814814814814815
154 0.8630208333333333 0.1 0.057291666666666664 0.08888888888888889
154 0.5645833333333333 0.1412037037037037 0.03125 0.04722222222222222
153 0.3848958333333333 0.14444444444444443 0.04583333333333333 0.05
154 0.4747395833333333 0.14074074074074075 0.04635416666666667 0.04814814814814815
154 0.8630208333333333 0.1 0.057291666666666664 0.08888888888888889
154 0.5645833333333333 0.1412037037037037 0.03125 0.04722222222222222
153 0.3848958333333333 0.14444444444444443 0.04583333333333333 0.05
154 0.4747395833333333 0.14074074074074075 0.04635416666666667 0.04814814814814815
154 0.8630208333333333 0.1 0.057291666666666664 0.08888888888888889
154 0.5645833333333333 0.1412037037037037 0.03125 0.04722222222222222
153 0.3848958333333333 0.14444444444444443 0.04583333333333333 0.05
154 0.4747395833333333 0.14074074074074075 0.04635416666666667 0.04814814814814815
154 0.8630208333333333 0.1 0.057291666666666664 0.08888888888888889
154 0.5645833333333333 0.1412037037037037 0.03125 0.04722222222222222
153 0.3848958333333333 0.14444444444444443 0.04583333333333333 0.05
154 0.4747395833333333 0.14074074074074075 0.04635416666666667 0.04814814814814815
154 0.8630208333333333 0.1 0.057291666666666664 0.08888888888888889
154 0.5645833333333333 0.1412037037037037 0.03125 0.04722222222222222
153 0.3848958333333333 0.14444444444444443 0.04583333333333333 0.05
154 0.4747395833333333 0.14074074074074075 0.04635416666666667 0.04814814814814815
