8 0.84921875 0.22824074074074074 0.09114583333333333 0.15648148148148147
155 0.8473958333333333 0.32222222222222224 0.07083333333333333 0.05185185185185185
8 0.84921875 0.22824074074074074 0.09114583333333333 0.15648148148148147
155 0.8473958333333333 0.32222222222222224 0.07083333333333333 0.05185185185185185
8 0.84921875 0.22824074074074074 0.09114583333333333 0.15648148148148147
155 0.8473958333333333 0.32222222222222224 0.07083333333333333 0.05185185185185185
8 0.84921875 0.22824074074074074 0.09114583333333333 0.15648148148148147
155 0.8473958333333333 0.32222222222222224 0.07083333333333333 0.05185185185185185
8 0.84921875 0.22824074074074074 0.09114583333333333 0.15648148148148147
155 0.8473958333333333 0.32222222222222224 0.07083333333333333 0.05185185185185185
8 0.84921875 0.22824074074074074 0.09114583333333333 0.15648148148148147
155 0.8473958333333333 0.32222222222222224 0.07083333333333333 0.05185185185185185
