28 0.78984375 0.5666666666666667 0.049479166666666664 0.22777777777777777
100 0.7463541666666667 0.34120370370370373 0.11145833333333334 0.06944444444444445
28 0.78984375 0.5666666666666667 0.049479166666666664 0.22777777777777777
100 0.7463541666666667 0.34120370370370373 0.11145833333333334 0.06944444444444445
28 0.78984375 0.5666666666666667 0.049479166666666664 0.22777777777777777
100 0.7463541666666667 0.34120370370370373 0.11145833333333334 0.06944444444444445
28 0.78984375 0.5666666666666667 0.049479166666666664 0.22777777777777777
100 0.7463541666666667 0.34120370370370373 0.11145833333333334 0.06944444444444445
28 0.78984375 0.5666666666666667 0.049479166666666664 0.22777777777777777
100 0.7463541666666667 0.34120370370370373 0.11145833333333334 0.06944444444444445
28 0.78984375 0.5666666666666667 0.049479166666666664 0.22777777777777777
100 0.7463541666666667 0.34120370370370373 0.11145833333333334 0.06944444444444445
