162 0.66171875 0.32037037037037036 0.06614583333333333 0.11851851851851852
197 0.6890625 0.06527777777777778 0.06354166666666666 0.1175925925925926
119 0.66171875 0.18101851851851852 0.0921875 0.1675925925925926
162 0.66171875 0.32037037037037036 0.06614583333333333 0.11851851851851852
197 0.6890625 0.06527777777777778 0.06354166666666666 0.1175925925925926
119 0.66171875 0.18101851851851852 0.0921875 0.1675925925925926
162 0.66171875 0.32037037037037036 0.06614583333333333 0.11851851851851852
197 0.6890625 0.06527777777777778 0.06354166666666666 0.1175925925925926
119 0.66171875 0.18101851851851852 0.0921875 0.1675925925925926
162 0.66171875 0.32037037037037036 0.06614583333333333 0.11851851851851852
197 0.6890625 0.06527777777777778 0.06354166666666666 0.1175925925925926
119 0.66171875 0.18101851851851852 0.0921875 0.1675925925925926
162 0.66171875 0.32037037037037036 0.06614583333333333 0.11851851851851852
197 0.6890625 0.06527777777777778 0.06354166666666666 0.1175925925925926
119 0.66171875 0.18101851851851852 0.0921875 0.1675925925925926
162 0.66171875 0.32037037037037036 0.06614583333333333 0.11851851851851852
197 0.6890625 0.06527777777777778 0.06354166666666666 0.1175925925925926
119 0.66171875 0.18101851851851852 0.0921875 0.1675925925925926
