107 0.7794270833333333 0.2601851851851852 0.0890625 0.16666666666666666
81 0.5216145833333333 0.2967592592592593 0.0234375 0.041666666666666664
107 0.7794270833333333 0.2601851851851852 0.0890625 0.16666666666666666
81 0.5216145833333333 0.2967592592592593 0.0234375 0.041666666666666664
107 0.7794270833333333 0.2601851851851852 0.0890625 0.16666666666666666
81 0.5216145833333333 0.2967592592592593 0.0234375 0.041666666666666664
107 0.7794270833333333 0.2601851851851852 0.0890625 0.16666666666666666
81 0.5216145833333333 0.2967592592592593 0.0234375 0.041666666666666664
107 0.7794270833333333 0.2601851851851852 0.0890625 0.16666666666666666
81 0.5216145833333333 0.2967592592592593 0.0234375 0.041666666666666664
107 0.7794270833333333 0.2601851851851852 0.0890625 0.16666666666666666
81 0.5216145833333333 0.2967592592592593 0.0234375 0.041666666666666664
