128 0.7403645833333333 0.19953703703703704 0.0453125 0.12129629629629629
145 0.7390625 0.0787037037037037 0.046875 0.12407407407407407
7 0.6197916666666666 0.2361111111111111 0.023958333333333335 0.03888888888888889
128 0.7403645833333333 0.19953703703703704 0.0453125 0.12129629629629629
145 0.7390625 0.0787037037037037 0.046875 0.12407407407407407
7 0.6197916666666666 0.2361111111111111 0.023958333333333335 0.03888888888888889
128 0.7403645833333333 0.19953703703703704 0.0453125 0.12129629629629629
145 0.7390625 0.0787037037037037 0.046875 0.12407407407407407
7 0.6197916666666666 0.2361111111111111 0.023958333333333335 0.03888888888888889
128 0.7403645833333333 0.19953703703703704 0.0453125 0.12129629629629629
145 0.7390625 0.0787037037037037 0.046875 0.12407407407407407
7 0.6197916666666666 0.2361111111111111 0.023958333333333335 0.03888888888888889
128 0.7403645833333333 0.19953703703703704 0.0453125 0.12129629629629629
145 0.7390625 0.0787037037037037 0.046875 0.12407407407407407
7 0.6197916666666666 0.2361111111111111 0.023958333333333335 0.03888888888888889
128 0.7403645833333333 0.19953703703703704 0.0453125 0.12129629629629629
145 0.7390625 0.0787037037037037 0.046875 0.12407407407407407
7 0.6197916666666666 0.2361111111111111 0.023958333333333335 0.03888888888888889
