68 0.8018229166666667 0.22870370370370371 0.09739583333333333 0.17962962962962964
6 0.53671875 0.30694444444444446 0.028645833333333332 0.04722222222222222
68 0.8018229166666667 0.22870370370370371 0.09739583333333333 0.17962962962962964
6 0.53671875 0.30694444444444446 0.028645833333333332 0.04722222222222222
68 0.8018229166666667 0.22870370370370371 0.09739583333333333 0.17962962962962964
6 0.53671875 0.30694444444444446 0.028645833333333332 0.04722222222222222
68 0.8018229166666667 0.22870370370370371 0.09739583333333333 0.17962962962962964
6 0.53671875 0.30694444444444446 0.028645833333333332 0.04722222222222222
68 0.8018229166666667 0.22870370370370371 0.09739583333333333 0.17962962962962964
6 0.53671875 0.30694444444444446 0.028645833333333332 0.04722222222222222
68 0.8018229166666667 0.22870370370370371 0.09739583333333333 0.17962962962962964
6 0.53671875 0.30694444444444446 0.028645833333333332 0.04722222222222222
