96 0.8114583333333333 0.2898148148148148 0.071875 0.13148148148148148
7 0.8140625 0.14074074074074075 0.10104166666666667 0.1814814814814815
96 0.8114583333333333 0.2898148148148148 0.071875 0.13148148148148148
7 0.8140625 0.14074074074074075 0.10104166666666667 0.1814814814814815
96 0.8114583333333333 0.2898148148148148 0.071875 0.13148148148148148
7 0.8140625 0.14074074074074075 0.10104166666666667 0.1814814814814815
96 0.8114583333333333 0.2898148148148148 0.071875 0.13148148148148148
7 0.8140625 0.14074074074074075 0.10104166666666667 0.1814814814814815
96 0.8114583333333333 0.2898148148148148 0.071875 0.13148148148148148
7 0.8140625 0.14074074074074075 0.10104166666666667 0.1814814814814815
