161 0.76953125 0.4046296296296296 0.0953125 0.1685185185185185
119 0.7776041666666667 0.22268518518518518 0.125 0.2175925925925926
150 0.5619791666666667 0.29212962962962963 0.05416666666666667 0.08611111111111111
161 0.76953125 0.4046296296296296 0.0953125 0.1685185185185185
119 0.7776041666666667 0.22268518518518518 0.125 0.2175925925925926
150 0.5619791666666667 0.29212962962962963 0.05416666666666667 0.08611111111111111
161 0.76953125 0.4046296296296296 0.0953125 0.1685185185185185
119 0.7776041666666667 0.22268518518518518 0.125 0.2175925925925926
150 0.5619791666666667 0.29212962962962963 0.05416666666666667 0.08611111111111111
161 0.76953125 0.4046296296296296 0.0953125 0.1685185185185185
119 0.7776041666666667 0.22268518518518518 0.125 0.2175925925925926
150 0.5619791666666667 0.29212962962962963 0.05416666666666667 0.08611111111111111
161 0.76953125 0.4046296296296296 0.0953125 0.1685185185185185
119 0.7776041666666667 0.22268518518518518 0.125 0.2175925925925926
150 0.5619791666666667 0.29212962962962963 0.05416666666666667 0.08611111111111111
