114 0.7565104166666666 0.24953703703703703 0.07239583333333334 0.13796296296296295
136 0.6200520833333333 0.27314814814814814 0.0234375 0.040740740740740744
136 0.40651041666666665 0.025 0.03177083333333333 0.04814814814814815
114 0.7565104166666666 0.24953703703703703 0.07239583333333334 0.13796296296296295
136 0.6200520833333333 0.27314814814814814 0.0234375 0.040740740740740744
136 0.40651041666666665 0.025 0.03177083333333333 0.04814814814814815
114 0.7565104166666666 0.24953703703703703 0.07239583333333334 0.13796296296296295
136 0.6200520833333333 0.27314814814814814 0.0234375 0.040740740740740744
136 0.40651041666666665 0.025 0.03177083333333333 0.04814814814814815
114 0.7565104166666666 0.24953703703703703 0.07239583333333334 0.13796296296296295
136 0.6200520833333333 0.27314814814814814 0.0234375 0.040740740740740744
136 0.40651041666666665 0.025 0.03177083333333333 0.04814814814814815
114 0.7565104166666666 0.24953703703703703 0.07239583333333334 0.13796296296296295
136 0.6200520833333333 0.27314814814814814 0.0234375 0.040740740740740744
136 0.40651041666666665 0.025 0.03177083333333333 0.04814814814814815
114 0.7565104166666666 0.24953703703703703 0.07239583333333334 0.13796296296296295
136 0.6200520833333333 0.27314814814814814 0.0234375 0.040740740740740744
136 0.40651041666666665 0.025 0.03177083333333333 0.04814814814814815
