42 0.8255208333333334 0.4013888888888889 0.09791666666666667 0.175
102 0.7697916666666667 0.29305555555555557 0.042708333333333334 0.07314814814814814
42 0.8255208333333334 0.4013888888888889 0.09791666666666667 0.175
102 0.7697916666666667 0.29305555555555557 0.042708333333333334 0.07314814814814814
42 0.8255208333333334 0.4013888888888889 0.09791666666666667 0.175
102 0.7697916666666667 0.29305555555555557 0.042708333333333334 0.07314814814814814
42 0.8255208333333334 0.4013888888888889 0.09791666666666667 0.175
102 0.7697916666666667 0.29305555555555557 0.042708333333333334 0.07314814814814814
42 0.8255208333333334 0.4013888888888889 0.09791666666666667 0.175
102 0.7697916666666667 0.29305555555555557 0.042708333333333334 0.07314814814814814
42 0.8255208333333334 0.4013888888888889 0.09791666666666667 0.175
102 0.7697916666666667 0.29305555555555557 0.042708333333333334 0.07314814814814814
