96 0.8135416666666667 0.35555555555555557 0.058333333333333334 0.10555555555555556
74 0.17552083333333332 0.36574074074074076 0.04895833333333333 0.08888888888888889
186 0.17838541666666666 0.5 0.028645833333333332 0.1388888888888889
11 0.67890625 0.42314814814814816 0.07135416666666666 0.1537037037037037
7 0.5947916666666667 0.29259259259259257 0.015625 0.03148148148148148
96 0.8135416666666667 0.35555555555555557 0.058333333333333334 0.10555555555555556
74 0.17552083333333332 0.36574074074074076 0.04895833333333333 0.08888888888888889
186 0.17838541666666666 0.5 0.028645833333333332 0.1388888888888889
11 0.67890625 0.42314814814814816 0.07135416666666666 0.1537037037037037
7 0.5947916666666667 0.29259259259259257 0.015625 0.03148148148148148
96 0.8135416666666667 0.35555555555555557 0.058333333333333334 0.10555555555555556
74 0.17552083333333332 0.36574074074074076 0.04895833333333333 0.08888888888888889
186 0.17838541666666666 0.5 0.028645833333333332 0.1388888888888889
11 0.67890625 0.42314814814814816 0.07135416666666666 0.1537037037037037
7 0.5947916666666667 0.29259259259259257 0.015625 0.03148148148148148
96 0.8135416666666667 0.35555555555555557 0.058333333333333334 0.10555555555555556
74 0.17552083333333332 0.36574074074074076 0.04895833333333333 0.08888888888888889
186 0.17838541666666666 0.5 0.028645833333333332 0.1388888888888889
11 0.67890625 0.42314814814814816 0.07135416666666666 0.1537037037037037
7 0.5947916666666667 0.29259259259259257 0.015625 0.03148148148148148
96 0.8135416666666667 0.35555555555555557 0.058333333333333334 0.10555555555555556
74 0.17552083333333332 0.36574074074074076 0.04895833333333333 0.08888888888888889
186 0.17838541666666666 0.5 0.028645833333333332 0.1388888888888889
11 0.67890625 0.42314814814814816 0.07135416666666666 0.1537037037037037
7 0.5947916666666667 0.29259259259259257 0.015625 0.03148148148148148
96 0.8135416666666667 0.35555555555555557 0.058333333333333334 0.10555555555555556
74 0.17552083333333332 0.36574074074074076 0.04895833333333333 0.08888888888888889
186 0.17838541666666666 0.5 0.028645833333333332 0.1388888888888889
11 0.67890625 0.42314814814814816 0.07135416666666666 0.1537037037037037
7 0.5947916666666667 0.29259259259259257 0.015625 0.03148148148148148
