82 0.83984375 0.07731481481481481 0.043229166666666666 0.10833333333333334
148 0.8403645833333333 0.1537037037037037 0.07760416666666667 0.037037037037037035
152 0.621875 0.22592592592592592 0.025 0.02962962962962963
82 0.83984375 0.07731481481481481 0.043229166666666666 0.10833333333333334
148 0.8403645833333333 0.1537037037037037 0.07760416666666667 0.037037037037037035
152 0.621875 0.22592592592592592 0.025 0.02962962962962963
82 0.83984375 0.07731481481481481 0.043229166666666666 0.10833333333333334
148 0.8403645833333333 0.1537037037037037 0.07760416666666667 0.037037037037037035
152 0.621875 0.22592592592592592 0.025 0.02962962962962963
82 0.83984375 0.07731481481481481 0.043229166666666666 0.10833333333333334
148 0.8403645833333333 0.1537037037037037 0.07760416666666667 0.037037037037037035
152 0.621875 0.22592592592592592 0.025 0.02962962962962963
82 0.83984375 0.07731481481481481 0.043229166666666666 0.10833333333333334
148 0.8403645833333333 0.1537037037037037 0.07760416666666667 0.037037037037037035
152 0.621875 0.22592592592592592 0.025 0.02962962962962963
82 0.83984375 0.07731481481481481 0.043229166666666666 0.10833333333333334
148 0.8403645833333333 0.1537037037037037 0.07760416666666667 0.037037037037037035
152 0.621875 0.22592592592592592 0.025 0.02962962962962963
