152 0.8403645833333333 0.29768518518518516 0.25677083333333334 0.25462962962962965
83 0.7130208333333333 0.4444444444444444 0.03229166666666667 0.05
152 0.8403645833333333 0.29768518518518516 0.25677083333333334 0.25462962962962965
83 0.7130208333333333 0.4444444444444444 0.03229166666666667 0.05
152 0.8403645833333333 0.29768518518518516 0.25677083333333334 0.25462962962962965
83 0.7130208333333333 0.4444444444444444 0.03229166666666667 0.05
152 0.8403645833333333 0.29768518518518516 0.25677083333333334 0.25462962962962965
83 0.7130208333333333 0.4444444444444444 0.03229166666666667 0.05
152 0.8403645833333333 0.29768518518518516 0.25677083333333334 0.25462962962962965
83 0.7130208333333333 0.4444444444444444 0.03229166666666667 0.05
152 0.8403645833333333 0.29768518518518516 0.25677083333333334 0.25462962962962965
83 0.7130208333333333 0.4444444444444444 0.03229166666666667 0.05
