107 0.7911458333333333 0.2824074074074074 0.075 0.1388888888888889
145 0.5705729166666667 0.32731481481481484 0.0296875 0.06944444444444445
54 0.7901041666666667 0.1476851851851852 0.071875 0.13425925925925927
107 0.7911458333333333 0.2824074074074074 0.075 0.1388888888888889
145 0.5705729166666667 0.32731481481481484 0.0296875 0.06944444444444445
54 0.7901041666666667 0.1476851851851852 0.071875 0.13425925925925927
107 0.7911458333333333 0.2824074074074074 0.075 0.1388888888888889
145 0.5705729166666667 0.32731481481481484 0.0296875 0.06944444444444445
54 0.7901041666666667 0.1476851851851852 0.071875 0.13425925925925927
107 0.7911458333333333 0.2824074074074074 0.075 0.1388888888888889
145 0.5705729166666667 0.32731481481481484 0.0296875 0.06944444444444445
54 0.7901041666666667 0.1476851851851852 0.071875 0.13425925925925927
107 0.7911458333333333 0.2824074074074074 0.075 0.1388888888888889
145 0.5705729166666667 0.32731481481481484 0.0296875 0.06944444444444445
54 0.7901041666666667 0.1476851851851852 0.071875 0.13425925925925927
107 0.7911458333333333 0.2824074074074074 0.075 0.1388888888888889
145 0.5705729166666667 0.32731481481481484 0.0296875 0.06944444444444445
54 0.7901041666666667 0.1476851851851852 0.071875 0.13425925925925927
