139 0.7755208333333333 0.19027777777777777 0.121875 0.33240740740740743
179 0.7723958333333333 0.38564814814814813 0.08125 0.06944444444444445
139 0.7755208333333333 0.19027777777777777 0.121875 0.33240740740740743
179 0.7723958333333333 0.38564814814814813 0.08125 0.06944444444444445
139 0.7755208333333333 0.19027777777777777 0.121875 0.33240740740740743
179 0.7723958333333333 0.38564814814814813 0.08125 0.06944444444444445
139 0.7755208333333333 0.19027777777777777 0.121875 0.33240740740740743
179 0.7723958333333333 0.38564814814814813 0.08125 0.06944444444444445
139 0.7755208333333333 0.19027777777777777 0.121875 0.33240740740740743
179 0.7723958333333333 0.38564814814814813 0.08125 0.06944444444444445
139 0.7755208333333333 0.19027777777777777 0.121875 0.33240740740740743
179 0.7723958333333333 0.38564814814814813 0.08125 0.06944444444444445
