31 0.7799479166666666 0.19722222222222222 0.1234375 0.20185185185185187
13 0.7802083333333333 0.37962962962962965 0.11875 0.20185185185185187
31 0.7799479166666666 0.19722222222222222 0.1234375 0.20185185185185187
13 0.7802083333333333 0.37962962962962965 0.11875 0.20185185185185187
31 0.7799479166666666 0.19722222222222222 0.1234375 0.20185185185185187
13 0.7802083333333333 0.37962962962962965 0.11875 0.20185185185185187
31 0.7799479166666666 0.19722222222222222 0.1234375 0.20185185185185187
13 0.7802083333333333 0.37962962962962965 0.11875 0.20185185185185187
31 0.7799479166666666 0.19722222222222222 0.1234375 0.20185185185185187
13 0.7802083333333333 0.37962962962962965 0.11875 0.20185185185185187
31 0.7799479166666666 0.19722222222222222 0.1234375 0.20185185185185187
13 0.7802083333333333 0.37962962962962965 0.11875 0.20185185185185187
