55 0.6247395833333333 0.32175925925925924 0.0171875 0.032407407407407406
16 0.6239583333333333 0.28703703703703703 0.021875 0.03888888888888889
55 0.6247395833333333 0.32175925925925924 0.0171875 0.032407407407407406
16 0.6239583333333333 0.28703703703703703 0.021875 0.03888888888888889
55 0.6247395833333333 0.32175925925925924 0.0171875 0.032407407407407406
16 0.6239583333333333 0.28703703703703703 0.021875 0.03888888888888889
55 0.6247395833333333 0.32175925925925924 0.0171875 0.032407407407407406
16 0.6239583333333333 0.28703703703703703 0.021875 0.03888888888888889
55 0.6247395833333333 0.32175925925925924 0.0171875 0.032407407407407406
16 0.6239583333333333 0.28703703703703703 0.021875 0.03888888888888889
55 0.6247395833333333 0.32175925925925924 0.0171875 0.032407407407407406
16 0.6239583333333333 0.28703703703703703 0.021875 0.03888888888888889
