96 0.78125 0.40185185185185185 0.07708333333333334 0.1425925925925926
10 0.5677083333333334 0.2902777777777778 0.042708333333333334 0.06759259259259259
96 0.78125 0.40185185185185185 0.07708333333333334 0.1425925925925926
10 0.5677083333333334 0.2902777777777778 0.042708333333333334 0.06759259259259259
96 0.78125 0.40185185185185185 0.07708333333333334 0.1425925925925926
10 0.5677083333333334 0.2902777777777778 0.042708333333333334 0.06759259259259259
96 0.78125 0.40185185185185185 0.07708333333333334 0.1425925925925926
10 0.5677083333333334 0.2902777777777778 0.042708333333333334 0.06759259259259259
96 0.78125 0.40185185185185185 0.07708333333333334 0.1425925925925926
10 0.5677083333333334 0.2902777777777778 0.042708333333333334 0.06759259259259259
96 0.78125 0.40185185185185185 0.07708333333333334 0.1425925925925926
10 0.5677083333333334 0.2902777777777778 0.042708333333333334 0.06759259259259259
