113 0.81640625 0.22592592592592592 0.0578125 0.10925925925925926
11 0.5182291666666666 0.3851851851851852 0.020833333333333332 0.03148148148148148
113 0.81640625 0.22592592592592592 0.0578125 0.10925925925925926
11 0.5182291666666666 0.3851851851851852 0.020833333333333332 0.03148148148148148
113 0.81640625 0.22592592592592592 0.0578125 0.10925925925925926
11 0.5182291666666666 0.3851851851851852 0.020833333333333332 0.03148148148148148
113 0.81640625 0.22592592592592592 0.0578125 0.10925925925925926
11 0.5182291666666666 0.3851851851851852 0.020833333333333332 0.03148148148148148
113 0.81640625 0.22592592592592592 0.0578125 0.10925925925925926
11 0.5182291666666666 0.3851851851851852 0.020833333333333332 0.03148148148148148
113 0.81640625 0.22592592592592592 0.0578125 0.10925925925925926
11 0.5182291666666666 0.3851851851851852 0.020833333333333332 0.03148148148148148
