129 0.7989583333333333 0.2722222222222222 0.11458333333333333 0.32037037037037036
147 0.5552083333333333 0.2865740740740741 0.053125 0.07685185185185185
129 0.7989583333333333 0.2722222222222222 0.11458333333333333 0.32037037037037036
147 0.5552083333333333 0.2865740740740741 0.053125 0.07685185185185185
129 0.7989583333333333 0.2722222222222222 0.11458333333333333 0.32037037037037036
147 0.5552083333333333 0.2865740740740741 0.053125 0.07685185185185185
129 0.7989583333333333 0.2722222222222222 0.11458333333333333 0.32037037037037036
147 0.5552083333333333 0.2865740740740741 0.053125 0.07685185185185185
129 0.7989583333333333 0.2722222222222222 0.11458333333333333 0.32037037037037036
147 0.5552083333333333 0.2865740740740741 0.053125 0.07685185185185185
129 0.7989583333333333 0.2722222222222222 0.11458333333333333 0.32037037037037036
147 0.5552083333333333 0.2865740740740741 0.053125 0.07685185185185185
