140 0.79765625 0.39166666666666666 0.0734375 0.19074074074074074
83 0.7393229166666667 0.5421296296296296 0.044270833333333336 0.06759259259259259
140 0.79765625 0.39166666666666666 0.0734375 0.19074074074074074
83 0.7393229166666667 0.5421296296296296 0.044270833333333336 0.06759259259259259
140 0.79765625 0.39166666666666666 0.0734375 0.19074074074074074
83 0.7393229166666667 0.5421296296296296 0.044270833333333336 0.06759259259259259
140 0.79765625 0.39166666666666666 0.0734375 0.19074074074074074
83 0.7393229166666667 0.5421296296296296 0.044270833333333336 0.06759259259259259
140 0.79765625 0.39166666666666666 0.0734375 0.19074074074074074
83 0.7393229166666667 0.5421296296296296 0.044270833333333336 0.06759259259259259
140 0.79765625 0.39166666666666666 0.0734375 0.19074074074074074
83 0.7393229166666667 0.5421296296296296 0.044270833333333336 0.06759259259259259
