26 0.86875 0.2513888888888889 0.09895833333333333 0.16018518518518518
29 0.86640625 0.4305555555555556 0.0359375 0.19444444444444445
26 0.86875 0.2513888888888889 0.09895833333333333 0.16018518518518518
29 0.86640625 0.4305555555555556 0.0359375 0.19444444444444445
26 0.86875 0.2513888888888889 0.09895833333333333 0.16018518518518518
29 0.86640625 0.4305555555555556 0.0359375 0.19444444444444445
26 0.86875 0.2513888888888889 0.09895833333333333 0.16018518518518518
29 0.86640625 0.4305555555555556 0.0359375 0.19444444444444445
26 0.86875 0.2513888888888889 0.09895833333333333 0.16018518518518518
29 0.86640625 0.4305555555555556 0.0359375 0.19444444444444445
