34 0.7549479166666667 0.34120370370370373 0.1390625 0.24722222222222223
53 0.7533854166666667 0.5476851851851852 0.09427083333333333 0.17314814814814813
34 0.7549479166666667 0.34120370370370373 0.1390625 0.24722222222222223
53 0.7533854166666667 0.5476851851851852 0.09427083333333333 0.17314814814814813
34 0.7549479166666667 0.34120370370370373 0.1390625 0.24722222222222223
53 0.7533854166666667 0.5476851851851852 0.09427083333333333 0.17314814814814813
34 0.7549479166666667 0.34120370370370373 0.1390625 0.24722222222222223
53 0.7533854166666667 0.5476851851851852 0.09427083333333333 0.17314814814814813
34 0.7549479166666667 0.34120370370370373 0.1390625 0.24722222222222223
53 0.7533854166666667 0.5476851851851852 0.09427083333333333 0.17314814814814813
34 0.7549479166666667 0.34120370370370373 0.1390625 0.24722222222222223
53 0.7533854166666667 0.5476851851851852 0.09427083333333333 0.17314814814814813
