5 0.7690104166666667 0.22037037037037038 0.15052083333333333 0.2574074074074074
173 0.7692708333333333 0.3902777777777778 0.1125 0.08055555555555556
5 0.7690104166666667 0.22037037037037038 0.15052083333333333 0.2574074074074074
173 0.7692708333333333 0.3902777777777778 0.1125 0.08055555555555556
5 0.7690104166666667 0.22037037037037038 0.15052083333333333 0.2574074074074074
173 0.7692708333333333 0.3902777777777778 0.1125 0.08055555555555556
5 0.7690104166666667 0.22037037037037038 0.15052083333333333 0.2574074074074074
173 0.7692708333333333 0.3902777777777778 0.1125 0.08055555555555556
5 0.7690104166666667 0.22037037037037038 0.15052083333333333 0.2574074074074074
173 0.7692708333333333 0.3902777777777778 0.1125 0.08055555555555556
5 0.7690104166666667 0.22037037037037038 0.15052083333333333 0.2574074074074074
173 0.7692708333333333 0.3902777777777778 0.1125 0.08055555555555556
