62 0.8825520833333333 0.3143518518518518 0.0234375 0.041666666666666664
186 0.0703125 0.47175925925925927 0.015625 0.08611111111111111
56 0.5434895833333333 0.30925925925925923 0.015104166666666667 0.027777777777777776
186 0.9794270833333333 0.6231481481481481 0.03697916666666667 0.17037037037037037
56 0.34088541666666666 0.30833333333333335 0.016145833333333335 0.027777777777777776
62 0.8825520833333333 0.3143518518518518 0.0234375 0.041666666666666664
186 0.0703125 0.47175925925925927 0.015625 0.08611111111111111
56 0.5434895833333333 0.30925925925925923 0.015104166666666667 0.027777777777777776
186 0.9794270833333333 0.6231481481481481 0.03697916666666667 0.17037037037037037
56 0.34088541666666666 0.30833333333333335 0.016145833333333335 0.027777777777777776
