159 0.8158854166666667 0.29212962962962963 0.06197916666666667 0.062037037037037036
3 0.8171875 0.19166666666666668 0.09479166666666666 0.15185185185185185
173 0.81484375 0.3439814814814815 0.06302083333333333 0.05648148148148148
159 0.8158854166666667 0.29212962962962963 0.06197916666666667 0.062037037037037036
3 0.8171875 0.19166666666666668 0.09479166666666666 0.15185185185185185
173 0.81484375 0.3439814814814815 0.06302083333333333 0.05648148148148148
159 0.8158854166666667 0.29212962962962963 0.06197916666666667 0.062037037037037036
3 0.8171875 0.19166666666666668 0.09479166666666666 0.15185185185185185
173 0.81484375 0.3439814814814815 0.06302083333333333 0.05648148148148148
159 0.8158854166666667 0.29212962962962963 0.06197916666666667 0.062037037037037036
3 0.8171875 0.19166666666666668 0.09479166666666666 0.15185185185185185
173 0.81484375 0.3439814814814815 0.06302083333333333 0.05648148148148148
159 0.8158854166666667 0.29212962962962963 0.06197916666666667 0.062037037037037036
3 0.8171875 0.19166666666666668 0.09479166666666666 0.15185185185185185
173 0.81484375 0.3439814814814815 0.06302083333333333 0.05648148148148148
159 0.8158854166666667 0.29212962962962963 0.06197916666666667 0.062037037037037036
3 0.8171875 0.19166666666666668 0.09479166666666666 0.15185185185185185
173 0.81484375 0.3439814814814815 0.06302083333333333 0.05648148148148148
