109 0.7684895833333333 0.22685185185185186 0.13177083333333334 0.2777777777777778
173 0.7640625 0.38657407407407407 0.12604166666666666 0.06018518518518518
109 0.7684895833333333 0.22685185185185186 0.13177083333333334 0.2777777777777778
173 0.7640625 0.38657407407407407 0.12604166666666666 0.06018518518518518
109 0.7684895833333333 0.22685185185185186 0.13177083333333334 0.2777777777777778
173 0.7640625 0.38657407407407407 0.12604166666666666 0.06018518518518518
109 0.7684895833333333 0.22685185185185186 0.13177083333333334 0.2777777777777778
173 0.7640625 0.38657407407407407 0.12604166666666666 0.06018518518518518
109 0.7684895833333333 0.22685185185185186 0.13177083333333334 0.2777777777777778
173 0.7640625 0.38657407407407407 0.12604166666666666 0.06018518518518518
109 0.7684895833333333 0.22685185185185186 0.13177083333333334 0.2777777777777778
173 0.7640625 0.38657407407407407 0.12604166666666666 0.06018518518518518
