42 0.8065104166666667 0.30925925925925923 0.09947916666666666 0.18333333333333332
1 0.5947916666666667 0.3111111111111111 0.05625 0.08888888888888889
42 0.8065104166666667 0.30925925925925923 0.09947916666666666 0.18333333333333332
1 0.5947916666666667 0.3111111111111111 0.05625 0.08888888888888889
42 0.8065104166666667 0.30925925925925923 0.09947916666666666 0.18333333333333332
1 0.5947916666666667 0.3111111111111111 0.05625 0.08888888888888889
42 0.8065104166666667 0.30925925925925923 0.09947916666666666 0.18333333333333332
1 0.5947916666666667 0.3111111111111111 0.05625 0.08888888888888889
42 0.8065104166666667 0.30925925925925923 0.09947916666666666 0.18333333333333332
1 0.5947916666666667 0.3111111111111111 0.05625 0.08888888888888889
42 0.8065104166666667 0.30925925925925923 0.09947916666666666 0.18333333333333332
1 0.5947916666666667 0.3111111111111111 0.05625 0.08888888888888889
