81 0.7505208333333333 0.35138888888888886 0.06354166666666666 0.11574074074074074
32 0.7494791666666667 0.21712962962962962 0.09375 0.15092592592592594
81 0.7505208333333333 0.35138888888888886 0.06354166666666666 0.11574074074074074
32 0.7494791666666667 0.21712962962962962 0.09375 0.15092592592592594
81 0.7505208333333333 0.35138888888888886 0.06354166666666666 0.11574074074074074
32 0.7494791666666667 0.21712962962962962 0.09375 0.15092592592592594
81 0.7505208333333333 0.35138888888888886 0.06354166666666666 0.11574074074074074
32 0.7494791666666667 0.21712962962962962 0.09375 0.15092592592592594
81 0.7505208333333333 0.35138888888888886 0.06354166666666666 0.11574074074074074
32 0.7494791666666667 0.21712962962962962 0.09375 0.15092592592592594
81 0.7505208333333333 0.35138888888888886 0.06354166666666666 0.11574074074074074
32 0.7494791666666667 0.21712962962962962 0.09375 0.15092592592592594
