146 0.7817708333333333 0.2814814814814815 0.1375 0.2611111111111111
152 0.26458333333333334 0.274537037037037 0.042708333333333334 0.04537037037037037
152 0.52109375 0.27314814814814814 0.043229166666666666 0.044444444444444446
146 0.7817708333333333 0.2814814814814815 0.1375 0.2611111111111111
152 0.26458333333333334 0.274537037037037 0.042708333333333334 0.04537037037037037
152 0.52109375 0.27314814814814814 0.043229166666666666 0.044444444444444446
146 0.7817708333333333 0.2814814814814815 0.1375 0.2611111111111111
152 0.26458333333333334 0.274537037037037 0.042708333333333334 0.04537037037037037
152 0.52109375 0.27314814814814814 0.043229166666666666 0.044444444444444446
146 0.7817708333333333 0.2814814814814815 0.1375 0.2611111111111111
152 0.26458333333333334 0.274537037037037 0.042708333333333334 0.04537037037037037
152 0.52109375 0.27314814814814814 0.043229166666666666 0.044444444444444446
146 0.7817708333333333 0.2814814814814815 0.1375 0.2611111111111111
152 0.26458333333333334 0.274537037037037 0.042708333333333334 0.04537037037037037
152 0.52109375 0.27314814814814814 0.043229166666666666 0.044444444444444446
