151 0.43984375 0.05694444444444444 0.08177083333333333 0.08425925925925926
48 0.5200520833333333 0.3175925925925926 0.0203125 0.03518518518518519
153 0.33541666666666664 0.06342592592592593 0.103125 0.09351851851851851
119 0.5184895833333333 0.19398148148148148 0.030729166666666665 0.05462962962962963
151 0.43984375 0.05694444444444444 0.08177083333333333 0.08425925925925926
48 0.5200520833333333 0.3175925925925926 0.0203125 0.03518518518518519
153 0.33541666666666664 0.06342592592592593 0.103125 0.09351851851851851
119 0.5184895833333333 0.19398148148148148 0.030729166666666665 0.05462962962962963
151 0.43984375 0.05694444444444444 0.08177083333333333 0.08425925925925926
48 0.5200520833333333 0.3175925925925926 0.0203125 0.03518518518518519
153 0.33541666666666664 0.06342592592592593 0.103125 0.09351851851851851
119 0.5184895833333333 0.19398148148148148 0.030729166666666665 0.05462962962962963
151 0.43984375 0.05694444444444444 0.08177083333333333 0.08425925925925926
48 0.5200520833333333 0.3175925925925926 0.0203125 0.03518518518518519
153 0.33541666666666664 0.06342592592592593 0.103125 0.09351851851851851
119 0.5184895833333333 0.19398148148148148 0.030729166666666665 0.05462962962962963
151 0.43984375 0.05694444444444444 0.08177083333333333 0.08425925925925926
48 0.5200520833333333 0.3175925925925926 0.0203125 0.03518518518518519
153 0.33541666666666664 0.06342592592592593 0.103125 0.09351851851851851
119 0.5184895833333333 0.19398148148148148 0.030729166666666665 0.05462962962962963
151 0.43984375 0.05694444444444444 0.08177083333333333 0.08425925925925926
48 0.5200520833333333 0.3175925925925926 0.0203125 0.03518518518518519
153 0.33541666666666664 0.06342592592592593 0.103125 0.09351851851851851
119 0.5184895833333333 0.19398148148148148 0.030729166666666665 0.05462962962962963
