153 0.7591145833333334 0.3199074074074074 0.22760416666666666 0.23796296296296296
48 0.5809895833333333 0.3138888888888889 0.022395833333333334 0.03888888888888889
155 0.75625 0.4634259259259259 0.225 0.08425925925925926
153 0.7591145833333334 0.3199074074074074 0.22760416666666666 0.23796296296296296
48 0.5809895833333333 0.3138888888888889 0.022395833333333334 0.03888888888888889
155 0.75625 0.4634259259259259 0.225 0.08425925925925926
153 0.7591145833333334 0.3199074074074074 0.22760416666666666 0.23796296296296296
48 0.5809895833333333 0.3138888888888889 0.022395833333333334 0.03888888888888889
155 0.75625 0.4634259259259259 0.225 0.08425925925925926
153 0.7591145833333334 0.3199074074074074 0.22760416666666666 0.23796296296296296
48 0.5809895833333333 0.3138888888888889 0.022395833333333334 0.03888888888888889
155 0.75625 0.4634259259259259 0.225 0.08425925925925926
153 0.7591145833333334 0.3199074074074074 0.22760416666666666 0.23796296296296296
48 0.5809895833333333 0.3138888888888889 0.022395833333333334 0.03888888888888889
155 0.75625 0.4634259259259259 0.225 0.08425925925925926
153 0.7591145833333334 0.3199074074074074 0.22760416666666666 0.23796296296296296
48 0.5809895833333333 0.3138888888888889 0.022395833333333334 0.03888888888888889
155 0.75625 0.4634259259259259 0.225 0.08425925925925926
