151 0.7041666666666667 0.12407407407407407 0.184375 0.21851851851851853
153 0.7067708333333333 0.2662037037037037 0.18229166666666666 0.06944444444444445
119 0.5497395833333333 0.22592592592592592 0.021354166666666667 0.03888888888888889
151 0.7041666666666667 0.12407407407407407 0.184375 0.21851851851851853
153 0.7067708333333333 0.2662037037037037 0.18229166666666666 0.06944444444444445
119 0.5497395833333333 0.22592592592592592 0.021354166666666667 0.03888888888888889
151 0.7041666666666667 0.12407407407407407 0.184375 0.21851851851851853
153 0.7067708333333333 0.2662037037037037 0.18229166666666666 0.06944444444444445
119 0.5497395833333333 0.22592592592592592 0.021354166666666667 0.03888888888888889
151 0.7041666666666667 0.12407407407407407 0.184375 0.21851851851851853
153 0.7067708333333333 0.2662037037037037 0.18229166666666666 0.06944444444444445
119 0.5497395833333333 0.22592592592592592 0.021354166666666667 0.03888888888888889
151 0.7041666666666667 0.12407407407407407 0.184375 0.21851851851851853
153 0.7067708333333333 0.2662037037037037 0.18229166666666666 0.06944444444444445
119 0.5497395833333333 0.22592592592592592 0.021354166666666667 0.03888888888888889
151 0.7041666666666667 0.12407407407407407 0.184375 0.21851851851851853
153 0.7067708333333333 0.2662037037037037 0.18229166666666666 0.06944444444444445
119 0.5497395833333333 0.22592592592592592 0.021354166666666667 0.03888888888888889
