159 0.7799479166666666 0.45740740740740743 0.08489583333333334 0.07962962962962963
3 0.78046875 0.31342592592592594 0.1296875 0.21203703703703702
159 0.7799479166666666 0.45740740740740743 0.08489583333333334 0.07962962962962963
3 0.78046875 0.31342592592592594 0.1296875 0.21203703703703702
159 0.7799479166666666 0.45740740740740743 0.08489583333333334 0.07962962962962963
3 0.78046875 0.31342592592592594 0.1296875 0.21203703703703702
159 0.7799479166666666 0.45740740740740743 0.08489583333333334 0.07962962962962963
3 0.78046875 0.31342592592592594 0.1296875 0.21203703703703702
159 0.7799479166666666 0.45740740740740743 0.08489583333333334 0.07962962962962963
3 0.78046875 0.31342592592592594 0.1296875 0.21203703703703702
159 0.7799479166666666 0.45740740740740743 0.08489583333333334 0.07962962962962963
3 0.78046875 0.31342592592592594 0.1296875 0.21203703703703702
