162 0.8375 0.3638888888888889 0.05520833333333333 0.10555555555555556
119 0.84296875 0.24212962962962964 0.07760416666666667 0.15092592592592594
79 0.6705729166666666 0.28194444444444444 0.027604166666666666 0.05092592592592592
162 0.8375 0.3638888888888889 0.05520833333333333 0.10555555555555556
119 0.84296875 0.24212962962962964 0.07760416666666667 0.15092592592592594
79 0.6705729166666666 0.28194444444444444 0.027604166666666666 0.05092592592592592
162 0.8375 0.3638888888888889 0.05520833333333333 0.10555555555555556
119 0.84296875 0.24212962962962964 0.07760416666666667 0.15092592592592594
79 0.6705729166666666 0.28194444444444444 0.027604166666666666 0.05092592592592592
162 0.8375 0.3638888888888889 0.05520833333333333 0.10555555555555556
119 0.84296875 0.24212962962962964 0.07760416666666667 0.15092592592592594
79 0.6705729166666666 0.28194444444444444 0.027604166666666666 0.05092592592592592
162 0.8375 0.3638888888888889 0.05520833333333333 0.10555555555555556
119 0.84296875 0.24212962962962964 0.07760416666666667 0.15092592592592594
79 0.6705729166666666 0.28194444444444444 0.027604166666666666 0.05092592592592592
162 0.8375 0.3638888888888889 0.05520833333333333 0.10555555555555556
119 0.84296875 0.24212962962962964 0.07760416666666667 0.15092592592592594
79 0.6705729166666666 0.28194444444444444 0.027604166666666666 0.05092592592592592
