14 0.34427083333333336 0.1935185185185185 0.07916666666666666 0.12962962962962962
14 0.9713541666666666 0.2125 0.057291666666666664 0.11574074074074074
14 0.34427083333333336 0.1935185185185185 0.07916666666666666 0.12962962962962962
14 0.9713541666666666 0.2125 0.057291666666666664 0.11574074074074074
14 0.34427083333333336 0.1935185185185185 0.07916666666666666 0.12962962962962962
14 0.9713541666666666 0.2125 0.057291666666666664 0.11574074074074074
14 0.34427083333333336 0.1935185185185185 0.07916666666666666 0.12962962962962962
14 0.9713541666666666 0.2125 0.057291666666666664 0.11574074074074074
14 0.34427083333333336 0.1935185185185185 0.07916666666666666 0.12962962962962962
14 0.9713541666666666 0.2125 0.057291666666666664 0.11574074074074074
14 0.34427083333333336 0.1935185185185185 0.07916666666666666 0.12962962962962962
14 0.9713541666666666 0.2125 0.057291666666666664 0.11574074074074074
