21 0.7638020833333333 0.3060185185185185 0.14010416666666667 0.2324074074074074
173 0.7643229166666666 0.45787037037037037 0.09322916666666667 0.07685185185185185
21 0.7638020833333333 0.3060185185185185 0.14010416666666667 0.2324074074074074
173 0.7643229166666666 0.45787037037037037 0.09322916666666667 0.07685185185185185
21 0.7638020833333333 0.3060185185185185 0.14010416666666667 0.2324074074074074
173 0.7643229166666666 0.45787037037037037 0.09322916666666667 0.07685185185185185
21 0.7638020833333333 0.3060185185185185 0.14010416666666667 0.2324074074074074
173 0.7643229166666666 0.45787037037037037 0.09322916666666667 0.07685185185185185
21 0.7638020833333333 0.3060185185185185 0.14010416666666667 0.2324074074074074
173 0.7643229166666666 0.45787037037037037 0.09322916666666667 0.07685185185185185
21 0.7638020833333333 0.3060185185185185 0.14010416666666667 0.2324074074074074
173 0.7643229166666666 0.45787037037037037 0.09322916666666667 0.07685185185185185
