88 0.775 0.6282407407407408 0.09583333333333334 0.16574074074074074
88 0.4861979166666667 0.33935185185185185 0.018229166666666668 0.03425925925925926
88 0.775 0.6282407407407408 0.09583333333333334 0.16574074074074074
88 0.4861979166666667 0.33935185185185185 0.018229166666666668 0.03425925925925926
88 0.775 0.6282407407407408 0.09583333333333334 0.16574074074074074
88 0.4861979166666667 0.33935185185185185 0.018229166666666668 0.03425925925925926
88 0.775 0.6282407407407408 0.09583333333333334 0.16574074074074074
88 0.4861979166666667 0.33935185185185185 0.018229166666666668 0.03425925925925926
88 0.775 0.6282407407407408 0.09583333333333334 0.16574074074074074
88 0.4861979166666667 0.33935185185185185 0.018229166666666668 0.03425925925925926
88 0.775 0.6282407407407408 0.09583333333333334 0.16574074074074074
88 0.4861979166666667 0.33935185185185185 0.018229166666666668 0.03425925925925926
