111 0.8 0.2490740740740741 0.09375 0.25
173 0.80078125 0.35555555555555557 0.09322916666666667 0.03888888888888889
111 0.8 0.2490740740740741 0.09375 0.25
173 0.80078125 0.35555555555555557 0.09322916666666667 0.03888888888888889
111 0.8 0.2490740740740741 0.09375 0.25
173 0.80078125 0.35555555555555557 0.09322916666666667 0.03888888888888889
111 0.8 0.2490740740740741 0.09375 0.25
173 0.80078125 0.35555555555555557 0.09322916666666667 0.03888888888888889
111 0.8 0.2490740740740741 0.09375 0.25
173 0.80078125 0.35555555555555557 0.09322916666666667 0.03888888888888889
111 0.8 0.2490740740740741 0.09375 0.25
173 0.80078125 0.35555555555555557 0.09322916666666667 0.03888888888888889
