113 0.9309895833333334 0.324537037037037 0.05260416666666667 0.09351851851851851
136 0.4278645833333333 0.17083333333333334 0.018229166666666668 0.032407407407407406
113 0.9309895833333334 0.324537037037037 0.05260416666666667 0.09351851851851851
136 0.4278645833333333 0.17083333333333334 0.018229166666666668 0.032407407407407406
113 0.9309895833333334 0.324537037037037 0.05260416666666667 0.09351851851851851
136 0.4278645833333333 0.17083333333333334 0.018229166666666668 0.032407407407407406
113 0.9309895833333334 0.324537037037037 0.05260416666666667 0.09351851851851851
136 0.4278645833333333 0.17083333333333334 0.018229166666666668 0.032407407407407406
113 0.9309895833333334 0.324537037037037 0.05260416666666667 0.09351851851851851
136 0.4278645833333333 0.17083333333333334 0.018229166666666668 0.032407407407407406
113 0.9309895833333334 0.324537037037037 0.05260416666666667 0.09351851851851851
136 0.4278645833333333 0.17083333333333334 0.018229166666666668 0.032407407407407406
