4 0.8013020833333333 0.3976851851851852 0.1109375 0.20092592592592592
173 0.8 0.524074074074074 0.07916666666666666 0.07407407407407407
4 0.8013020833333333 0.3976851851851852 0.1109375 0.20092592592592592
173 0.8 0.524074074074074 0.07916666666666666 0.07407407407407407
4 0.8013020833333333 0.3976851851851852 0.1109375 0.20092592592592592
173 0.8 0.524074074074074 0.07916666666666666 0.07407407407407407
4 0.8013020833333333 0.3976851851851852 0.1109375 0.20092592592592592
173 0.8 0.524074074074074 0.07916666666666666 0.07407407407407407
4 0.8013020833333333 0.3976851851851852 0.1109375 0.20092592592592592
173 0.8 0.524074074074074 0.07916666666666666 0.07407407407407407
4 0.8013020833333333 0.3976851851851852 0.1109375 0.20092592592592592
173 0.8 0.524074074074074 0.07916666666666666 0.07407407407407407
