139 0.8375 0.21388888888888888 0.046875 0.1388888888888889
179 0.8338541666666667 0.30925925925925923 0.04583333333333333 0.04259259259259259
139 0.8375 0.21388888888888888 0.046875 0.1388888888888889
179 0.8338541666666667 0.30925925925925923 0.04583333333333333 0.04259259259259259
139 0.8375 0.21388888888888888 0.046875 0.1388888888888889
179 0.8338541666666667 0.30925925925925923 0.04583333333333333 0.04259259259259259
139 0.8375 0.21388888888888888 0.046875 0.1388888888888889
179 0.8338541666666667 0.30925925925925923 0.04583333333333333 0.04259259259259259
139 0.8375 0.21388888888888888 0.046875 0.1388888888888889
179 0.8338541666666667 0.30925925925925923 0.04583333333333333 0.04259259259259259
139 0.8375 0.21388888888888888 0.046875 0.1388888888888889
179 0.8338541666666667 0.30925925925925923 0.04583333333333333 0.04259259259259259
