36 0.7645833333333333 0.5888888888888889 0.14166666666666666 0.24074074074074073
15 0.7869791666666667 0.3638888888888889 0.14583333333333334 0.26481481481481484
36 0.7645833333333333 0.5888888888888889 0.14166666666666666 0.24074074074074073
15 0.7869791666666667 0.3638888888888889 0.14583333333333334 0.26481481481481484
36 0.7645833333333333 0.5888888888888889 0.14166666666666666 0.24074074074074073
15 0.7869791666666667 0.3638888888888889 0.14583333333333334 0.26481481481481484
36 0.7645833333333333 0.5888888888888889 0.14166666666666666 0.24074074074074073
15 0.7869791666666667 0.3638888888888889 0.14583333333333334 0.26481481481481484
36 0.7645833333333333 0.5888888888888889 0.14166666666666666 0.24074074074074073
15 0.7869791666666667 0.3638888888888889 0.14583333333333334 0.26481481481481484
