33 0.7057291666666666 0.32731481481481484 0.115625 0.18981481481481483
49 0.703125 0.4837962962962963 0.07604166666666666 0.1361111111111111
33 0.7057291666666666 0.32731481481481484 0.115625 0.18981481481481483
49 0.703125 0.4837962962962963 0.07604166666666666 0.1361111111111111
33 0.7057291666666666 0.32731481481481484 0.115625 0.18981481481481483
49 0.703125 0.4837962962962963 0.07604166666666666 0.1361111111111111
33 0.7057291666666666 0.32731481481481484 0.115625 0.18981481481481483
49 0.703125 0.4837962962962963 0.07604166666666666 0.1361111111111111
33 0.7057291666666666 0.32731481481481484 0.115625 0.18981481481481483
49 0.703125 0.4837962962962963 0.07604166666666666 0.1361111111111111
33 0.7057291666666666 0.32731481481481484 0.115625 0.18981481481481483
49 0.703125 0.4837962962962963 0.07604166666666666 0.1361111111111111
