101 0.79296875 0.3814814814814815 0.1640625 0.1037037037037037
90 0.8864583333333333 0.6314814814814815 0.22395833333333334 0.17962962962962964
101 0.79296875 0.3814814814814815 0.1640625 0.1037037037037037
90 0.8864583333333333 0.6314814814814815 0.22395833333333334 0.17962962962962964
101 0.79296875 0.3814814814814815 0.1640625 0.1037037037037037
90 0.8864583333333333 0.6314814814814815 0.22395833333333334 0.17962962962962964
101 0.79296875 0.3814814814814815 0.1640625 0.1037037037037037
90 0.8864583333333333 0.6314814814814815 0.22395833333333334 0.17962962962962964
101 0.79296875 0.3814814814814815 0.1640625 0.1037037037037037
90 0.8864583333333333 0.6314814814814815 0.22395833333333334 0.17962962962962964
