174 0.8778645833333333 0.34444444444444444 0.0453125 0.053703703703703705
82 0.8778645833333333 0.25462962962962965 0.0453125 0.12037037037037036
151 0.38776041666666666 0.15092592592592594 0.03697916666666667 0.04259259259259259
151 0.46015625 0.14907407407407408 0.03697916666666667 0.04259259259259259
152 0.5932291666666667 0.15416666666666667 0.035416666666666666 0.049074074074074076
174 0.8778645833333333 0.34444444444444444 0.0453125 0.053703703703703705
82 0.8778645833333333 0.25462962962962965 0.0453125 0.12037037037037036
151 0.38776041666666666 0.15092592592592594 0.03697916666666667 0.04259259259259259
151 0.46015625 0.14907407407407408 0.03697916666666667 0.04259259259259259
152 0.5932291666666667 0.15416666666666667 0.035416666666666666 0.049074074074074076
