153 0.39505208333333336 0.06805555555555555 0.0453125 0.0824074074074074
151 0.48020833333333335 0.06388888888888888 0.06041666666666667 0.08518518518518518
119 0.5705729166666667 0.20324074074074075 0.024479166666666666 0.041666666666666664
153 0.39505208333333336 0.06805555555555555 0.0453125 0.0824074074074074
151 0.48020833333333335 0.06388888888888888 0.06041666666666667 0.08518518518518518
119 0.5705729166666667 0.20324074074074075 0.024479166666666666 0.041666666666666664
153 0.39505208333333336 0.06805555555555555 0.0453125 0.0824074074074074
151 0.48020833333333335 0.06388888888888888 0.06041666666666667 0.08518518518518518
119 0.5705729166666667 0.20324074074074075 0.024479166666666666 0.041666666666666664
153 0.39505208333333336 0.06805555555555555 0.0453125 0.0824074074074074
151 0.48020833333333335 0.06388888888888888 0.06041666666666667 0.08518518518518518
119 0.5705729166666667 0.20324074074074075 0.024479166666666666 0.041666666666666664
153 0.39505208333333336 0.06805555555555555 0.0453125 0.0824074074074074
151 0.48020833333333335 0.06388888888888888 0.06041666666666667 0.08518518518518518
119 0.5705729166666667 0.20324074074074075 0.024479166666666666 0.041666666666666664
153 0.39505208333333336 0.06805555555555555 0.0453125 0.0824074074074074
151 0.48020833333333335 0.06388888888888888 0.06041666666666667 0.08518518518518518
119 0.5705729166666667 0.20324074074074075 0.024479166666666666 0.041666666666666664
