147 0.8447916666666667 0.2935185185185185 0.190625 0.3111111111111111
136 0.5166666666666667 0.2800925925925926 0.019791666666666666 0.03425925925925926
136 0.4036458333333333 0.17083333333333334 0.01875 0.03425925925925926
147 0.8447916666666667 0.2935185185185185 0.190625 0.3111111111111111
136 0.5166666666666667 0.2800925925925926 0.019791666666666666 0.03425925925925926
136 0.4036458333333333 0.17083333333333334 0.01875 0.03425925925925926
147 0.8447916666666667 0.2935185185185185 0.190625 0.3111111111111111
136 0.5166666666666667 0.2800925925925926 0.019791666666666666 0.03425925925925926
136 0.4036458333333333 0.17083333333333334 0.01875 0.03425925925925926
147 0.8447916666666667 0.2935185185185185 0.190625 0.3111111111111111
136 0.5166666666666667 0.2800925925925926 0.019791666666666666 0.03425925925925926
136 0.4036458333333333 0.17083333333333334 0.01875 0.03425925925925926
147 0.8447916666666667 0.2935185185185185 0.190625 0.3111111111111111
136 0.5166666666666667 0.2800925925925926 0.019791666666666666 0.03425925925925926
136 0.4036458333333333 0.17083333333333334 0.01875 0.03425925925925926
147 0.8447916666666667 0.2935185185185185 0.190625 0.3111111111111111
136 0.5166666666666667 0.2800925925925926 0.019791666666666666 0.03425925925925926
136 0.4036458333333333 0.17083333333333334 0.01875 0.03425925925925926
