185 0.753125 0.6037037037037037 0.07083333333333333 0.3685185185185185
100 0.54140625 0.3189814814814815 0.030729166666666665 0.028703703703703703
49 0.5151041666666667 0.3333333333333333 0.019791666666666666 0.03518518518518519
33 0.515625 0.29305555555555557 0.030208333333333334 0.04537037037037037
11 0.45989583333333334 0.3476851851851852 0.030208333333333334 0.04537037037037037
75 0.44140625 0.3453703703703704 0.019270833333333334 0.03518518518518519
185 0.753125 0.6037037037037037 0.07083333333333333 0.3685185185185185
100 0.54140625 0.3189814814814815 0.030729166666666665 0.028703703703703703
49 0.5151041666666667 0.3333333333333333 0.019791666666666666 0.03518518518518519
33 0.515625 0.29305555555555557 0.030208333333333334 0.04537037037037037
11 0.45989583333333334 0.3476851851851852 0.030208333333333334 0.04537037037037037
75 0.44140625 0.3453703703703704 0.019270833333333334 0.03518518518518519
185 0.753125 0.6037037037037037 0.07083333333333333 0.3685185185185185
100 0.54140625 0.3189814814814815 0.030729166666666665 0.028703703703703703
49 0.5151041666666667 0.3333333333333333 0.019791666666666666 0.03518518518518519
33 0.515625 0.29305555555555557 0.030208333333333334 0.04537037037037037
11 0.45989583333333334 0.3476851851851852 0.030208333333333334 0.04537037037037037
75 0.44140625 0.3453703703703704 0.019270833333333334 0.03518518518518519
185 0.753125 0.6037037037037037 0.07083333333333333 0.3685185185185185
100 0.54140625 0.3189814814814815 0.030729166666666665 0.028703703703703703
49 0.5151041666666667 0.3333333333333333 0.019791666666666666 0.03518518518518519
33 0.515625 0.29305555555555557 0.030208333333333334 0.04537037037037037
11 0.45989583333333334 0.3476851851851852 0.030208333333333334 0.04537037037037037
75 0.44140625 0.3453703703703704 0.019270833333333334 0.03518518518518519
185 0.753125 0.6037037037037037 0.07083333333333333 0.3685185185185185
100 0.54140625 0.3189814814814815 0.030729166666666665 0.028703703703703703
49 0.5151041666666667 0.3333333333333333 0.019791666666666666 0.03518518518518519
33 0.515625 0.29305555555555557 0.030208333333333334 0.04537037037037037
11 0.45989583333333334 0.3476851851851852 0.030208333333333334 0.04537037037037037
75 0.44140625 0.3453703703703704 0.019270833333333334 0.03518518518518519
185 0.753125 0.6037037037037037 0.07083333333333333 0.3685185185185185
100 0.54140625 0.3189814814814815 0.030729166666666665 0.028703703703703703
49 0.5151041666666667 0.3333333333333333 0.019791666666666666 0.03518518518518519
33 0.515625 0.29305555555555557 0.030208333333333334 0.04537037037037037
11 0.45989583333333334 0.3476851851851852 0.030208333333333334 0.04537037037037037
75 0.44140625 0.3453703703703704 0.019270833333333334 0.03518518518518519
