96 0.10833333333333334 0.3 0.023958333333333335 0.044444444444444446
45 0.10755208333333334 0.2550925925925926 0.025520833333333333 0.04351851851851852
58 0.9098958333333333 0.23472222222222222 0.040625 0.07314814814814814
138 0.9411458333333333 0.3060185185185185 0.11041666666666666 0.07685185185185185
91 0.20234375 0.3921296296296296 0.0609375 0.04351851851851852
96 0.10833333333333334 0.3 0.023958333333333335 0.044444444444444446
45 0.10755208333333334 0.2550925925925926 0.025520833333333333 0.04351851851851852
58 0.9098958333333333 0.23472222222222222 0.040625 0.07314814814814814
138 0.9411458333333333 0.3060185185185185 0.11041666666666666 0.07685185185185185
91 0.20234375 0.3921296296296296 0.0609375 0.04351851851851852
