110 0.83984375 0.32083333333333336 0.1265625 0.14351851851851852
181 0.5734375 0.36574074074074076 0.040625 0.027777777777777776
53 0.57734375 0.3314814814814815 0.016145833333333335 0.027777777777777776
75 0.5442708333333334 0.36712962962962964 0.015625 0.028703703703703703
181 0.6677083333333333 0.37083333333333335 0.042708333333333334 0.026851851851851852
83 0.9197916666666667 0.43796296296296294 0.03125 0.05
44 0.3828125 0.28703703703703703 0.015625 0.02962962962962963
110 0.83984375 0.32083333333333336 0.1265625 0.14351851851851852
181 0.5734375 0.36574074074074076 0.040625 0.027777777777777776
53 0.57734375 0.3314814814814815 0.016145833333333335 0.027777777777777776
75 0.5442708333333334 0.36712962962962964 0.015625 0.028703703703703703
181 0.6677083333333333 0.37083333333333335 0.042708333333333334 0.026851851851851852
83 0.9197916666666667 0.43796296296296294 0.03125 0.05
44 0.3828125 0.28703703703703703 0.015625 0.02962962962962963
110 0.83984375 0.32083333333333336 0.1265625 0.14351851851851852
181 0.5734375 0.36574074074074076 0.040625 0.027777777777777776
53 0.57734375 0.3314814814814815 0.016145833333333335 0.027777777777777776
75 0.5442708333333334 0.36712962962962964 0.015625 0.028703703703703703
181 0.6677083333333333 0.37083333333333335 0.042708333333333334 0.026851851851851852
83 0.9197916666666667 0.43796296296296294 0.03125 0.05
44 0.3828125 0.28703703703703703 0.015625 0.02962962962962963
110 0.83984375 0.32083333333333336 0.1265625 0.14351851851851852
181 0.5734375 0.36574074074074076 0.040625 0.027777777777777776
53 0.57734375 0.3314814814814815 0.016145833333333335 0.027777777777777776
75 0.5442708333333334 0.36712962962962964 0.015625 0.028703703703703703
181 0.6677083333333333 0.37083333333333335 0.042708333333333334 0.026851851851851852
83 0.9197916666666667 0.43796296296296294 0.03125 0.05
44 0.3828125 0.28703703703703703 0.015625 0.02962962962962963
110 0.83984375 0.32083333333333336 0.1265625 0.14351851851851852
181 0.5734375 0.36574074074074076 0.040625 0.027777777777777776
53 0.57734375 0.3314814814814815 0.016145833333333335 0.027777777777777776
75 0.5442708333333334 0.36712962962962964 0.015625 0.028703703703703703
181 0.6677083333333333 0.37083333333333335 0.042708333333333334 0.026851851851851852
83 0.9197916666666667 0.43796296296296294 0.03125 0.05
44 0.3828125 0.28703703703703703 0.015625 0.02962962962962963
110 0.83984375 0.32083333333333336 0.1265625 0.14351851851851852
181 0.5734375 0.36574074074074076 0.040625 0.027777777777777776
53 0.57734375 0.3314814814814815 0.016145833333333335 0.027777777777777776
75 0.5442708333333334 0.36712962962962964 0.015625 0.028703703703703703
181 0.6677083333333333 0.37083333333333335 0.042708333333333334 0.026851851851851852
83 0.9197916666666667 0.43796296296296294 0.03125 0.05
44 0.3828125 0.28703703703703703 0.015625 0.02962962962962963
