57 0.38645833333333335 0.3 0.01875 0.03333333333333333
57 0.22109375 0.30462962962962964 0.0171875 0.02962962962962963
57 0.7247395833333333 0.3037037037037037 0.018229166666666668 0.03333333333333333
57 0.55234375 0.29953703703703705 0.0171875 0.030555555555555555
57 0.38645833333333335 0.3 0.01875 0.03333333333333333
57 0.22109375 0.30462962962962964 0.0171875 0.02962962962962963
57 0.7247395833333333 0.3037037037037037 0.018229166666666668 0.03333333333333333
57 0.55234375 0.29953703703703705 0.0171875 0.030555555555555555
57 0.38645833333333335 0.3 0.01875 0.03333333333333333
57 0.22109375 0.30462962962962964 0.0171875 0.02962962962962963
57 0.7247395833333333 0.3037037037037037 0.018229166666666668 0.03333333333333333
57 0.55234375 0.29953703703703705 0.0171875 0.030555555555555555
57 0.38645833333333335 0.3 0.01875 0.03333333333333333
57 0.22109375 0.30462962962962964 0.0171875 0.02962962962962963
57 0.7247395833333333 0.3037037037037037 0.018229166666666668 0.03333333333333333
57 0.55234375 0.29953703703703705 0.0171875 0.030555555555555555
57 0.38645833333333335 0.3 0.01875 0.03333333333333333
57 0.22109375 0.30462962962962964 0.0171875 0.02962962962962963
57 0.7247395833333333 0.3037037037037037 0.018229166666666668 0.03333333333333333
57 0.55234375 0.29953703703703705 0.0171875 0.030555555555555555
57 0.38645833333333335 0.3 0.01875 0.03333333333333333
57 0.22109375 0.30462962962962964 0.0171875 0.02962962962962963
57 0.7247395833333333 0.3037037037037037 0.018229166666666668 0.03333333333333333
57 0.55234375 0.29953703703703705 0.0171875 0.030555555555555555
