161 0.7565104166666666 0.20324074074074075 0.050520833333333334 0.09166666666666666
119 0.7559895833333333 0.09675925925925925 0.0734375 0.13240740740740742
149 0.7481770833333333 0.2708333333333333 0.13177083333333334 0.05277777777777778
161 0.7565104166666666 0.20324074074074075 0.050520833333333334 0.09166666666666666
119 0.7559895833333333 0.09675925925925925 0.0734375 0.13240740740740742
149 0.7481770833333333 0.2708333333333333 0.13177083333333334 0.05277777777777778
161 0.7565104166666666 0.20324074074074075 0.050520833333333334 0.09166666666666666
119 0.7559895833333333 0.09675925925925925 0.0734375 0.13240740740740742
149 0.7481770833333333 0.2708333333333333 0.13177083333333334 0.05277777777777778
161 0.7565104166666666 0.20324074074074075 0.050520833333333334 0.09166666666666666
119 0.7559895833333333 0.09675925925925925 0.0734375 0.13240740740740742
149 0.7481770833333333 0.2708333333333333 0.13177083333333334 0.05277777777777778
161 0.7565104166666666 0.20324074074074075 0.050520833333333334 0.09166666666666666
119 0.7559895833333333 0.09675925925925925 0.0734375 0.13240740740740742
149 0.7481770833333333 0.2708333333333333 0.13177083333333334 0.05277777777777778
161 0.7565104166666666 0.20324074074074075 0.050520833333333334 0.09166666666666666
119 0.7559895833333333 0.09675925925925925 0.0734375 0.13240740740740742
149 0.7481770833333333 0.2708333333333333 0.13177083333333334 0.05277777777777778
