105 0.8130208333333333 0.3578703703703704 0.07083333333333333 0.13055555555555556
3 0.6768229166666667 0.2361111111111111 0.059895833333333336 0.09444444444444444
159 0.6760416666666667 0.29814814814814816 0.03958333333333333 0.03888888888888889
173 0.67578125 0.3314814814814815 0.04010416666666667 0.03333333333333333
105 0.8130208333333333 0.3578703703703704 0.07083333333333333 0.13055555555555556
3 0.6768229166666667 0.2361111111111111 0.059895833333333336 0.09444444444444444
159 0.6760416666666667 0.29814814814814816 0.03958333333333333 0.03888888888888889
173 0.67578125 0.3314814814814815 0.04010416666666667 0.03333333333333333
105 0.8130208333333333 0.3578703703703704 0.07083333333333333 0.13055555555555556
3 0.6768229166666667 0.2361111111111111 0.059895833333333336 0.09444444444444444
159 0.6760416666666667 0.29814814814814816 0.03958333333333333 0.03888888888888889
173 0.67578125 0.3314814814814815 0.04010416666666667 0.03333333333333333
105 0.8130208333333333 0.3578703703703704 0.07083333333333333 0.13055555555555556
3 0.6768229166666667 0.2361111111111111 0.059895833333333336 0.09444444444444444
159 0.6760416666666667 0.29814814814814816 0.03958333333333333 0.03888888888888889
173 0.67578125 0.3314814814814815 0.04010416666666667 0.03333333333333333
105 0.8130208333333333 0.3578703703703704 0.07083333333333333 0.13055555555555556
3 0.6768229166666667 0.2361111111111111 0.059895833333333336 0.09444444444444444
159 0.6760416666666667 0.29814814814814816 0.03958333333333333 0.03888888888888889
173 0.67578125 0.3314814814814815 0.04010416666666667 0.03333333333333333
105 0.8130208333333333 0.3578703703703704 0.07083333333333333 0.13055555555555556
3 0.6768229166666667 0.2361111111111111 0.059895833333333336 0.09444444444444444
159 0.6760416666666667 0.29814814814814816 0.03958333333333333 0.03888888888888889
173 0.67578125 0.3314814814814815 0.04010416666666667 0.03333333333333333
