37 0.8763020833333334 0.2777777777777778 0.0421875 0.06851851851851852
108 0.87421875 0.3597222222222222 0.0296875 0.05277777777777778
37 0.8763020833333334 0.2777777777777778 0.0421875 0.06851851851851852
108 0.87421875 0.3597222222222222 0.0296875 0.05277777777777778
37 0.8763020833333334 0.2777777777777778 0.0421875 0.06851851851851852
108 0.87421875 0.3597222222222222 0.0296875 0.05277777777777778
37 0.8763020833333334 0.2777777777777778 0.0421875 0.06851851851851852
108 0.87421875 0.3597222222222222 0.0296875 0.05277777777777778
37 0.8763020833333334 0.2777777777777778 0.0421875 0.06851851851851852
108 0.87421875 0.3597222222222222 0.0296875 0.05277777777777778
37 0.8763020833333334 0.2777777777777778 0.0421875 0.06851851851851852
108 0.87421875 0.3597222222222222 0.0296875 0.05277777777777778
