26 0.83203125 0.21064814814814814 0.07552083333333333 0.1361111111111111
55 0.5458333333333333 0.24259259259259258 0.027083333333333334 0.05185185185185185
83 0.57265625 0.3287037037037037 0.018229166666666668 0.027777777777777776
102 0.94609375 0.33287037037037037 0.0953125 0.11203703703703703
29 0.8299479166666667 0.3560185185185185 0.034895833333333334 0.1675925925925926
26 0.83203125 0.21064814814814814 0.07552083333333333 0.1361111111111111
55 0.5458333333333333 0.24259259259259258 0.027083333333333334 0.05185185185185185
83 0.57265625 0.3287037037037037 0.018229166666666668 0.027777777777777776
102 0.94609375 0.33287037037037037 0.0953125 0.11203703703703703
29 0.8299479166666667 0.3560185185185185 0.034895833333333334 0.1675925925925926
