165 0.7825520833333334 0.40370370370370373 0.0921875 0.16666666666666666
119 0.7786458333333334 0.20833333333333334 0.13229166666666667 0.2351851851851852
149 0.05260416666666667 0.3648148148148148 0.1 0.07222222222222222
149 0.05572916666666667 0.4203703703703704 0.10104166666666667 0.07962962962962963
37 0.40234375 0.2972222222222222 0.0203125 0.03518518518518519
165 0.7825520833333334 0.40370370370370373 0.0921875 0.16666666666666666
119 0.7786458333333334 0.20833333333333334 0.13229166666666667 0.2351851851851852
149 0.05260416666666667 0.3648148148148148 0.1 0.07222222222222222
149 0.05572916666666667 0.4203703703703704 0.10104166666666667 0.07962962962962963
37 0.40234375 0.2972222222222222 0.0203125 0.03518518518518519
