107 0.73671875 0.14907407407407408 0.1015625 0.1814814814814815
54 0.7356770833333334 0.3337962962962963 0.09947916666666666 0.18055555555555555
152 0.49296875 0.2833333333333333 0.0265625 0.02962962962962963
152 0.33567708333333335 0.2847222222222222 0.0265625 0.028703703703703703
146 0.5388020833333333 0.29212962962962963 0.03802083333333333 0.06388888888888888
107 0.73671875 0.14907407407407408 0.1015625 0.1814814814814815
54 0.7356770833333334 0.3337962962962963 0.09947916666666666 0.18055555555555555
152 0.49296875 0.2833333333333333 0.0265625 0.02962962962962963
152 0.33567708333333335 0.2847222222222222 0.0265625 0.028703703703703703
146 0.5388020833333333 0.29212962962962963 0.03802083333333333 0.06388888888888888
