39 0.7723958333333333 0.25601851851851853 0.08645833333333333 0.15833333333333333
59 0.7729166666666667 0.10092592592592593 0.08229166666666667 0.15
39 0.7723958333333333 0.25601851851851853 0.08645833333333333 0.15833333333333333
59 0.7729166666666667 0.10092592592592593 0.08229166666666667 0.15
39 0.7723958333333333 0.25601851851851853 0.08645833333333333 0.15833333333333333
59 0.7729166666666667 0.10092592592592593 0.08229166666666667 0.15
39 0.7723958333333333 0.25601851851851853 0.08645833333333333 0.15833333333333333
59 0.7729166666666667 0.10092592592592593 0.08229166666666667 0.15
39 0.7723958333333333 0.25601851851851853 0.08645833333333333 0.15833333333333333
59 0.7729166666666667 0.10092592592592593 0.08229166666666667 0.15
