31 0.7669270833333334 0.3351851851851852 0.1359375 0.22777777777777777
12 0.5109375 0.3013888888888889 0.021875 0.03425925925925926
173 0.7658854166666667 0.48194444444444445 0.09114583333333333 0.0787037037037037
31 0.7669270833333334 0.3351851851851852 0.1359375 0.22777777777777777
12 0.5109375 0.3013888888888889 0.021875 0.03425925925925926
173 0.7658854166666667 0.48194444444444445 0.09114583333333333 0.0787037037037037
31 0.7669270833333334 0.3351851851851852 0.1359375 0.22777777777777777
12 0.5109375 0.3013888888888889 0.021875 0.03425925925925926
173 0.7658854166666667 0.48194444444444445 0.09114583333333333 0.0787037037037037
31 0.7669270833333334 0.3351851851851852 0.1359375 0.22777777777777777
12 0.5109375 0.3013888888888889 0.021875 0.03425925925925926
173 0.7658854166666667 0.48194444444444445 0.09114583333333333 0.0787037037037037
31 0.7669270833333334 0.3351851851851852 0.1359375 0.22777777777777777
12 0.5109375 0.3013888888888889 0.021875 0.03425925925925926
173 0.7658854166666667 0.48194444444444445 0.09114583333333333 0.0787037037037037
31 0.7669270833333334 0.3351851851851852 0.1359375 0.22777777777777777
12 0.5109375 0.3013888888888889 0.021875 0.03425925925925926
173 0.7658854166666667 0.48194444444444445 0.09114583333333333 0.0787037037037037
