151 0.5359375 0.03981481481481482 0.075 0.05185185185185185
152 0.5361979166666667 0.0824074074074074 0.07447916666666667 0.037037037037037035
151 0.4557291666666667 0.06157407407407407 0.0625 0.08796296296296297
119 0.6174479166666667 0.20416666666666666 0.025520833333333333 0.04351851851851852
153 0.334375 0.07268518518518519 0.08229166666666667 0.09166666666666666
151 0.5359375 0.03981481481481482 0.075 0.05185185185185185
152 0.5361979166666667 0.0824074074074074 0.07447916666666667 0.037037037037037035
151 0.4557291666666667 0.06157407407407407 0.0625 0.08796296296296297
119 0.6174479166666667 0.20416666666666666 0.025520833333333333 0.04351851851851852
153 0.334375 0.07268518518518519 0.08229166666666667 0.09166666666666666
