103 0.7786458333333334 0.3768518518518518 0.134375 0.24444444444444444
83 0.1203125 0.4013888888888889 0.017708333333333333 0.028703703703703703
103 0.7786458333333334 0.3768518518518518 0.134375 0.24444444444444444
83 0.1203125 0.4013888888888889 0.017708333333333333 0.028703703703703703
103 0.7786458333333334 0.3768518518518518 0.134375 0.24444444444444444
83 0.1203125 0.4013888888888889 0.017708333333333333 0.028703703703703703
103 0.7786458333333334 0.3768518518518518 0.134375 0.24444444444444444
83 0.1203125 0.4013888888888889 0.017708333333333333 0.028703703703703703
103 0.7786458333333334 0.3768518518518518 0.134375 0.24444444444444444
83 0.1203125 0.4013888888888889 0.017708333333333333 0.028703703703703703
103 0.7786458333333334 0.3768518518518518 0.134375 0.24444444444444444
83 0.1203125 0.4013888888888889 0.017708333333333333 0.028703703703703703
