95 0.79453125 0.38472222222222224 0.12135416666666667 0.16944444444444445
53 0.7901041666666667 0.5472222222222223 0.08229166666666667 0.15555555555555556
179 0.7872395833333333 0.6583333333333333 0.08489583333333334 0.07222222222222222
95 0.79453125 0.38472222222222224 0.12135416666666667 0.16944444444444445
53 0.7901041666666667 0.5472222222222223 0.08229166666666667 0.15555555555555556
179 0.7872395833333333 0.6583333333333333 0.08489583333333334 0.07222222222222222
95 0.79453125 0.38472222222222224 0.12135416666666667 0.16944444444444445
53 0.7901041666666667 0.5472222222222223 0.08229166666666667 0.15555555555555556
179 0.7872395833333333 0.6583333333333333 0.08489583333333334 0.07222222222222222
95 0.79453125 0.38472222222222224 0.12135416666666667 0.16944444444444445
53 0.7901041666666667 0.5472222222222223 0.08229166666666667 0.15555555555555556
179 0.7872395833333333 0.6583333333333333 0.08489583333333334 0.07222222222222222
95 0.79453125 0.38472222222222224 0.12135416666666667 0.16944444444444445
53 0.7901041666666667 0.5472222222222223 0.08229166666666667 0.15555555555555556
179 0.7872395833333333 0.6583333333333333 0.08489583333333334 0.07222222222222222
95 0.79453125 0.38472222222222224 0.12135416666666667 0.16944444444444445
53 0.7901041666666667 0.5472222222222223 0.08229166666666667 0.15555555555555556
179 0.7872395833333333 0.6583333333333333 0.08489583333333334 0.07222222222222222
