57 0.76796875 0.5143518518518518 0.0828125 0.14907407407407408
53 0.7716145833333333 0.36435185185185187 0.08385416666666666 0.14907407407407408
57 0.76796875 0.5143518518518518 0.0828125 0.14907407407407408
53 0.7716145833333333 0.36435185185185187 0.08385416666666666 0.14907407407407408
57 0.76796875 0.5143518518518518 0.0828125 0.14907407407407408
53 0.7716145833333333 0.36435185185185187 0.08385416666666666 0.14907407407407408
57 0.76796875 0.5143518518518518 0.0828125 0.14907407407407408
53 0.7716145833333333 0.36435185185185187 0.08385416666666666 0.14907407407407408
57 0.76796875 0.5143518518518518 0.0828125 0.14907407407407408
53 0.7716145833333333 0.36435185185185187 0.08385416666666666 0.14907407407407408
57 0.76796875 0.5143518518518518 0.0828125 0.14907407407407408
53 0.7716145833333333 0.36435185185185187 0.08385416666666666 0.14907407407407408
