106 0.7794270833333333 0.2759259259259259 0.09427083333333333 0.17222222222222222
12 0.6130208333333333 0.2847222222222222 0.025 0.03981481481481482
106 0.7794270833333333 0.2759259259259259 0.09427083333333333 0.17222222222222222
12 0.6130208333333333 0.2847222222222222 0.025 0.03981481481481482
106 0.7794270833333333 0.2759259259259259 0.09427083333333333 0.17222222222222222
12 0.6130208333333333 0.2847222222222222 0.025 0.03981481481481482
106 0.7794270833333333 0.2759259259259259 0.09427083333333333 0.17222222222222222
12 0.6130208333333333 0.2847222222222222 0.025 0.03981481481481482
106 0.7794270833333333 0.2759259259259259 0.09427083333333333 0.17222222222222222
12 0.6130208333333333 0.2847222222222222 0.025 0.03981481481481482
106 0.7794270833333333 0.2759259259259259 0.09427083333333333 0.17222222222222222
12 0.6130208333333333 0.2847222222222222 0.025 0.03981481481481482
