57 0.12552083333333333 0.30972222222222223 0.028125 0.05092592592592592
57 0.9598958333333333 0.3143518518518518 0.028125 0.05277777777777778
57 0.68203125 0.3013888888888889 0.0296875 0.05462962962962963
57 0.3932291666666667 0.29814814814814816 0.03125 0.05555555555555555
57 0.12552083333333333 0.30972222222222223 0.028125 0.05092592592592592
57 0.9598958333333333 0.3143518518518518 0.028125 0.05277777777777778
57 0.68203125 0.3013888888888889 0.0296875 0.05462962962962963
57 0.3932291666666667 0.29814814814814816 0.03125 0.05555555555555555
57 0.12552083333333333 0.30972222222222223 0.028125 0.05092592592592592
57 0.9598958333333333 0.3143518518518518 0.028125 0.05277777777777778
57 0.68203125 0.3013888888888889 0.0296875 0.05462962962962963
57 0.3932291666666667 0.29814814814814816 0.03125 0.05555555555555555
57 0.12552083333333333 0.30972222222222223 0.028125 0.05092592592592592
57 0.9598958333333333 0.3143518518518518 0.028125 0.05277777777777778
57 0.68203125 0.3013888888888889 0.0296875 0.05462962962962963
57 0.3932291666666667 0.29814814814814816 0.03125 0.05555555555555555
57 0.12552083333333333 0.30972222222222223 0.028125 0.05092592592592592
57 0.9598958333333333 0.3143518518518518 0.028125 0.05277777777777778
57 0.68203125 0.3013888888888889 0.0296875 0.05462962962962963
57 0.3932291666666667 0.29814814814814816 0.03125 0.05555555555555555
57 0.12552083333333333 0.30972222222222223 0.028125 0.05092592592592592
57 0.9598958333333333 0.3143518518518518 0.028125 0.05277777777777778
57 0.68203125 0.3013888888888889 0.0296875 0.05462962962962963
57 0.3932291666666667 0.29814814814814816 0.03125 0.05555555555555555
