104 0.6583333333333333 0.3726851851851852 0.04791666666666667 0.08796296296296297
83 0.15755208333333334 0.4152777777777778 0.018229166666666668 0.028703703703703703
104 0.6583333333333333 0.3726851851851852 0.04791666666666667 0.08796296296296297
83 0.15755208333333334 0.4152777777777778 0.018229166666666668 0.028703703703703703
104 0.6583333333333333 0.3726851851851852 0.04791666666666667 0.08796296296296297
83 0.15755208333333334 0.4152777777777778 0.018229166666666668 0.028703703703703703
104 0.6583333333333333 0.3726851851851852 0.04791666666666667 0.08796296296296297
83 0.15755208333333334 0.4152777777777778 0.018229166666666668 0.028703703703703703
104 0.6583333333333333 0.3726851851851852 0.04791666666666667 0.08796296296296297
83 0.15755208333333334 0.4152777777777778 0.018229166666666668 0.028703703703703703
104 0.6583333333333333 0.3726851851851852 0.04791666666666667 0.08796296296296297
83 0.15755208333333334 0.4152777777777778 0.018229166666666668 0.028703703703703703
