128 0.7572916666666667 0.20555555555555555 0.08333333333333333 0.20925925925925926
175 0.7518229166666667 0.32175925925925924 0.0765625 0.04722222222222222
128 0.7572916666666667 0.20555555555555555 0.08333333333333333 0.20925925925925926
175 0.7518229166666667 0.32175925925925924 0.0765625 0.04722222222222222
128 0.7572916666666667 0.20555555555555555 0.08333333333333333 0.20925925925925926
175 0.7518229166666667 0.32175925925925924 0.0765625 0.04722222222222222
128 0.7572916666666667 0.20555555555555555 0.08333333333333333 0.20925925925925926
175 0.7518229166666667 0.32175925925925924 0.0765625 0.04722222222222222
128 0.7572916666666667 0.20555555555555555 0.08333333333333333 0.20925925925925926
175 0.7518229166666667 0.32175925925925924 0.0765625 0.04722222222222222
128 0.7572916666666667 0.20555555555555555 0.08333333333333333 0.20925925925925926
175 0.7518229166666667 0.32175925925925924 0.0765625 0.04722222222222222
