129 0.7432291666666667 0.35324074074074074 0.06458333333333334 0.16944444444444445
179 0.7677083333333333 0.47175925925925927 0.115625 0.06574074074074074
129 0.7432291666666667 0.35324074074074074 0.06458333333333334 0.16944444444444445
179 0.7677083333333333 0.47175925925925927 0.115625 0.06574074074074074
129 0.7432291666666667 0.35324074074074074 0.06458333333333334 0.16944444444444445
179 0.7677083333333333 0.47175925925925927 0.115625 0.06574074074074074
129 0.7432291666666667 0.35324074074074074 0.06458333333333334 0.16944444444444445
179 0.7677083333333333 0.47175925925925927 0.115625 0.06574074074074074
129 0.7432291666666667 0.35324074074074074 0.06458333333333334 0.16944444444444445
179 0.7677083333333333 0.47175925925925927 0.115625 0.06574074074074074
129 0.7432291666666667 0.35324074074074074 0.06458333333333334 0.16944444444444445
179 0.7677083333333333 0.47175925925925927 0.115625 0.06574074074074074
