111 0.8377604166666667 0.3087962962962963 0.0765625 0.21203703703703702
173 0.8354166666666667 0.39814814814814814 0.071875 0.03333333333333333
111 0.8377604166666667 0.3087962962962963 0.0765625 0.21203703703703702
173 0.8354166666666667 0.39814814814814814 0.071875 0.03333333333333333
111 0.8377604166666667 0.3087962962962963 0.0765625 0.21203703703703702
173 0.8354166666666667 0.39814814814814814 0.071875 0.03333333333333333
111 0.8377604166666667 0.3087962962962963 0.0765625 0.21203703703703702
173 0.8354166666666667 0.39814814814814814 0.071875 0.03333333333333333
111 0.8377604166666667 0.3087962962962963 0.0765625 0.21203703703703702
173 0.8354166666666667 0.39814814814814814 0.071875 0.03333333333333333
111 0.8377604166666667 0.3087962962962963 0.0765625 0.21203703703703702
173 0.8354166666666667 0.39814814814814814 0.071875 0.03333333333333333
