80 0.8106770833333333 0.32175925925925924 0.0640625 0.11574074074074074
179 0.8111979166666666 0.4125 0.06510416666666667 0.06944444444444445
150 0.6223958333333334 0.28703703703703703 0.08958333333333333 0.08703703703703704
151 0.6231770833333333 0.21203703703703702 0.08697916666666666 0.06666666666666667
80 0.8106770833333333 0.32175925925925924 0.0640625 0.11574074074074074
179 0.8111979166666666 0.4125 0.06510416666666667 0.06944444444444445
150 0.6223958333333334 0.28703703703703703 0.08958333333333333 0.08703703703703704
151 0.6231770833333333 0.21203703703703702 0.08697916666666666 0.06666666666666667
80 0.8106770833333333 0.32175925925925924 0.0640625 0.11574074074074074
179 0.8111979166666666 0.4125 0.06510416666666667 0.06944444444444445
150 0.6223958333333334 0.28703703703703703 0.08958333333333333 0.08703703703703704
151 0.6231770833333333 0.21203703703703702 0.08697916666666666 0.06666666666666667
80 0.8106770833333333 0.32175925925925924 0.0640625 0.11574074074074074
179 0.8111979166666666 0.4125 0.06510416666666667 0.06944444444444445
150 0.6223958333333334 0.28703703703703703 0.08958333333333333 0.08703703703703704
151 0.6231770833333333 0.21203703703703702 0.08697916666666666 0.06666666666666667
80 0.8106770833333333 0.32175925925925924 0.0640625 0.11574074074074074
179 0.8111979166666666 0.4125 0.06510416666666667 0.06944444444444445
150 0.6223958333333334 0.28703703703703703 0.08958333333333333 0.08703703703703704
151 0.6231770833333333 0.21203703703703702 0.08697916666666666 0.06666666666666667
80 0.8106770833333333 0.32175925925925924 0.0640625 0.11574074074074074
179 0.8111979166666666 0.4125 0.06510416666666667 0.06944444444444445
150 0.6223958333333334 0.28703703703703703 0.08958333333333333 0.08703703703703704
151 0.6231770833333333 0.21203703703703702 0.08697916666666666 0.06666666666666667
