110 0.8174479166666667 0.2953703703703704 0.0984375 0.12037037037037036
155 0.8171875 0.3726851851851852 0.09791666666666667 0.03611111111111111
110 0.8174479166666667 0.2953703703703704 0.0984375 0.12037037037037036
155 0.8171875 0.3726851851851852 0.09791666666666667 0.03611111111111111
110 0.8174479166666667 0.2953703703703704 0.0984375 0.12037037037037036
155 0.8171875 0.3726851851851852 0.09791666666666667 0.03611111111111111
110 0.8174479166666667 0.2953703703703704 0.0984375 0.12037037037037036
155 0.8171875 0.3726851851851852 0.09791666666666667 0.03611111111111111
110 0.8174479166666667 0.2953703703703704 0.0984375 0.12037037037037036
155 0.8171875 0.3726851851851852 0.09791666666666667 0.03611111111111111
110 0.8174479166666667 0.2953703703703704 0.0984375 0.12037037037037036
155 0.8171875 0.3726851851851852 0.09791666666666667 0.03611111111111111
