75 0.8471354166666667 0.4550925925925926 0.04114583333333333 0.08425925925925926
56 0.5924479166666666 0.30925925925925923 0.028645833333333332 0.044444444444444446
62 0.85546875 0.3236111111111111 0.044270833333333336 0.0824074074074074
186 0.84453125 0.5504629629629629 0.0234375 0.11018518518518519
75 0.8471354166666667 0.4550925925925926 0.04114583333333333 0.08425925925925926
56 0.5924479166666666 0.30925925925925923 0.028645833333333332 0.044444444444444446
62 0.85546875 0.3236111111111111 0.044270833333333336 0.0824074074074074
186 0.84453125 0.5504629629629629 0.0234375 0.11018518518518519
75 0.8471354166666667 0.4550925925925926 0.04114583333333333 0.08425925925925926
56 0.5924479166666666 0.30925925925925923 0.028645833333333332 0.044444444444444446
62 0.85546875 0.3236111111111111 0.044270833333333336 0.0824074074074074
186 0.84453125 0.5504629629629629 0.0234375 0.11018518518518519
75 0.8471354166666667 0.4550925925925926 0.04114583333333333 0.08425925925925926
56 0.5924479166666666 0.30925925925925923 0.028645833333333332 0.044444444444444446
62 0.85546875 0.3236111111111111 0.044270833333333336 0.0824074074074074
186 0.84453125 0.5504629629629629 0.0234375 0.11018518518518519
75 0.8471354166666667 0.4550925925925926 0.04114583333333333 0.08425925925925926
56 0.5924479166666666 0.30925925925925923 0.028645833333333332 0.044444444444444446
62 0.85546875 0.3236111111111111 0.044270833333333336 0.0824074074074074
186 0.84453125 0.5504629629629629 0.0234375 0.11018518518518519
75 0.8471354166666667 0.4550925925925926 0.04114583333333333 0.08425925925925926
56 0.5924479166666666 0.30925925925925923 0.028645833333333332 0.044444444444444446
62 0.85546875 0.3236111111111111 0.044270833333333336 0.0824074074074074
186 0.84453125 0.5504629629629629 0.0234375 0.11018518518518519
