128 0.77265625 0.28935185185185186 0.0640625 0.11388888888888889
145 0.7752604166666667 0.1527777777777778 0.06510416666666667 0.1685185185185185
176 0.7692708333333333 0.3731481481481482 0.06354166666666666 0.06481481481481481
128 0.77265625 0.28935185185185186 0.0640625 0.11388888888888889
145 0.7752604166666667 0.1527777777777778 0.06510416666666667 0.1685185185185185
176 0.7692708333333333 0.3731481481481482 0.06354166666666666 0.06481481481481481
128 0.77265625 0.28935185185185186 0.0640625 0.11388888888888889
145 0.7752604166666667 0.1527777777777778 0.06510416666666667 0.1685185185185185
176 0.7692708333333333 0.3731481481481482 0.06354166666666666 0.06481481481481481
128 0.77265625 0.28935185185185186 0.0640625 0.11388888888888889
145 0.7752604166666667 0.1527777777777778 0.06510416666666667 0.1685185185185185
176 0.7692708333333333 0.3731481481481482 0.06354166666666666 0.06481481481481481
128 0.77265625 0.28935185185185186 0.0640625 0.11388888888888889
145 0.7752604166666667 0.1527777777777778 0.06510416666666667 0.1685185185185185
176 0.7692708333333333 0.3731481481481482 0.06354166666666666 0.06481481481481481
128 0.77265625 0.28935185185185186 0.0640625 0.11388888888888889
145 0.7752604166666667 0.1527777777777778 0.06510416666666667 0.1685185185185185
176 0.7692708333333333 0.3731481481481482 0.06354166666666666 0.06481481481481481
