6 0.571875 0.2916666666666667 0.020833333333333332 0.03333333333333333
134 0.5609375 0.2884259259259259 0.015625 0.041666666666666664
6 0.571875 0.2916666666666667 0.020833333333333332 0.03333333333333333
134 0.5609375 0.2884259259259259 0.015625 0.041666666666666664
6 0.571875 0.2916666666666667 0.020833333333333332 0.03333333333333333
134 0.5609375 0.2884259259259259 0.015625 0.041666666666666664
6 0.571875 0.2916666666666667 0.020833333333333332 0.03333333333333333
134 0.5609375 0.2884259259259259 0.015625 0.041666666666666664
6 0.571875 0.2916666666666667 0.020833333333333332 0.03333333333333333
134 0.5609375 0.2884259259259259 0.015625 0.041666666666666664
6 0.571875 0.2916666666666667 0.020833333333333332 0.03333333333333333
134 0.5609375 0.2884259259259259 0.015625 0.041666666666666664
