153 0.3229166666666667 0.04722222222222222 0.07083333333333333 0.05185185185185185
152 0.6447916666666667 0.08009259259259259 0.052083333333333336 0.05277777777777778
119 0.5421875 0.19074074074074074 0.027083333333333334 0.04814814814814815
186 0.6041666666666666 0.4152777777777778 0.017708333333333333 0.08796296296296297
151 0.4401041666666667 0.05416666666666667 0.06354166666666666 0.049074074074074076
153 0.3229166666666667 0.04722222222222222 0.07083333333333333 0.05185185185185185
152 0.6447916666666667 0.08009259259259259 0.052083333333333336 0.05277777777777778
119 0.5421875 0.19074074074074074 0.027083333333333334 0.04814814814814815
186 0.6041666666666666 0.4152777777777778 0.017708333333333333 0.08796296296296297
151 0.4401041666666667 0.05416666666666667 0.06354166666666666 0.049074074074074076
