96 0.8098958333333334 0.4527777777777778 0.06875 0.12407407407407407
6 0.5716145833333334 0.31666666666666665 0.021354166666666667 0.03333333333333333
96 0.8098958333333334 0.4527777777777778 0.06875 0.12407407407407407
6 0.5716145833333334 0.31666666666666665 0.021354166666666667 0.03333333333333333
96 0.8098958333333334 0.4527777777777778 0.06875 0.12407407407407407
6 0.5716145833333334 0.31666666666666665 0.021354166666666667 0.03333333333333333
96 0.8098958333333334 0.4527777777777778 0.06875 0.12407407407407407
6 0.5716145833333334 0.31666666666666665 0.021354166666666667 0.03333333333333333
96 0.8098958333333334 0.4527777777777778 0.06875 0.12407407407407407
6 0.5716145833333334 0.31666666666666665 0.021354166666666667 0.03333333333333333
96 0.8098958333333334 0.4527777777777778 0.06875 0.12407407407407407
6 0.5716145833333334 0.31666666666666665 0.021354166666666667 0.03333333333333333
