107 0.7708333333333334 0.2564814814814815 0.084375 0.15925925925925927
54 0.76328125 0.41064814814814815 0.0796875 0.15462962962962962
107 0.7708333333333334 0.2564814814814815 0.084375 0.15925925925925927
54 0.76328125 0.41064814814814815 0.0796875 0.15462962962962962
107 0.7708333333333334 0.2564814814814815 0.084375 0.15925925925925927
54 0.76328125 0.41064814814814815 0.0796875 0.15462962962962962
107 0.7708333333333334 0.2564814814814815 0.084375 0.15925925925925927
54 0.76328125 0.41064814814814815 0.0796875 0.15462962962962962
107 0.7708333333333334 0.2564814814814815 0.084375 0.15925925925925927
54 0.76328125 0.41064814814814815 0.0796875 0.15462962962962962
107 0.7708333333333334 0.2564814814814815 0.084375 0.15925925925925927
54 0.76328125 0.41064814814814815 0.0796875 0.15462962962962962
