57 0.28958333333333336 0.2916666666666667 0.020833333333333332 0.037037037037037035
57 0.10625 0.2972222222222222 0.01875 0.03518518518518519
57 0.47760416666666666 0.2902777777777778 0.020833333333333332 0.03425925925925926
57 0.6744791666666666 0.2949074074074074 0.01875 0.03611111111111111
57 0.28958333333333336 0.2916666666666667 0.020833333333333332 0.037037037037037035
57 0.10625 0.2972222222222222 0.01875 0.03518518518518519
57 0.47760416666666666 0.2902777777777778 0.020833333333333332 0.03425925925925926
57 0.6744791666666666 0.2949074074074074 0.01875 0.03611111111111111
57 0.28958333333333336 0.2916666666666667 0.020833333333333332 0.037037037037037035
57 0.10625 0.2972222222222222 0.01875 0.03518518518518519
57 0.47760416666666666 0.2902777777777778 0.020833333333333332 0.03425925925925926
57 0.6744791666666666 0.2949074074074074 0.01875 0.03611111111111111
57 0.28958333333333336 0.2916666666666667 0.020833333333333332 0.037037037037037035
57 0.10625 0.2972222222222222 0.01875 0.03518518518518519
57 0.47760416666666666 0.2902777777777778 0.020833333333333332 0.03425925925925926
57 0.6744791666666666 0.2949074074074074 0.01875 0.03611111111111111
57 0.28958333333333336 0.2916666666666667 0.020833333333333332 0.037037037037037035
57 0.10625 0.2972222222222222 0.01875 0.03518518518518519
57 0.47760416666666666 0.2902777777777778 0.020833333333333332 0.03425925925925926
57 0.6744791666666666 0.2949074074074074 0.01875 0.03611111111111111
57 0.28958333333333336 0.2916666666666667 0.020833333333333332 0.037037037037037035
57 0.10625 0.2972222222222222 0.01875 0.03518518518518519
57 0.47760416666666666 0.2902777777777778 0.020833333333333332 0.03425925925925926
57 0.6744791666666666 0.2949074074074074 0.01875 0.03611111111111111
