152 0.55078125 0.08981481481481482 0.08802083333333334 0.10925925925925926
151 0.44375 0.07361111111111111 0.09375 0.11574074074074074
119 0.6260416666666667 0.18935185185185185 0.028125 0.05092592592592592
152 0.55078125 0.08981481481481482 0.08802083333333334 0.10925925925925926
151 0.44375 0.07361111111111111 0.09375 0.11574074074074074
119 0.6260416666666667 0.18935185185185185 0.028125 0.05092592592592592
152 0.55078125 0.08981481481481482 0.08802083333333334 0.10925925925925926
151 0.44375 0.07361111111111111 0.09375 0.11574074074074074
119 0.6260416666666667 0.18935185185185185 0.028125 0.05092592592592592
152 0.55078125 0.08981481481481482 0.08802083333333334 0.10925925925925926
151 0.44375 0.07361111111111111 0.09375 0.11574074074074074
119 0.6260416666666667 0.18935185185185185 0.028125 0.05092592592592592
152 0.55078125 0.08981481481481482 0.08802083333333334 0.10925925925925926
151 0.44375 0.07361111111111111 0.09375 0.11574074074074074
119 0.6260416666666667 0.18935185185185185 0.028125 0.05092592592592592
152 0.55078125 0.08981481481481482 0.08802083333333334 0.10925925925925926
151 0.44375 0.07361111111111111 0.09375 0.11574074074074074
119 0.6260416666666667 0.18935185185185185 0.028125 0.05092592592592592
