129 0.7895833333333333 0.36018518518518516 0.084375 0.18888888888888888
176 0.7791666666666667 0.4583333333333333 0.06979166666666667 0.05925925925925926
90 0.7817708333333333 0.6986111111111111 0.221875 0.1787037037037037
129 0.7895833333333333 0.36018518518518516 0.084375 0.18888888888888888
176 0.7791666666666667 0.4583333333333333 0.06979166666666667 0.05925925925925926
90 0.7817708333333333 0.6986111111111111 0.221875 0.1787037037037037
129 0.7895833333333333 0.36018518518518516 0.084375 0.18888888888888888
176 0.7791666666666667 0.4583333333333333 0.06979166666666667 0.05925925925925926
90 0.7817708333333333 0.6986111111111111 0.221875 0.1787037037037037
129 0.7895833333333333 0.36018518518518516 0.084375 0.18888888888888888
176 0.7791666666666667 0.4583333333333333 0.06979166666666667 0.05925925925925926
90 0.7817708333333333 0.6986111111111111 0.221875 0.1787037037037037
129 0.7895833333333333 0.36018518518518516 0.084375 0.18888888888888888
176 0.7791666666666667 0.4583333333333333 0.06979166666666667 0.05925925925925926
90 0.7817708333333333 0.6986111111111111 0.221875 0.1787037037037037
129 0.7895833333333333 0.36018518518518516 0.084375 0.18888888888888888
176 0.7791666666666667 0.4583333333333333 0.06979166666666667 0.05925925925925926
90 0.7817708333333333 0.6986111111111111 0.221875 0.1787037037037037
