68 0.8567708333333334 0.3439814814814815 0.04895833333333333 0.09537037037037037
123 0.9802083333333333 0.3421296296296296 0.028125 0.05462962962962963
37 0.8625 0.24027777777777778 0.06875 0.11944444444444445
68 0.8567708333333334 0.3439814814814815 0.04895833333333333 0.09537037037037037
123 0.9802083333333333 0.3421296296296296 0.028125 0.05462962962962963
37 0.8625 0.24027777777777778 0.06875 0.11944444444444445
68 0.8567708333333334 0.3439814814814815 0.04895833333333333 0.09537037037037037
123 0.9802083333333333 0.3421296296296296 0.028125 0.05462962962962963
37 0.8625 0.24027777777777778 0.06875 0.11944444444444445
68 0.8567708333333334 0.3439814814814815 0.04895833333333333 0.09537037037037037
123 0.9802083333333333 0.3421296296296296 0.028125 0.05462962962962963
37 0.8625 0.24027777777777778 0.06875 0.11944444444444445
68 0.8567708333333334 0.3439814814814815 0.04895833333333333 0.09537037037037037
123 0.9802083333333333 0.3421296296296296 0.028125 0.05462962962962963
37 0.8625 0.24027777777777778 0.06875 0.11944444444444445
68 0.8567708333333334 0.3439814814814815 0.04895833333333333 0.09537037037037037
123 0.9802083333333333 0.3421296296296296 0.028125 0.05462962962962963
37 0.8625 0.24027777777777778 0.06875 0.11944444444444445
