96 0.8317708333333333 0.3236111111111111 0.07708333333333334 0.11203703703703703
145 0.6028645833333334 0.31666666666666665 0.019270833333333334 0.044444444444444446
96 0.8317708333333333 0.3236111111111111 0.07708333333333334 0.11203703703703703
145 0.6028645833333334 0.31666666666666665 0.019270833333333334 0.044444444444444446
96 0.8317708333333333 0.3236111111111111 0.07708333333333334 0.11203703703703703
145 0.6028645833333334 0.31666666666666665 0.019270833333333334 0.044444444444444446
96 0.8317708333333333 0.3236111111111111 0.07708333333333334 0.11203703703703703
145 0.6028645833333334 0.31666666666666665 0.019270833333333334 0.044444444444444446
96 0.8317708333333333 0.3236111111111111 0.07708333333333334 0.11203703703703703
145 0.6028645833333334 0.31666666666666665 0.019270833333333334 0.044444444444444446
96 0.8317708333333333 0.3236111111111111 0.07708333333333334 0.11203703703703703
145 0.6028645833333334 0.31666666666666665 0.019270833333333334 0.044444444444444446
