156 0.7830729166666667 0.4217592592592593 0.0734375 0.0787037037037037
43 0.37109375 0.09444444444444444 0.0203125 0.037037037037037035
147 0.49244791666666665 0.25 0.07239583333333334 0.11666666666666667
37 0.7934895833333333 0.2949074074074074 0.10364583333333334 0.19722222222222222
156 0.7830729166666667 0.4217592592592593 0.0734375 0.0787037037037037
43 0.37109375 0.09444444444444444 0.0203125 0.037037037037037035
147 0.49244791666666665 0.25 0.07239583333333334 0.11666666666666667
37 0.7934895833333333 0.2949074074074074 0.10364583333333334 0.19722222222222222
156 0.7830729166666667 0.4217592592592593 0.0734375 0.0787037037037037
43 0.37109375 0.09444444444444444 0.0203125 0.037037037037037035
147 0.49244791666666665 0.25 0.07239583333333334 0.11666666666666667
37 0.7934895833333333 0.2949074074074074 0.10364583333333334 0.19722222222222222
156 0.7830729166666667 0.4217592592592593 0.0734375 0.0787037037037037
43 0.37109375 0.09444444444444444 0.0203125 0.037037037037037035
147 0.49244791666666665 0.25 0.07239583333333334 0.11666666666666667
37 0.7934895833333333 0.2949074074074074 0.10364583333333334 0.19722222222222222
156 0.7830729166666667 0.4217592592592593 0.0734375 0.0787037037037037
43 0.37109375 0.09444444444444444 0.0203125 0.037037037037037035
147 0.49244791666666665 0.25 0.07239583333333334 0.11666666666666667
37 0.7934895833333333 0.2949074074074074 0.10364583333333334 0.19722222222222222
156 0.7830729166666667 0.4217592592592593 0.0734375 0.0787037037037037
43 0.37109375 0.09444444444444444 0.0203125 0.037037037037037035
147 0.49244791666666665 0.25 0.07239583333333334 0.11666666666666667
37 0.7934895833333333 0.2949074074074074 0.10364583333333334 0.19722222222222222
