128 0.7760416666666666 0.3541666666666667 0.06979166666666667 0.24537037037037038
43 0.23203125 0.31296296296296294 0.0203125 0.037037037037037035
128 0.7760416666666666 0.3541666666666667 0.06979166666666667 0.24537037037037038
43 0.23203125 0.31296296296296294 0.0203125 0.037037037037037035
128 0.7760416666666666 0.3541666666666667 0.06979166666666667 0.24537037037037038
43 0.23203125 0.31296296296296294 0.0203125 0.037037037037037035
128 0.7760416666666666 0.3541666666666667 0.06979166666666667 0.24537037037037038
43 0.23203125 0.31296296296296294 0.0203125 0.037037037037037035
128 0.7760416666666666 0.3541666666666667 0.06979166666666667 0.24537037037037038
43 0.23203125 0.31296296296296294 0.0203125 0.037037037037037035
128 0.7760416666666666 0.3541666666666667 0.06979166666666667 0.24537037037037038
43 0.23203125 0.31296296296296294 0.0203125 0.037037037037037035
