54 0.5002604166666667 0.2828703703703704 0.016145833333333335 0.026851851851851852
101 0.8432291666666667 0.4203703703703704 0.18541666666666667 0.09444444444444444
54 0.5002604166666667 0.2828703703703704 0.016145833333333335 0.026851851851851852
101 0.8432291666666667 0.4203703703703704 0.18541666666666667 0.09444444444444444
54 0.5002604166666667 0.2828703703703704 0.016145833333333335 0.026851851851851852
101 0.8432291666666667 0.4203703703703704 0.18541666666666667 0.09444444444444444
54 0.5002604166666667 0.2828703703703704 0.016145833333333335 0.026851851851851852
101 0.8432291666666667 0.4203703703703704 0.18541666666666667 0.09444444444444444
54 0.5002604166666667 0.2828703703703704 0.016145833333333335 0.026851851851851852
101 0.8432291666666667 0.4203703703703704 0.18541666666666667 0.09444444444444444
54 0.5002604166666667 0.2828703703703704 0.016145833333333335 0.026851851851851852
101 0.8432291666666667 0.4203703703703704 0.18541666666666667 0.09444444444444444
