165 0.8432291666666667 0.2212962962962963 0.053125 0.0962962962962963
138 0.8950520833333333 0.24027777777777778 0.0296875 0.049074074074074076
119 0.8411458333333334 0.09305555555555556 0.09479166666666666 0.1675925925925926
165 0.8432291666666667 0.2212962962962963 0.053125 0.0962962962962963
138 0.8950520833333333 0.24027777777777778 0.0296875 0.049074074074074076
119 0.8411458333333334 0.09305555555555556 0.09479166666666666 0.1675925925925926
165 0.8432291666666667 0.2212962962962963 0.053125 0.0962962962962963
138 0.8950520833333333 0.24027777777777778 0.0296875 0.049074074074074076
119 0.8411458333333334 0.09305555555555556 0.09479166666666666 0.1675925925925926
165 0.8432291666666667 0.2212962962962963 0.053125 0.0962962962962963
138 0.8950520833333333 0.24027777777777778 0.0296875 0.049074074074074076
119 0.8411458333333334 0.09305555555555556 0.09479166666666666 0.1675925925925926
165 0.8432291666666667 0.2212962962962963 0.053125 0.0962962962962963
138 0.8950520833333333 0.24027777777777778 0.0296875 0.049074074074074076
119 0.8411458333333334 0.09305555555555556 0.09479166666666666 0.1675925925925926
165 0.8432291666666667 0.2212962962962963 0.053125 0.0962962962962963
138 0.8950520833333333 0.24027777777777778 0.0296875 0.049074074074074076
119 0.8411458333333334 0.09305555555555556 0.09479166666666666 0.1675925925925926
