8 0.8565104166666667 0.26296296296296295 0.0640625 0.10740740740740741
119 0.6630208333333333 0.2986111111111111 0.030208333333333334 0.05462962962962963
195 0.9502604166666667 0.08472222222222223 0.08697916666666666 0.03981481481481482
195 0.9502604166666667 0.11712962962962963 0.08697916666666666 0.03981481481481482
195 0.95 0.14953703703703702 0.0875 0.03981481481481482
155 0.8567708333333334 0.33611111111111114 0.04479166666666667 0.040740740740740744
195 0.94921875 0.21712962962962962 0.0890625 0.03611111111111111
195 0.9497395833333333 0.1824074074074074 0.08802083333333334 0.03518518518518519
8 0.8565104166666667 0.26296296296296295 0.0640625 0.10740740740740741
119 0.6630208333333333 0.2986111111111111 0.030208333333333334 0.05462962962962963
195 0.9502604166666667 0.08472222222222223 0.08697916666666666 0.03981481481481482
195 0.9502604166666667 0.11712962962962963 0.08697916666666666 0.03981481481481482
195 0.95 0.14953703703703702 0.0875 0.03981481481481482
155 0.8567708333333334 0.33611111111111114 0.04479166666666667 0.040740740740740744
195 0.94921875 0.21712962962962962 0.0890625 0.03611111111111111
195 0.9497395833333333 0.1824074074074074 0.08802083333333334 0.03518518518518519
