55 0.8606770833333334 0.24027777777777778 0.0390625 0.07685185185185185
107 0.86015625 0.1675925925925926 0.0390625 0.07777777777777778
74 0.22317708333333333 0.36944444444444446 0.021354166666666667 0.03888888888888889
152 0.5377604166666666 0.2074074074074074 0.030729166666666665 0.03888888888888889
151 0.5 0.20601851851851852 0.03125 0.03981481481481482
55 0.8606770833333334 0.24027777777777778 0.0390625 0.07685185185185185
107 0.86015625 0.1675925925925926 0.0390625 0.07777777777777778
74 0.22317708333333333 0.36944444444444446 0.021354166666666667 0.03888888888888889
152 0.5377604166666666 0.2074074074074074 0.030729166666666665 0.03888888888888889
151 0.5 0.20601851851851852 0.03125 0.03981481481481482
