58 0.734375 0.2662037037037037 0.0875 0.16574074074074074
184 0.64140625 0.6064814814814815 0.0546875 0.31296296296296294
58 0.734375 0.2662037037037037 0.0875 0.16574074074074074
184 0.64140625 0.6064814814814815 0.0546875 0.31296296296296294
58 0.734375 0.2662037037037037 0.0875 0.16574074074074074
184 0.64140625 0.6064814814814815 0.0546875 0.31296296296296294
58 0.734375 0.2662037037037037 0.0875 0.16574074074074074
184 0.64140625 0.6064814814814815 0.0546875 0.31296296296296294
58 0.734375 0.2662037037037037 0.0875 0.16574074074074074
184 0.64140625 0.6064814814814815 0.0546875 0.31296296296296294
58 0.734375 0.2662037037037037 0.0875 0.16574074074074074
184 0.64140625 0.6064814814814815 0.0546875 0.31296296296296294
