126 0.9661458333333334 0.3453703703703704 0.05625 0.14629629629629629
145 0.659375 0.3060185185185185 0.016666666666666666 0.03981481481481482
126 0.9661458333333334 0.3453703703703704 0.05625 0.14629629629629629
145 0.659375 0.3060185185185185 0.016666666666666666 0.03981481481481482
126 0.9661458333333334 0.3453703703703704 0.05625 0.14629629629629629
145 0.659375 0.3060185185185185 0.016666666666666666 0.03981481481481482
126 0.9661458333333334 0.3453703703703704 0.05625 0.14629629629629629
145 0.659375 0.3060185185185185 0.016666666666666666 0.03981481481481482
126 0.9661458333333334 0.3453703703703704 0.05625 0.14629629629629629
145 0.659375 0.3060185185185185 0.016666666666666666 0.03981481481481482
126 0.9661458333333334 0.3453703703703704 0.05625 0.14629629629629629
145 0.659375 0.3060185185185185 0.016666666666666666 0.03981481481481482
