162 0.7825520833333334 0.4162037037037037 0.08177083333333333 0.14537037037037037
119 0.7924479166666667 0.2569444444444444 0.10260416666666666 0.19166666666666668
162 0.7825520833333334 0.4162037037037037 0.08177083333333333 0.14537037037037037
119 0.7924479166666667 0.2569444444444444 0.10260416666666666 0.19166666666666668
162 0.7825520833333334 0.4162037037037037 0.08177083333333333 0.14537037037037037
119 0.7924479166666667 0.2569444444444444 0.10260416666666666 0.19166666666666668
162 0.7825520833333334 0.4162037037037037 0.08177083333333333 0.14537037037037037
119 0.7924479166666667 0.2569444444444444 0.10260416666666666 0.19166666666666668
162 0.7825520833333334 0.4162037037037037 0.08177083333333333 0.14537037037037037
119 0.7924479166666667 0.2569444444444444 0.10260416666666666 0.19166666666666668
162 0.7825520833333334 0.4162037037037037 0.08177083333333333 0.14537037037037037
119 0.7924479166666667 0.2569444444444444 0.10260416666666666 0.19166666666666668
