31 0.7955729166666666 0.30462962962962964 0.10677083333333333 0.17962962962962964
173 0.79296875 0.42685185185185187 0.1015625 0.06666666666666667
31 0.7955729166666666 0.30462962962962964 0.10677083333333333 0.17962962962962964
173 0.79296875 0.42685185185185187 0.1015625 0.06666666666666667
31 0.7955729166666666 0.30462962962962964 0.10677083333333333 0.17962962962962964
173 0.79296875 0.42685185185185187 0.1015625 0.06666666666666667
31 0.7955729166666666 0.30462962962962964 0.10677083333333333 0.17962962962962964
173 0.79296875 0.42685185185185187 0.1015625 0.06666666666666667
31 0.7955729166666666 0.30462962962962964 0.10677083333333333 0.17962962962962964
173 0.79296875 0.42685185185185187 0.1015625 0.06666666666666667
31 0.7955729166666666 0.30462962962962964 0.10677083333333333 0.17962962962962964
173 0.79296875 0.42685185185185187 0.1015625 0.06666666666666667
