8 0.85703125 0.28194444444444444 0.07239583333333334 0.13240740740740742
110 0.6088541666666667 0.28703703703703703 0.029166666666666667 0.03148148148148148
155 0.8575520833333333 0.36898148148148147 0.05677083333333333 0.04722222222222222
8 0.85703125 0.28194444444444444 0.07239583333333334 0.13240740740740742
110 0.6088541666666667 0.28703703703703703 0.029166666666666667 0.03148148148148148
155 0.8575520833333333 0.36898148148148147 0.05677083333333333 0.04722222222222222
8 0.85703125 0.28194444444444444 0.07239583333333334 0.13240740740740742
110 0.6088541666666667 0.28703703703703703 0.029166666666666667 0.03148148148148148
155 0.8575520833333333 0.36898148148148147 0.05677083333333333 0.04722222222222222
8 0.85703125 0.28194444444444444 0.07239583333333334 0.13240740740740742
110 0.6088541666666667 0.28703703703703703 0.029166666666666667 0.03148148148148148
155 0.8575520833333333 0.36898148148148147 0.05677083333333333 0.04722222222222222
8 0.85703125 0.28194444444444444 0.07239583333333334 0.13240740740740742
110 0.6088541666666667 0.28703703703703703 0.029166666666666667 0.03148148148148148
155 0.8575520833333333 0.36898148148148147 0.05677083333333333 0.04722222222222222
8 0.85703125 0.28194444444444444 0.07239583333333334 0.13240740740740742
110 0.6088541666666667 0.28703703703703703 0.029166666666666667 0.03148148148148148
155 0.8575520833333333 0.36898148148148147 0.05677083333333333 0.04722222222222222
