33 0.7427083333333333 0.15138888888888888 0.09166666666666666 0.15648148148148147
102 0.77578125 0.3837962962962963 0.15677083333333333 0.10648148148148148
49 0.7388020833333333 0.28055555555555556 0.06302083333333333 0.12037037037037036
33 0.7427083333333333 0.15138888888888888 0.09166666666666666 0.15648148148148147
102 0.77578125 0.3837962962962963 0.15677083333333333 0.10648148148148148
49 0.7388020833333333 0.28055555555555556 0.06302083333333333 0.12037037037037036
33 0.7427083333333333 0.15138888888888888 0.09166666666666666 0.15648148148148147
102 0.77578125 0.3837962962962963 0.15677083333333333 0.10648148148148148
49 0.7388020833333333 0.28055555555555556 0.06302083333333333 0.12037037037037036
33 0.7427083333333333 0.15138888888888888 0.09166666666666666 0.15648148148148147
102 0.77578125 0.3837962962962963 0.15677083333333333 0.10648148148148148
49 0.7388020833333333 0.28055555555555556 0.06302083333333333 0.12037037037037036
33 0.7427083333333333 0.15138888888888888 0.09166666666666666 0.15648148148148147
102 0.77578125 0.3837962962962963 0.15677083333333333 0.10648148148148148
49 0.7388020833333333 0.28055555555555556 0.06302083333333333 0.12037037037037036
33 0.7427083333333333 0.15138888888888888 0.09166666666666666 0.15648148148148147
102 0.77578125 0.3837962962962963 0.15677083333333333 0.10648148148148148
49 0.7388020833333333 0.28055555555555556 0.06302083333333333 0.12037037037037036
