70 0.1 0.29398148148148145 0.017708333333333333 0.032407407407407406
144 0.5364583333333334 0.22407407407407406 0.059375 0.11666666666666667
70 0.1 0.29398148148148145 0.017708333333333333 0.032407407407407406
144 0.5364583333333334 0.22407407407407406 0.059375 0.11666666666666667
70 0.1 0.29398148148148145 0.017708333333333333 0.032407407407407406
144 0.5364583333333334 0.22407407407407406 0.059375 0.11666666666666667
70 0.1 0.29398148148148145 0.017708333333333333 0.032407407407407406
144 0.5364583333333334 0.22407407407407406 0.059375 0.11666666666666667
70 0.1 0.29398148148148145 0.017708333333333333 0.032407407407407406
144 0.5364583333333334 0.22407407407407406 0.059375 0.11666666666666667
70 0.1 0.29398148148148145 0.017708333333333333 0.032407407407407406
144 0.5364583333333334 0.22407407407407406 0.059375 0.11666666666666667
