29 0.10026041666666667 0.48333333333333334 0.03177083333333333 0.1425925925925926
29 0.81015625 0.4513888888888889 0.030729166666666665 0.1527777777777778
29 0.10026041666666667 0.48333333333333334 0.03177083333333333 0.1425925925925926
29 0.81015625 0.4513888888888889 0.030729166666666665 0.1527777777777778
29 0.10026041666666667 0.48333333333333334 0.03177083333333333 0.1425925925925926
29 0.81015625 0.4513888888888889 0.030729166666666665 0.1527777777777778
29 0.10026041666666667 0.48333333333333334 0.03177083333333333 0.1425925925925926
29 0.81015625 0.4513888888888889 0.030729166666666665 0.1527777777777778
29 0.10026041666666667 0.48333333333333334 0.03177083333333333 0.1425925925925926
29 0.81015625 0.4513888888888889 0.030729166666666665 0.1527777777777778
29 0.10026041666666667 0.48333333333333334 0.03177083333333333 0.1425925925925926
29 0.81015625 0.4513888888888889 0.030729166666666665 0.1527777777777778
