30 0.7981770833333334 0.586574074074074 0.04739583333333333 0.23425925925925925
83 0.026302083333333334 0.44212962962962965 0.027604166666666666 0.04537037037037037
26 0.7984375 0.36898148148148147 0.11979166666666667 0.20092592592592592
30 0.7981770833333334 0.586574074074074 0.04739583333333333 0.23425925925925925
83 0.026302083333333334 0.44212962962962965 0.027604166666666666 0.04537037037037037
26 0.7984375 0.36898148148148147 0.11979166666666667 0.20092592592592592
30 0.7981770833333334 0.586574074074074 0.04739583333333333 0.23425925925925925
83 0.026302083333333334 0.44212962962962965 0.027604166666666666 0.04537037037037037
26 0.7984375 0.36898148148148147 0.11979166666666667 0.20092592592592592
30 0.7981770833333334 0.586574074074074 0.04739583333333333 0.23425925925925925
83 0.026302083333333334 0.44212962962962965 0.027604166666666666 0.04537037037037037
26 0.7984375 0.36898148148148147 0.11979166666666667 0.20092592592592592
30 0.7981770833333334 0.586574074074074 0.04739583333333333 0.23425925925925925
83 0.026302083333333334 0.44212962962962965 0.027604166666666666 0.04537037037037037
26 0.7984375 0.36898148148148147 0.11979166666666667 0.20092592592592592
30 0.7981770833333334 0.586574074074074 0.04739583333333333 0.23425925925925925
83 0.026302083333333334 0.44212962962962965 0.027604166666666666 0.04537037037037037
26 0.7984375 0.36898148148148147 0.11979166666666667 0.20092592592592592
