170 0.7533854166666667 0.43425925925925923 0.11302083333333333 0.11666666666666667
35 0.7544270833333333 0.24768518518518517 0.16927083333333334 0.287962962962963
170 0.7533854166666667 0.43425925925925923 0.11302083333333333 0.11666666666666667
35 0.7544270833333333 0.24768518518518517 0.16927083333333334 0.287962962962963
170 0.7533854166666667 0.43425925925925923 0.11302083333333333 0.11666666666666667
35 0.7544270833333333 0.24768518518518517 0.16927083333333334 0.287962962962963
170 0.7533854166666667 0.43425925925925923 0.11302083333333333 0.11666666666666667
35 0.7544270833333333 0.24768518518518517 0.16927083333333334 0.287962962962963
170 0.7533854166666667 0.43425925925925923 0.11302083333333333 0.11666666666666667
35 0.7544270833333333 0.24768518518518517 0.16927083333333334 0.287962962962963
170 0.7533854166666667 0.43425925925925923 0.11302083333333333 0.11666666666666667
35 0.7544270833333333 0.24768518518518517 0.16927083333333334 0.287962962962963
