89 0.18958333333333333 0.3523148148148148 0.030208333333333334 0.05277777777777778
89 0.88671875 0.30972222222222223 0.019270833333333334 0.03425925925925926
89 0.18958333333333333 0.3523148148148148 0.030208333333333334 0.05277777777777778
89 0.88671875 0.30972222222222223 0.019270833333333334 0.03425925925925926
89 0.18958333333333333 0.3523148148148148 0.030208333333333334 0.05277777777777778
89 0.88671875 0.30972222222222223 0.019270833333333334 0.03425925925925926
89 0.18958333333333333 0.3523148148148148 0.030208333333333334 0.05277777777777778
89 0.88671875 0.30972222222222223 0.019270833333333334 0.03425925925925926
89 0.18958333333333333 0.3523148148148148 0.030208333333333334 0.05277777777777778
89 0.88671875 0.30972222222222223 0.019270833333333334 0.03425925925925926
89 0.18958333333333333 0.3523148148148148 0.030208333333333334 0.05277777777777778
89 0.88671875 0.30972222222222223 0.019270833333333334 0.03425925925925926
