106 0.7760416666666666 0.3592592592592593 0.08125 0.15925925925925927
10 0.54765625 0.2902777777777778 0.034895833333333334 0.05277777777777778
106 0.7760416666666666 0.3592592592592593 0.08125 0.15925925925925927
10 0.54765625 0.2902777777777778 0.034895833333333334 0.05277777777777778
106 0.7760416666666666 0.3592592592592593 0.08125 0.15925925925925927
10 0.54765625 0.2902777777777778 0.034895833333333334 0.05277777777777778
106 0.7760416666666666 0.3592592592592593 0.08125 0.15925925925925927
10 0.54765625 0.2902777777777778 0.034895833333333334 0.05277777777777778
106 0.7760416666666666 0.3592592592592593 0.08125 0.15925925925925927
10 0.54765625 0.2902777777777778 0.034895833333333334 0.05277777777777778
106 0.7760416666666666 0.3592592592592593 0.08125 0.15925925925925927
10 0.54765625 0.2902777777777778 0.034895833333333334 0.05277777777777778
