165 0.78671875 0.5518518518518518 0.09010416666666667 0.1648148148148148
119 0.7893229166666667 0.35462962962962963 0.12864583333333332 0.24444444444444444
165 0.78671875 0.5518518518518518 0.09010416666666667 0.1648148148148148
119 0.7893229166666667 0.35462962962962963 0.12864583333333332 0.24444444444444444
165 0.78671875 0.5518518518518518 0.09010416666666667 0.1648148148148148
119 0.7893229166666667 0.35462962962962963 0.12864583333333332 0.24444444444444444
165 0.78671875 0.5518518518518518 0.09010416666666667 0.1648148148148148
119 0.7893229166666667 0.35462962962962963 0.12864583333333332 0.24444444444444444
165 0.78671875 0.5518518518518518 0.09010416666666667 0.1648148148148148
119 0.7893229166666667 0.35462962962962963 0.12864583333333332 0.24444444444444444
165 0.78671875 0.5518518518518518 0.09010416666666667 0.1648148148148148
119 0.7893229166666667 0.35462962962962963 0.12864583333333332 0.24444444444444444
