165 0.79453125 0.30462962962962964 0.08177083333333333 0.14444444444444443
91 0.3953125 0.3962962962962963 0.042708333333333334 0.027777777777777776
119 0.78984375 0.1425925925925926 0.1109375 0.19444444444444445
165 0.79453125 0.30462962962962964 0.08177083333333333 0.14444444444444443
91 0.3953125 0.3962962962962963 0.042708333333333334 0.027777777777777776
119 0.78984375 0.1425925925925926 0.1109375 0.19444444444444445
165 0.79453125 0.30462962962962964 0.08177083333333333 0.14444444444444443
91 0.3953125 0.3962962962962963 0.042708333333333334 0.027777777777777776
119 0.78984375 0.1425925925925926 0.1109375 0.19444444444444445
165 0.79453125 0.30462962962962964 0.08177083333333333 0.14444444444444443
91 0.3953125 0.3962962962962963 0.042708333333333334 0.027777777777777776
119 0.78984375 0.1425925925925926 0.1109375 0.19444444444444445
165 0.79453125 0.30462962962962964 0.08177083333333333 0.14444444444444443
91 0.3953125 0.3962962962962963 0.042708333333333334 0.027777777777777776
119 0.78984375 0.1425925925925926 0.1109375 0.19444444444444445
165 0.79453125 0.30462962962962964 0.08177083333333333 0.14444444444444443
91 0.3953125 0.3962962962962963 0.042708333333333334 0.027777777777777776
119 0.78984375 0.1425925925925926 0.1109375 0.19444444444444445
