111 0.8041666666666667 0.22592592592592592 0.15833333333333333 0.4148148148148148
173 0.7963541666666667 0.3921296296296296 0.13854166666666667 0.0824074074074074
111 0.8041666666666667 0.22592592592592592 0.15833333333333333 0.4148148148148148
173 0.7963541666666667 0.3921296296296296 0.13854166666666667 0.0824074074074074
111 0.8041666666666667 0.22592592592592592 0.15833333333333333 0.4148148148148148
173 0.7963541666666667 0.3921296296296296 0.13854166666666667 0.0824074074074074
111 0.8041666666666667 0.22592592592592592 0.15833333333333333 0.4148148148148148
173 0.7963541666666667 0.3921296296296296 0.13854166666666667 0.0824074074074074
111 0.8041666666666667 0.22592592592592592 0.15833333333333333 0.4148148148148148
173 0.7963541666666667 0.3921296296296296 0.13854166666666667 0.0824074074074074
111 0.8041666666666667 0.22592592592592592 0.15833333333333333 0.4148148148148148
173 0.7963541666666667 0.3921296296296296 0.13854166666666667 0.0824074074074074
