26 0.8583333333333333 0.32685185185185184 0.08125 0.13518518518518519
155 0.8567708333333334 0.40046296296296297 0.05520833333333333 0.03611111111111111
26 0.8583333333333333 0.32685185185185184 0.08125 0.13518518518518519
155 0.8567708333333334 0.40046296296296297 0.05520833333333333 0.03611111111111111
26 0.8583333333333333 0.32685185185185184 0.08125 0.13518518518518519
155 0.8567708333333334 0.40046296296296297 0.05520833333333333 0.03611111111111111
26 0.8583333333333333 0.32685185185185184 0.08125 0.13518518518518519
155 0.8567708333333334 0.40046296296296297 0.05520833333333333 0.03611111111111111
26 0.8583333333333333 0.32685185185185184 0.08125 0.13518518518518519
155 0.8567708333333334 0.40046296296296297 0.05520833333333333 0.03611111111111111
26 0.8583333333333333 0.32685185185185184 0.08125 0.13518518518518519
155 0.8567708333333334 0.40046296296296297 0.05520833333333333 0.03611111111111111
