14 0.5369791666666667 0.30462962962962964 0.022916666666666665 0.03518518518518519
126 0.6098958333333333 0.3101851851851852 0.029166666666666667 0.07407407407407407
14 0.5369791666666667 0.30462962962962964 0.022916666666666665 0.03518518518518519
126 0.6098958333333333 0.3101851851851852 0.029166666666666667 0.07407407407407407
14 0.5369791666666667 0.30462962962962964 0.022916666666666665 0.03518518518518519
126 0.6098958333333333 0.3101851851851852 0.029166666666666667 0.07407407407407407
14 0.5369791666666667 0.30462962962962964 0.022916666666666665 0.03518518518518519
126 0.6098958333333333 0.3101851851851852 0.029166666666666667 0.07407407407407407
14 0.5369791666666667 0.30462962962962964 0.022916666666666665 0.03518518518518519
126 0.6098958333333333 0.3101851851851852 0.029166666666666667 0.07407407407407407
14 0.5369791666666667 0.30462962962962964 0.022916666666666665 0.03518518518518519
126 0.6098958333333333 0.3101851851851852 0.029166666666666667 0.07407407407407407
