111 0.7841145833333333 0.3087962962962963 0.1203125 0.3175925925925926
173 0.7815104166666667 0.4439814814814815 0.11510416666666666 0.049074074074074076
111 0.7841145833333333 0.3087962962962963 0.1203125 0.3175925925925926
173 0.7815104166666667 0.4439814814814815 0.11510416666666666 0.049074074074074076
111 0.7841145833333333 0.3087962962962963 0.1203125 0.3175925925925926
173 0.7815104166666667 0.4439814814814815 0.11510416666666666 0.049074074074074076
111 0.7841145833333333 0.3087962962962963 0.1203125 0.3175925925925926
173 0.7815104166666667 0.4439814814814815 0.11510416666666666 0.049074074074074076
111 0.7841145833333333 0.3087962962962963 0.1203125 0.3175925925925926
173 0.7815104166666667 0.4439814814814815 0.11510416666666666 0.049074074074074076
111 0.7841145833333333 0.3087962962962963 0.1203125 0.3175925925925926
173 0.7815104166666667 0.4439814814814815 0.11510416666666666 0.049074074074074076
