165 0.7809895833333333 0.4898148148148148 0.10885416666666667 0.19074074074074074
119 0.79140625 0.2777777777777778 0.14427083333333332 0.2574074074074074
165 0.7809895833333333 0.4898148148148148 0.10885416666666667 0.19074074074074074
119 0.79140625 0.2777777777777778 0.14427083333333332 0.2574074074074074
165 0.7809895833333333 0.4898148148148148 0.10885416666666667 0.19074074074074074
119 0.79140625 0.2777777777777778 0.14427083333333332 0.2574074074074074
165 0.7809895833333333 0.4898148148148148 0.10885416666666667 0.19074074074074074
119 0.79140625 0.2777777777777778 0.14427083333333332 0.2574074074074074
165 0.7809895833333333 0.4898148148148148 0.10885416666666667 0.19074074074074074
119 0.79140625 0.2777777777777778 0.14427083333333332 0.2574074074074074
165 0.7809895833333333 0.4898148148148148 0.10885416666666667 0.19074074074074074
119 0.79140625 0.2777777777777778 0.14427083333333332 0.2574074074074074
