98 0.84375 0.3106481481481482 0.05 0.13055555555555556
173 0.8401041666666667 0.39166666666666666 0.046875 0.03888888888888889
98 0.84375 0.3106481481481482 0.05 0.13055555555555556
173 0.8401041666666667 0.39166666666666666 0.046875 0.03888888888888889
98 0.84375 0.3106481481481482 0.05 0.13055555555555556
173 0.8401041666666667 0.39166666666666666 0.046875 0.03888888888888889
98 0.84375 0.3106481481481482 0.05 0.13055555555555556
173 0.8401041666666667 0.39166666666666666 0.046875 0.03888888888888889
98 0.84375 0.3106481481481482 0.05 0.13055555555555556
173 0.8401041666666667 0.39166666666666666 0.046875 0.03888888888888889
