162 0.8315104166666667 0.3365740740740741 0.0578125 0.10092592592592593
136 0.46484375 0.13148148148148148 0.027604166666666666 0.04814814814814815
136 0.6893229166666667 0.2657407407407407 0.0234375 0.04259259259259259
191 0.7270833333333333 0.15787037037037038 0.08125 0.032407407407407406
191 0.7270833333333333 0.18518518518518517 0.08125 0.03333333333333333
191 0.7265625 0.21203703703703702 0.08125 0.03333333333333333
191 0.7265625 0.2388888888888889 0.08125 0.03333333333333333
119 0.8346354166666666 0.22037037037037038 0.0765625 0.14444444444444443
162 0.8315104166666667 0.3365740740740741 0.0578125 0.10092592592592593
136 0.46484375 0.13148148148148148 0.027604166666666666 0.04814814814814815
136 0.6893229166666667 0.2657407407407407 0.0234375 0.04259259259259259
191 0.7270833333333333 0.15787037037037038 0.08125 0.032407407407407406
191 0.7270833333333333 0.18518518518518517 0.08125 0.03333333333333333
191 0.7265625 0.21203703703703702 0.08125 0.03333333333333333
191 0.7265625 0.2388888888888889 0.08125 0.03333333333333333
119 0.8346354166666666 0.22037037037037038 0.0765625 0.14444444444444443
