110 0.7619791666666667 0.24027777777777778 0.15104166666666666 0.18055555555555555
155 0.7609375 0.350462962962963 0.15208333333333332 0.05277777777777778
110 0.7619791666666667 0.24027777777777778 0.15104166666666666 0.18055555555555555
155 0.7609375 0.350462962962963 0.15208333333333332 0.05277777777777778
110 0.7619791666666667 0.24027777777777778 0.15104166666666666 0.18055555555555555
155 0.7609375 0.350462962962963 0.15208333333333332 0.05277777777777778
110 0.7619791666666667 0.24027777777777778 0.15104166666666666 0.18055555555555555
155 0.7609375 0.350462962962963 0.15208333333333332 0.05277777777777778
110 0.7619791666666667 0.24027777777777778 0.15104166666666666 0.18055555555555555
155 0.7609375 0.350462962962963 0.15208333333333332 0.05277777777777778
110 0.7619791666666667 0.24027777777777778 0.15104166666666666 0.18055555555555555
155 0.7609375 0.350462962962963 0.15208333333333332 0.05277777777777778
