27 0.7544270833333333 0.2212962962962963 0.1328125 0.19444444444444445
162 0.5203125 0.2777777777777778 0.01875 0.03333333333333333
119 0.5208333333333334 0.2351851851851852 0.028125 0.05185185185185185
198 0.471875 0.2722222222222222 0.030208333333333334 0.04814814814814815
123 0.9854166666666667 0.31296296296296294 0.01875 0.05
27 0.7544270833333333 0.2212962962962963 0.1328125 0.19444444444444445
162 0.5203125 0.2777777777777778 0.01875 0.03333333333333333
119 0.5208333333333334 0.2351851851851852 0.028125 0.05185185185185185
198 0.471875 0.2722222222222222 0.030208333333333334 0.04814814814814815
123 0.9854166666666667 0.31296296296296294 0.01875 0.05
27 0.7544270833333333 0.2212962962962963 0.1328125 0.19444444444444445
162 0.5203125 0.2777777777777778 0.01875 0.03333333333333333
119 0.5208333333333334 0.2351851851851852 0.028125 0.05185185185185185
198 0.471875 0.2722222222222222 0.030208333333333334 0.04814814814814815
123 0.9854166666666667 0.31296296296296294 0.01875 0.05
27 0.7544270833333333 0.2212962962962963 0.1328125 0.19444444444444445
162 0.5203125 0.2777777777777778 0.01875 0.03333333333333333
119 0.5208333333333334 0.2351851851851852 0.028125 0.05185185185185185
198 0.471875 0.2722222222222222 0.030208333333333334 0.04814814814814815
123 0.9854166666666667 0.31296296296296294 0.01875 0.05
27 0.7544270833333333 0.2212962962962963 0.1328125 0.19444444444444445
162 0.5203125 0.2777777777777778 0.01875 0.03333333333333333
119 0.5208333333333334 0.2351851851851852 0.028125 0.05185185185185185
198 0.471875 0.2722222222222222 0.030208333333333334 0.04814814814814815
123 0.9854166666666667 0.31296296296296294 0.01875 0.05
27 0.7544270833333333 0.2212962962962963 0.1328125 0.19444444444444445
162 0.5203125 0.2777777777777778 0.01875 0.03333333333333333
119 0.5208333333333334 0.2351851851851852 0.028125 0.05185185185185185
198 0.471875 0.2722222222222222 0.030208333333333334 0.04814814814814815
123 0.9854166666666667 0.31296296296296294 0.01875 0.05
