28 0.09739583333333333 0.48518518518518516 0.025 0.13703703703703704
28 0.8981770833333333 0.5222222222222223 0.03802083333333333 0.16296296296296298
28 0.09739583333333333 0.48518518518518516 0.025 0.13703703703703704
28 0.8981770833333333 0.5222222222222223 0.03802083333333333 0.16296296296296298
28 0.09739583333333333 0.48518518518518516 0.025 0.13703703703703704
28 0.8981770833333333 0.5222222222222223 0.03802083333333333 0.16296296296296298
28 0.09739583333333333 0.48518518518518516 0.025 0.13703703703703704
28 0.8981770833333333 0.5222222222222223 0.03802083333333333 0.16296296296296298
28 0.09739583333333333 0.48518518518518516 0.025 0.13703703703703704
28 0.8981770833333333 0.5222222222222223 0.03802083333333333 0.16296296296296298
28 0.09739583333333333 0.48518518518518516 0.025 0.13703703703703704
28 0.8981770833333333 0.5222222222222223 0.03802083333333333 0.16296296296296298
