133 0.7770833333333333 0.30277777777777776 0.09166666666666666 0.25925925925925924
179 0.7778645833333333 0.45787037037037037 0.09010416666666667 0.07685185185185185
133 0.7770833333333333 0.30277777777777776 0.09166666666666666 0.25925925925925924
179 0.7778645833333333 0.45787037037037037 0.09010416666666667 0.07685185185185185
133 0.7770833333333333 0.30277777777777776 0.09166666666666666 0.25925925925925924
179 0.7778645833333333 0.45787037037037037 0.09010416666666667 0.07685185185185185
133 0.7770833333333333 0.30277777777777776 0.09166666666666666 0.25925925925925924
179 0.7778645833333333 0.45787037037037037 0.09010416666666667 0.07685185185185185
133 0.7770833333333333 0.30277777777777776 0.09166666666666666 0.25925925925925924
179 0.7778645833333333 0.45787037037037037 0.09010416666666667 0.07685185185185185
133 0.7770833333333333 0.30277777777777776 0.09166666666666666 0.25925925925925924
179 0.7778645833333333 0.45787037037037037 0.09010416666666667 0.07685185185185185
