27 0.85234375 0.2796296296296296 0.050520833333333334 0.07407407407407407
27 0.6143229166666667 0.27685185185185185 0.0359375 0.04814814814814815
27 0.85234375 0.2796296296296296 0.050520833333333334 0.07407407407407407
27 0.6143229166666667 0.27685185185185185 0.0359375 0.04814814814814815
27 0.85234375 0.2796296296296296 0.050520833333333334 0.07407407407407407
27 0.6143229166666667 0.27685185185185185 0.0359375 0.04814814814814815
27 0.85234375 0.2796296296296296 0.050520833333333334 0.07407407407407407
27 0.6143229166666667 0.27685185185185185 0.0359375 0.04814814814814815
27 0.85234375 0.2796296296296296 0.050520833333333334 0.07407407407407407
27 0.6143229166666667 0.27685185185185185 0.0359375 0.04814814814814815
27 0.85234375 0.2796296296296296 0.050520833333333334 0.07407407407407407
27 0.6143229166666667 0.27685185185185185 0.0359375 0.04814814814814815
