161 0.5986979166666667 0.11018518518518519 0.049479166666666664 0.0962962962962963
151 0.45416666666666666 0.034722222222222224 0.11145833333333334 0.06944444444444445
153 0.3341145833333333 0.03888888888888889 0.10885416666666667 0.07777777777777778
161 0.5986979166666667 0.11018518518518519 0.049479166666666664 0.0962962962962963
151 0.45416666666666666 0.034722222222222224 0.11145833333333334 0.06944444444444445
153 0.3341145833333333 0.03888888888888889 0.10885416666666667 0.07777777777777778
161 0.5986979166666667 0.11018518518518519 0.049479166666666664 0.0962962962962963
151 0.45416666666666666 0.034722222222222224 0.11145833333333334 0.06944444444444445
153 0.3341145833333333 0.03888888888888889 0.10885416666666667 0.07777777777777778
161 0.5986979166666667 0.11018518518518519 0.049479166666666664 0.0962962962962963
151 0.45416666666666666 0.034722222222222224 0.11145833333333334 0.06944444444444445
153 0.3341145833333333 0.03888888888888889 0.10885416666666667 0.07777777777777778
161 0.5986979166666667 0.11018518518518519 0.049479166666666664 0.0962962962962963
151 0.45416666666666666 0.034722222222222224 0.11145833333333334 0.06944444444444445
153 0.3341145833333333 0.03888888888888889 0.10885416666666667 0.07777777777777778
161 0.5986979166666667 0.11018518518518519 0.049479166666666664 0.0962962962962963
151 0.45416666666666666 0.034722222222222224 0.11145833333333334 0.06944444444444445
153 0.3341145833333333 0.03888888888888889 0.10885416666666667 0.07777777777777778
