30 0.7966145833333333 0.5231481481481481 0.034895833333333334 0.1685185185185185
26 0.7973958333333333 0.35694444444444445 0.09895833333333333 0.1787037037037037
30 0.7966145833333333 0.5231481481481481 0.034895833333333334 0.1685185185185185
26 0.7973958333333333 0.35694444444444445 0.09895833333333333 0.1787037037037037
30 0.7966145833333333 0.5231481481481481 0.034895833333333334 0.1685185185185185
26 0.7973958333333333 0.35694444444444445 0.09895833333333333 0.1787037037037037
30 0.7966145833333333 0.5231481481481481 0.034895833333333334 0.1685185185185185
26 0.7973958333333333 0.35694444444444445 0.09895833333333333 0.1787037037037037
30 0.7966145833333333 0.5231481481481481 0.034895833333333334 0.1685185185185185
26 0.7973958333333333 0.35694444444444445 0.09895833333333333 0.1787037037037037
30 0.7966145833333333 0.5231481481481481 0.034895833333333334 0.1685185185185185
26 0.7973958333333333 0.35694444444444445 0.09895833333333333 0.1787037037037037
