165 0.8424479166666666 0.3912037037037037 0.0453125 0.0824074074074074
119 0.8471354166666667 0.29074074074074074 0.0703125 0.1259259259259259
165 0.8424479166666666 0.3912037037037037 0.0453125 0.0824074074074074
119 0.8471354166666667 0.29074074074074074 0.0703125 0.1259259259259259
165 0.8424479166666666 0.3912037037037037 0.0453125 0.0824074074074074
119 0.8471354166666667 0.29074074074074074 0.0703125 0.1259259259259259
165 0.8424479166666666 0.3912037037037037 0.0453125 0.0824074074074074
119 0.8471354166666667 0.29074074074074074 0.0703125 0.1259259259259259
165 0.8424479166666666 0.3912037037037037 0.0453125 0.0824074074074074
119 0.8471354166666667 0.29074074074074074 0.0703125 0.1259259259259259
165 0.8424479166666666 0.3912037037037037 0.0453125 0.0824074074074074
119 0.8471354166666667 0.29074074074074074 0.0703125 0.1259259259259259
