164 0.73984375 0.36574074074074076 0.11614583333333334 0.20555555555555555
196 0.41432291666666665 0.2449074074074074 0.016145833333333335 0.041666666666666664
119 0.746875 0.1375 0.15520833333333334 0.275
164 0.73984375 0.36574074074074076 0.11614583333333334 0.20555555555555555
196 0.41432291666666665 0.2449074074074074 0.016145833333333335 0.041666666666666664
119 0.746875 0.1375 0.15520833333333334 0.275
164 0.73984375 0.36574074074074076 0.11614583333333334 0.20555555555555555
196 0.41432291666666665 0.2449074074074074 0.016145833333333335 0.041666666666666664
119 0.746875 0.1375 0.15520833333333334 0.275
164 0.73984375 0.36574074074074076 0.11614583333333334 0.20555555555555555
196 0.41432291666666665 0.2449074074074074 0.016145833333333335 0.041666666666666664
119 0.746875 0.1375 0.15520833333333334 0.275
164 0.73984375 0.36574074074074076 0.11614583333333334 0.20555555555555555
196 0.41432291666666665 0.2449074074074074 0.016145833333333335 0.041666666666666664
119 0.746875 0.1375 0.15520833333333334 0.275
164 0.73984375 0.36574074074074076 0.11614583333333334 0.20555555555555555
196 0.41432291666666665 0.2449074074074074 0.016145833333333335 0.041666666666666664
119 0.746875 0.1375 0.15520833333333334 0.275
