178 0.8463541666666666 0.1638888888888889 0.04479166666666667 0.03888888888888889
128 0.8463541666666666 0.07685185185185185 0.04479166666666667 0.14074074074074075
145 0.8447916666666667 0.2513888888888889 0.04791666666666667 0.1398148148148148
178 0.8463541666666666 0.1638888888888889 0.04479166666666667 0.03888888888888889
128 0.8463541666666666 0.07685185185185185 0.04479166666666667 0.14074074074074075
145 0.8447916666666667 0.2513888888888889 0.04791666666666667 0.1398148148148148
178 0.8463541666666666 0.1638888888888889 0.04479166666666667 0.03888888888888889
128 0.8463541666666666 0.07685185185185185 0.04479166666666667 0.14074074074074075
145 0.8447916666666667 0.2513888888888889 0.04791666666666667 0.1398148148148148
178 0.8463541666666666 0.1638888888888889 0.04479166666666667 0.03888888888888889
128 0.8463541666666666 0.07685185185185185 0.04479166666666667 0.14074074074074075
145 0.8447916666666667 0.2513888888888889 0.04791666666666667 0.1398148148148148
178 0.8463541666666666 0.1638888888888889 0.04479166666666667 0.03888888888888889
128 0.8463541666666666 0.07685185185185185 0.04479166666666667 0.14074074074074075
145 0.8447916666666667 0.2513888888888889 0.04791666666666667 0.1398148148148148
178 0.8463541666666666 0.1638888888888889 0.04479166666666667 0.03888888888888889
128 0.8463541666666666 0.07685185185185185 0.04479166666666667 0.14074074074074075
145 0.8447916666666667 0.2513888888888889 0.04791666666666667 0.1398148148148148
