24 0.7276041666666667 0.1962962962962963 0.146875 0.24259259259259258
173 0.7299479166666667 0.35 0.0984375 0.08333333333333333
24 0.7276041666666667 0.1962962962962963 0.146875 0.24259259259259258
173 0.7299479166666667 0.35 0.0984375 0.08333333333333333
24 0.7276041666666667 0.1962962962962963 0.146875 0.24259259259259258
173 0.7299479166666667 0.35 0.0984375 0.08333333333333333
24 0.7276041666666667 0.1962962962962963 0.146875 0.24259259259259258
173 0.7299479166666667 0.35 0.0984375 0.08333333333333333
24 0.7276041666666667 0.1962962962962963 0.146875 0.24259259259259258
173 0.7299479166666667 0.35 0.0984375 0.08333333333333333
24 0.7276041666666667 0.1962962962962963 0.146875 0.24259259259259258
173 0.7299479166666667 0.35 0.0984375 0.08333333333333333
