42 0.7986979166666667 0.4888888888888889 0.07135416666666666 0.13333333333333333
78 0.80234375 0.17916666666666667 0.10677083333333333 0.20462962962962963
179 0.8013020833333333 0.35 0.11302083333333333 0.1425925925925926
42 0.7986979166666667 0.4888888888888889 0.07135416666666666 0.13333333333333333
78 0.80234375 0.17916666666666667 0.10677083333333333 0.20462962962962963
179 0.8013020833333333 0.35 0.11302083333333333 0.1425925925925926
42 0.7986979166666667 0.4888888888888889 0.07135416666666666 0.13333333333333333
78 0.80234375 0.17916666666666667 0.10677083333333333 0.20462962962962963
179 0.8013020833333333 0.35 0.11302083333333333 0.1425925925925926
42 0.7986979166666667 0.4888888888888889 0.07135416666666666 0.13333333333333333
78 0.80234375 0.17916666666666667 0.10677083333333333 0.20462962962962963
179 0.8013020833333333 0.35 0.11302083333333333 0.1425925925925926
42 0.7986979166666667 0.4888888888888889 0.07135416666666666 0.13333333333333333
78 0.80234375 0.17916666666666667 0.10677083333333333 0.20462962962962963
179 0.8013020833333333 0.35 0.11302083333333333 0.1425925925925926
42 0.7986979166666667 0.4888888888888889 0.07135416666666666 0.13333333333333333
78 0.80234375 0.17916666666666667 0.10677083333333333 0.20462962962962963
179 0.8013020833333333 0.35 0.11302083333333333 0.1425925925925926
