29 0.14921875 0.47685185185185186 0.030729166666666665 0.14444444444444443
102 0.7953125 0.36898148148148147 0.10416666666666667 0.13240740740740742
29 0.8026041666666667 0.49074074074074076 0.03229166666666667 0.1574074074074074
29 0.14921875 0.47685185185185186 0.030729166666666665 0.14444444444444443
102 0.7953125 0.36898148148148147 0.10416666666666667 0.13240740740740742
29 0.8026041666666667 0.49074074074074076 0.03229166666666667 0.1574074074074074
29 0.14921875 0.47685185185185186 0.030729166666666665 0.14444444444444443
102 0.7953125 0.36898148148148147 0.10416666666666667 0.13240740740740742
29 0.8026041666666667 0.49074074074074076 0.03229166666666667 0.1574074074074074
29 0.14921875 0.47685185185185186 0.030729166666666665 0.14444444444444443
102 0.7953125 0.36898148148148147 0.10416666666666667 0.13240740740740742
29 0.8026041666666667 0.49074074074074076 0.03229166666666667 0.1574074074074074
29 0.14921875 0.47685185185185186 0.030729166666666665 0.14444444444444443
102 0.7953125 0.36898148148148147 0.10416666666666667 0.13240740740740742
29 0.8026041666666667 0.49074074074074076 0.03229166666666667 0.1574074074074074
29 0.14921875 0.47685185185185186 0.030729166666666665 0.14444444444444443
102 0.7953125 0.36898148148148147 0.10416666666666667 0.13240740740740742
29 0.8026041666666667 0.49074074074074076 0.03229166666666667 0.1574074074074074
