24 0.7510416666666667 0.34074074074074073 0.16979166666666667 0.29444444444444445
173 0.7479166666666667 0.5037037037037037 0.11770833333333333 0.11481481481481481
24 0.7510416666666667 0.34074074074074073 0.16979166666666667 0.29444444444444445
173 0.7479166666666667 0.5037037037037037 0.11770833333333333 0.11481481481481481
24 0.7510416666666667 0.34074074074074073 0.16979166666666667 0.29444444444444445
173 0.7479166666666667 0.5037037037037037 0.11770833333333333 0.11481481481481481
24 0.7510416666666667 0.34074074074074073 0.16979166666666667 0.29444444444444445
173 0.7479166666666667 0.5037037037037037 0.11770833333333333 0.11481481481481481
24 0.7510416666666667 0.34074074074074073 0.16979166666666667 0.29444444444444445
173 0.7479166666666667 0.5037037037037037 0.11770833333333333 0.11481481481481481
24 0.7510416666666667 0.34074074074074073 0.16979166666666667 0.29444444444444445
173 0.7479166666666667 0.5037037037037037 0.11770833333333333 0.11481481481481481
