112 0.7734375 0.4074074074074074 0.08020833333333334 0.14629629629629629
83 0.7114583333333333 0.4810185185185185 0.04479166666666667 0.06574074074074074
112 0.7734375 0.4074074074074074 0.08020833333333334 0.14629629629629629
83 0.7114583333333333 0.4810185185185185 0.04479166666666667 0.06574074074074074
112 0.7734375 0.4074074074074074 0.08020833333333334 0.14629629629629629
83 0.7114583333333333 0.4810185185185185 0.04479166666666667 0.06574074074074074
112 0.7734375 0.4074074074074074 0.08020833333333334 0.14629629629629629
83 0.7114583333333333 0.4810185185185185 0.04479166666666667 0.06574074074074074
112 0.7734375 0.4074074074074074 0.08020833333333334 0.14629629629629629
83 0.7114583333333333 0.4810185185185185 0.04479166666666667 0.06574074074074074
112 0.7734375 0.4074074074074074 0.08020833333333334 0.14629629629629629
83 0.7114583333333333 0.4810185185185185 0.04479166666666667 0.06574074074074074
