66 0.07395833333333333 0.3060185185185185 0.022916666666666665 0.041666666666666664
145 0.6005208333333333 0.31851851851851853 0.016666666666666666 0.03888888888888889
74 0.20729166666666668 0.5916666666666667 0.06875 0.12222222222222222
66 0.07395833333333333 0.3060185185185185 0.022916666666666665 0.041666666666666664
145 0.6005208333333333 0.31851851851851853 0.016666666666666666 0.03888888888888889
74 0.20729166666666668 0.5916666666666667 0.06875 0.12222222222222222
66 0.07395833333333333 0.3060185185185185 0.022916666666666665 0.041666666666666664
145 0.6005208333333333 0.31851851851851853 0.016666666666666666 0.03888888888888889
74 0.20729166666666668 0.5916666666666667 0.06875 0.12222222222222222
66 0.07395833333333333 0.3060185185185185 0.022916666666666665 0.041666666666666664
145 0.6005208333333333 0.31851851851851853 0.016666666666666666 0.03888888888888889
74 0.20729166666666668 0.5916666666666667 0.06875 0.12222222222222222
66 0.07395833333333333 0.3060185185185185 0.022916666666666665 0.041666666666666664
145 0.6005208333333333 0.31851851851851853 0.016666666666666666 0.03888888888888889
74 0.20729166666666668 0.5916666666666667 0.06875 0.12222222222222222
66 0.07395833333333333 0.3060185185185185 0.022916666666666665 0.041666666666666664
145 0.6005208333333333 0.31851851851851853 0.016666666666666666 0.03888888888888889
74 0.20729166666666668 0.5916666666666667 0.06875 0.12222222222222222
