110 0.7536458333333333 0.14027777777777778 0.18125 0.1935185185185185
123 0.55 0.2847222222222222 0.016666666666666666 0.028703703703703703
145 0.5677083333333334 0.2740740740740741 0.021875 0.05555555555555555
54 0.5869791666666667 0.2796296296296296 0.027083333333333334 0.04814814814814815
155 0.7559895833333333 0.26481481481481484 0.17864583333333334 0.05740740740740741
110 0.7536458333333333 0.14027777777777778 0.18125 0.1935185185185185
123 0.55 0.2847222222222222 0.016666666666666666 0.028703703703703703
145 0.5677083333333334 0.2740740740740741 0.021875 0.05555555555555555
54 0.5869791666666667 0.2796296296296296 0.027083333333333334 0.04814814814814815
155 0.7559895833333333 0.26481481481481484 0.17864583333333334 0.05740740740740741
