71 0.8421875 0.3398148148148148 0.07291666666666667 0.13703703703703704
119 0.8486979166666667 0.1865740740740741 0.1015625 0.18796296296296297
149 0.19375 0.31342592592592594 0.03854166666666667 0.028703703703703703
62 0.77734375 0.2523148148148148 0.027604166666666666 0.08611111111111111
71 0.8421875 0.3398148148148148 0.07291666666666667 0.13703703703703704
119 0.8486979166666667 0.1865740740740741 0.1015625 0.18796296296296297
149 0.19375 0.31342592592592594 0.03854166666666667 0.028703703703703703
62 0.77734375 0.2523148148148148 0.027604166666666666 0.08611111111111111
71 0.8421875 0.3398148148148148 0.07291666666666667 0.13703703703703704
119 0.8486979166666667 0.1865740740740741 0.1015625 0.18796296296296297
149 0.19375 0.31342592592592594 0.03854166666666667 0.028703703703703703
62 0.77734375 0.2523148148148148 0.027604166666666666 0.08611111111111111
71 0.8421875 0.3398148148148148 0.07291666666666667 0.13703703703703704
119 0.8486979166666667 0.1865740740740741 0.1015625 0.18796296296296297
149 0.19375 0.31342592592592594 0.03854166666666667 0.028703703703703703
62 0.77734375 0.2523148148148148 0.027604166666666666 0.08611111111111111
71 0.8421875 0.3398148148148148 0.07291666666666667 0.13703703703703704
119 0.8486979166666667 0.1865740740740741 0.1015625 0.18796296296296297
149 0.19375 0.31342592592592594 0.03854166666666667 0.028703703703703703
62 0.77734375 0.2523148148148148 0.027604166666666666 0.08611111111111111
71 0.8421875 0.3398148148148148 0.07291666666666667 0.13703703703703704
119 0.8486979166666667 0.1865740740740741 0.1015625 0.18796296296296297
149 0.19375 0.31342592592592594 0.03854166666666667 0.028703703703703703
62 0.77734375 0.2523148148148148 0.027604166666666666 0.08611111111111111
