8 0.6708333333333333 0.08425925925925926 0.090625 0.1388888888888889
18 0.6713541666666667 0.21296296296296297 0.090625 0.14444444444444443
8 0.6708333333333333 0.08425925925925926 0.090625 0.1388888888888889
18 0.6713541666666667 0.21296296296296297 0.090625 0.14444444444444443
8 0.6708333333333333 0.08425925925925926 0.090625 0.1388888888888889
18 0.6713541666666667 0.21296296296296297 0.090625 0.14444444444444443
8 0.6708333333333333 0.08425925925925926 0.090625 0.1388888888888889
18 0.6713541666666667 0.21296296296296297 0.090625 0.14444444444444443
8 0.6708333333333333 0.08425925925925926 0.090625 0.1388888888888889
18 0.6713541666666667 0.21296296296296297 0.090625 0.14444444444444443
8 0.6708333333333333 0.08425925925925926 0.090625 0.1388888888888889
18 0.6713541666666667 0.21296296296296297 0.090625 0.14444444444444443
