168 0.8231770833333333 0.2273148148148148 0.06197916666666667 0.11388888888888889
37 0.815625 0.10462962962962963 0.09270833333333334 0.14629629629629629
147 0.71484375 0.1111111111111111 0.0390625 0.0962962962962963
168 0.8231770833333333 0.2273148148148148 0.06197916666666667 0.11388888888888889
37 0.815625 0.10462962962962963 0.09270833333333334 0.14629629629629629
147 0.71484375 0.1111111111111111 0.0390625 0.0962962962962963
168 0.8231770833333333 0.2273148148148148 0.06197916666666667 0.11388888888888889
37 0.815625 0.10462962962962963 0.09270833333333334 0.14629629629629629
147 0.71484375 0.1111111111111111 0.0390625 0.0962962962962963
168 0.8231770833333333 0.2273148148148148 0.06197916666666667 0.11388888888888889
37 0.815625 0.10462962962962963 0.09270833333333334 0.14629629629629629
147 0.71484375 0.1111111111111111 0.0390625 0.0962962962962963
168 0.8231770833333333 0.2273148148148148 0.06197916666666667 0.11388888888888889
37 0.815625 0.10462962962962963 0.09270833333333334 0.14629629629629629
147 0.71484375 0.1111111111111111 0.0390625 0.0962962962962963
168 0.8231770833333333 0.2273148148148148 0.06197916666666667 0.11388888888888889
37 0.815625 0.10462962962962963 0.09270833333333334 0.14629629629629629
147 0.71484375 0.1111111111111111 0.0390625 0.0962962962962963
