129 0.853125 0.37037037037037035 0.071875 0.17222222222222222
83 0.9903645833333333 0.5175925925925926 0.019270833333333334 0.05555555555555555
129 0.853125 0.37037037037037035 0.071875 0.17222222222222222
83 0.9903645833333333 0.5175925925925926 0.019270833333333334 0.05555555555555555
129 0.853125 0.37037037037037035 0.071875 0.17222222222222222
83 0.9903645833333333 0.5175925925925926 0.019270833333333334 0.05555555555555555
129 0.853125 0.37037037037037035 0.071875 0.17222222222222222
83 0.9903645833333333 0.5175925925925926 0.019270833333333334 0.05555555555555555
129 0.853125 0.37037037037037035 0.071875 0.17222222222222222
83 0.9903645833333333 0.5175925925925926 0.019270833333333334 0.05555555555555555
129 0.853125 0.37037037037037035 0.071875 0.17222222222222222
83 0.9903645833333333 0.5175925925925926 0.019270833333333334 0.05555555555555555
