110 0.7997395833333333 0.2708333333333333 0.13489583333333333 0.15833333333333333
155 0.79765625 0.37037037037037035 0.13385416666666666 0.046296296296296294
110 0.7997395833333333 0.2708333333333333 0.13489583333333333 0.15833333333333333
155 0.79765625 0.37037037037037035 0.13385416666666666 0.046296296296296294
110 0.7997395833333333 0.2708333333333333 0.13489583333333333 0.15833333333333333
155 0.79765625 0.37037037037037035 0.13385416666666666 0.046296296296296294
110 0.7997395833333333 0.2708333333333333 0.13489583333333333 0.15833333333333333
155 0.79765625 0.37037037037037035 0.13385416666666666 0.046296296296296294
110 0.7997395833333333 0.2708333333333333 0.13489583333333333 0.15833333333333333
155 0.79765625 0.37037037037037035 0.13385416666666666 0.046296296296296294
110 0.7997395833333333 0.2708333333333333 0.13489583333333333 0.15833333333333333
155 0.79765625 0.37037037037037035 0.13385416666666666 0.046296296296296294
