36 0.7643229166666666 0.35138888888888886 0.14114583333333333 0.2361111111111111
55 0.76171875 0.5625 0.0984375 0.18055555555555555
36 0.7643229166666666 0.35138888888888886 0.14114583333333333 0.2361111111111111
55 0.76171875 0.5625 0.0984375 0.18055555555555555
36 0.7643229166666666 0.35138888888888886 0.14114583333333333 0.2361111111111111
55 0.76171875 0.5625 0.0984375 0.18055555555555555
36 0.7643229166666666 0.35138888888888886 0.14114583333333333 0.2361111111111111
55 0.76171875 0.5625 0.0984375 0.18055555555555555
36 0.7643229166666666 0.35138888888888886 0.14114583333333333 0.2361111111111111
55 0.76171875 0.5625 0.0984375 0.18055555555555555
36 0.7643229166666666 0.35138888888888886 0.14114583333333333 0.2361111111111111
55 0.76171875 0.5625 0.0984375 0.18055555555555555
