39 0.8489583333333334 0.2773148148148148 0.052083333333333336 0.11203703703703703
134 0.609375 0.2833333333333333 0.026041666666666668 0.07037037037037037
39 0.8489583333333334 0.2773148148148148 0.052083333333333336 0.11203703703703703
134 0.609375 0.2833333333333333 0.026041666666666668 0.07037037037037037
39 0.8489583333333334 0.2773148148148148 0.052083333333333336 0.11203703703703703
134 0.609375 0.2833333333333333 0.026041666666666668 0.07037037037037037
39 0.8489583333333334 0.2773148148148148 0.052083333333333336 0.11203703703703703
134 0.609375 0.2833333333333333 0.026041666666666668 0.07037037037037037
39 0.8489583333333334 0.2773148148148148 0.052083333333333336 0.11203703703703703
134 0.609375 0.2833333333333333 0.026041666666666668 0.07037037037037037
39 0.8489583333333334 0.2773148148148148 0.052083333333333336 0.11203703703703703
134 0.609375 0.2833333333333333 0.026041666666666668 0.07037037037037037
