132 0.7890625 0.175 0.08229166666666667 0.15925925925925927
136 0.78671875 0.32407407407407407 0.0859375 0.16111111111111112
132 0.7890625 0.175 0.08229166666666667 0.15925925925925927
136 0.78671875 0.32407407407407407 0.0859375 0.16111111111111112
132 0.7890625 0.175 0.08229166666666667 0.15925925925925927
136 0.78671875 0.32407407407407407 0.0859375 0.16111111111111112
132 0.7890625 0.175 0.08229166666666667 0.15925925925925927
136 0.78671875 0.32407407407407407 0.0859375 0.16111111111111112
132 0.7890625 0.175 0.08229166666666667 0.15925925925925927
136 0.78671875 0.32407407407407407 0.0859375 0.16111111111111112
132 0.7890625 0.175 0.08229166666666667 0.15925925925925927
136 0.78671875 0.32407407407407407 0.0859375 0.16111111111111112
