33 0.7645833333333333 0.27037037037037037 0.11770833333333333 0.23148148148148148
55 0.7609375 0.46111111111111114 0.07708333333333334 0.16666666666666666
33 0.7645833333333333 0.27037037037037037 0.11770833333333333 0.23148148148148148
55 0.7609375 0.46111111111111114 0.07708333333333334 0.16666666666666666
33 0.7645833333333333 0.27037037037037037 0.11770833333333333 0.23148148148148148
55 0.7609375 0.46111111111111114 0.07708333333333334 0.16666666666666666
33 0.7645833333333333 0.27037037037037037 0.11770833333333333 0.23148148148148148
55 0.7609375 0.46111111111111114 0.07708333333333334 0.16666666666666666
33 0.7645833333333333 0.27037037037037037 0.11770833333333333 0.23148148148148148
55 0.7609375 0.46111111111111114 0.07708333333333334 0.16666666666666666
33 0.7645833333333333 0.27037037037037037 0.11770833333333333 0.23148148148148148
55 0.7609375 0.46111111111111114 0.07708333333333334 0.16666666666666666
