139 0.7901041666666667 0.29953703703703705 0.071875 0.20277777777777778
179 0.7903645833333334 0.425462962962963 0.06927083333333334 0.04537037037037037
139 0.7901041666666667 0.29953703703703705 0.071875 0.20277777777777778
179 0.7903645833333334 0.425462962962963 0.06927083333333334 0.04537037037037037
139 0.7901041666666667 0.29953703703703705 0.071875 0.20277777777777778
179 0.7903645833333334 0.425462962962963 0.06927083333333334 0.04537037037037037
139 0.7901041666666667 0.29953703703703705 0.071875 0.20277777777777778
179 0.7903645833333334 0.425462962962963 0.06927083333333334 0.04537037037037037
139 0.7901041666666667 0.29953703703703705 0.071875 0.20277777777777778
179 0.7903645833333334 0.425462962962963 0.06927083333333334 0.04537037037037037
