36 0.77890625 0.21388888888888888 0.1328125 0.20555555555555555
173 0.7794270833333333 0.35138888888888886 0.0890625 0.06759259259259259
36 0.77890625 0.21388888888888888 0.1328125 0.20555555555555555
173 0.7794270833333333 0.35138888888888886 0.0890625 0.06759259259259259
36 0.77890625 0.21388888888888888 0.1328125 0.20555555555555555
173 0.7794270833333333 0.35138888888888886 0.0890625 0.06759259259259259
36 0.77890625 0.21388888888888888 0.1328125 0.20555555555555555
173 0.7794270833333333 0.35138888888888886 0.0890625 0.06759259259259259
36 0.77890625 0.21388888888888888 0.1328125 0.20555555555555555
173 0.7794270833333333 0.35138888888888886 0.0890625 0.06759259259259259
36 0.77890625 0.21388888888888888 0.1328125 0.20555555555555555
173 0.7794270833333333 0.35138888888888886 0.0890625 0.06759259259259259
