88 0.7723958333333333 0.5370370370370371 0.07916666666666666 0.1388888888888889
88 0.28828125 0.35648148148148145 0.0234375 0.040740740740740744
88 0.7723958333333333 0.5370370370370371 0.07916666666666666 0.1388888888888889
88 0.28828125 0.35648148148148145 0.0234375 0.040740740740740744
88 0.7723958333333333 0.5370370370370371 0.07916666666666666 0.1388888888888889
88 0.28828125 0.35648148148148145 0.0234375 0.040740740740740744
88 0.7723958333333333 0.5370370370370371 0.07916666666666666 0.1388888888888889
88 0.28828125 0.35648148148148145 0.0234375 0.040740740740740744
88 0.7723958333333333 0.5370370370370371 0.07916666666666666 0.1388888888888889
88 0.28828125 0.35648148148148145 0.0234375 0.040740740740740744
88 0.7723958333333333 0.5370370370370371 0.07916666666666666 0.1388888888888889
88 0.28828125 0.35648148148148145 0.0234375 0.040740740740740744
