178 0.7864583333333334 0.3958333333333333 0.10729166666666666 0.06574074074074074
82 0.7856770833333333 0.21388888888888888 0.1078125 0.2851851851851852
178 0.7864583333333334 0.3958333333333333 0.10729166666666666 0.06574074074074074
82 0.7856770833333333 0.21388888888888888 0.1078125 0.2851851851851852
178 0.7864583333333334 0.3958333333333333 0.10729166666666666 0.06574074074074074
82 0.7856770833333333 0.21388888888888888 0.1078125 0.2851851851851852
178 0.7864583333333334 0.3958333333333333 0.10729166666666666 0.06574074074074074
82 0.7856770833333333 0.21388888888888888 0.1078125 0.2851851851851852
178 0.7864583333333334 0.3958333333333333 0.10729166666666666 0.06574074074074074
82 0.7856770833333333 0.21388888888888888 0.1078125 0.2851851851851852
178 0.7864583333333334 0.3958333333333333 0.10729166666666666 0.06574074074074074
82 0.7856770833333333 0.21388888888888888 0.1078125 0.2851851851851852
