89 0.051041666666666666 0.43703703703703706 0.05625 0.09814814814814815
89 0.4078125 0.3490740740740741 0.028125 0.05
89 0.051041666666666666 0.43703703703703706 0.05625 0.09814814814814815
89 0.4078125 0.3490740740740741 0.028125 0.05
89 0.051041666666666666 0.43703703703703706 0.05625 0.09814814814814815
89 0.4078125 0.3490740740740741 0.028125 0.05
89 0.051041666666666666 0.43703703703703706 0.05625 0.09814814814814815
89 0.4078125 0.3490740740740741 0.028125 0.05
89 0.051041666666666666 0.43703703703703706 0.05625 0.09814814814814815
89 0.4078125 0.3490740740740741 0.028125 0.05
89 0.051041666666666666 0.43703703703703706 0.05625 0.09814814814814815
89 0.4078125 0.3490740740740741 0.028125 0.05
