113 0.8497395833333333 0.24259259259259258 0.049479166666666664 0.09444444444444444
112 0.84609375 0.3384259259259259 0.0515625 0.09351851851851851
182 0.715625 0.38055555555555554 0.016666666666666666 0.1259259259259259
113 0.8497395833333333 0.24259259259259258 0.049479166666666664 0.09444444444444444
112 0.84609375 0.3384259259259259 0.0515625 0.09351851851851851
182 0.715625 0.38055555555555554 0.016666666666666666 0.1259259259259259
113 0.8497395833333333 0.24259259259259258 0.049479166666666664 0.09444444444444444
112 0.84609375 0.3384259259259259 0.0515625 0.09351851851851851
182 0.715625 0.38055555555555554 0.016666666666666666 0.1259259259259259
113 0.8497395833333333 0.24259259259259258 0.049479166666666664 0.09444444444444444
112 0.84609375 0.3384259259259259 0.0515625 0.09351851851851851
182 0.715625 0.38055555555555554 0.016666666666666666 0.1259259259259259
113 0.8497395833333333 0.24259259259259258 0.049479166666666664 0.09444444444444444
112 0.84609375 0.3384259259259259 0.0515625 0.09351851851851851
182 0.715625 0.38055555555555554 0.016666666666666666 0.1259259259259259
113 0.8497395833333333 0.24259259259259258 0.049479166666666664 0.09444444444444444
112 0.84609375 0.3384259259259259 0.0515625 0.09351851851851851
182 0.715625 0.38055555555555554 0.016666666666666666 0.1259259259259259
