71 0.81953125 0.3421296296296296 0.09427083333333333 0.18981481481481483
56 0.47994791666666664 0.3074074074074074 0.0171875 0.02962962962962963
119 0.821875 0.1425925925925926 0.11458333333333333 0.21851851851851853
144 0.47552083333333334 0.2898148148148148 0.04479166666666667 0.07222222222222222
62 0.7609375 0.3148148148148148 0.025 0.1111111111111111
71 0.81953125 0.3421296296296296 0.09427083333333333 0.18981481481481483
56 0.47994791666666664 0.3074074074074074 0.0171875 0.02962962962962963
119 0.821875 0.1425925925925926 0.11458333333333333 0.21851851851851853
144 0.47552083333333334 0.2898148148148148 0.04479166666666667 0.07222222222222222
62 0.7609375 0.3148148148148148 0.025 0.1111111111111111
