169 0.07083333333333333 0.3458333333333333 0.03125 0.06018518518518518
169 0.75703125 0.13657407407407407 0.0515625 0.09351851851851851
136 0.59140625 0.23703703703703705 0.019270833333333334 0.03333333333333333
37 0.7533854166666667 0.04814814814814815 0.06302083333333333 0.0962962962962963
37 0.0671875 0.2833333333333333 0.04791666666666667 0.07962962962962963
132 0.58984375 0.20694444444444443 0.019270833333333334 0.032407407407407406
169 0.07083333333333333 0.3458333333333333 0.03125 0.06018518518518518
169 0.75703125 0.13657407407407407 0.0515625 0.09351851851851851
136 0.59140625 0.23703703703703705 0.019270833333333334 0.03333333333333333
37 0.7533854166666667 0.04814814814814815 0.06302083333333333 0.0962962962962963
37 0.0671875 0.2833333333333333 0.04791666666666667 0.07962962962962963
132 0.58984375 0.20694444444444443 0.019270833333333334 0.032407407407407406
169 0.07083333333333333 0.3458333333333333 0.03125 0.06018518518518518
169 0.75703125 0.13657407407407407 0.0515625 0.09351851851851851
136 0.59140625 0.23703703703703705 0.019270833333333334 0.03333333333333333
37 0.7533854166666667 0.04814814814814815 0.06302083333333333 0.0962962962962963
37 0.0671875 0.2833333333333333 0.04791666666666667 0.07962962962962963
132 0.58984375 0.20694444444444443 0.019270833333333334 0.032407407407407406
169 0.07083333333333333 0.3458333333333333 0.03125 0.06018518518518518
169 0.75703125 0.13657407407407407 0.0515625 0.09351851851851851
136 0.59140625 0.23703703703703705 0.019270833333333334 0.03333333333333333
37 0.7533854166666667 0.04814814814814815 0.06302083333333333 0.0962962962962963
37 0.0671875 0.2833333333333333 0.04791666666666667 0.07962962962962963
132 0.58984375 0.20694444444444443 0.019270833333333334 0.032407407407407406
169 0.07083333333333333 0.3458333333333333 0.03125 0.06018518518518518
169 0.75703125 0.13657407407407407 0.0515625 0.09351851851851851
136 0.59140625 0.23703703703703705 0.019270833333333334 0.03333333333333333
37 0.7533854166666667 0.04814814814814815 0.06302083333333333 0.0962962962962963
37 0.0671875 0.2833333333333333 0.04791666666666667 0.07962962962962963
132 0.58984375 0.20694444444444443 0.019270833333333334 0.032407407407407406
169 0.07083333333333333 0.3458333333333333 0.03125 0.06018518518518518
169 0.75703125 0.13657407407407407 0.0515625 0.09351851851851851
136 0.59140625 0.23703703703703705 0.019270833333333334 0.03333333333333333
37 0.7533854166666667 0.04814814814814815 0.06302083333333333 0.0962962962962963
37 0.0671875 0.2833333333333333 0.04791666666666667 0.07962962962962963
132 0.58984375 0.20694444444444443 0.019270833333333334 0.032407407407407406
