24 0.7697916666666667 0.2824074074074074 0.12395833333333334 0.2074074074074074
173 0.76875 0.41712962962962963 0.08229166666666667 0.0824074074074074
24 0.7697916666666667 0.2824074074074074 0.12395833333333334 0.2074074074074074
173 0.76875 0.41712962962962963 0.08229166666666667 0.0824074074074074
24 0.7697916666666667 0.2824074074074074 0.12395833333333334 0.2074074074074074
173 0.76875 0.41712962962962963 0.08229166666666667 0.0824074074074074
24 0.7697916666666667 0.2824074074074074 0.12395833333333334 0.2074074074074074
173 0.76875 0.41712962962962963 0.08229166666666667 0.0824074074074074
24 0.7697916666666667 0.2824074074074074 0.12395833333333334 0.2074074074074074
173 0.76875 0.41712962962962963 0.08229166666666667 0.0824074074074074
24 0.7697916666666667 0.2824074074074074 0.12395833333333334 0.2074074074074074
173 0.76875 0.41712962962962963 0.08229166666666667 0.0824074074074074
