166 0.7515625 0.5370370370370371 0.11458333333333333 0.2037037037037037
83 0.44557291666666665 0.35324074074074074 0.022395833333333334 0.03425925925925926
148 0.33489583333333334 0.26064814814814813 0.035416666666666666 0.04537037037037037
119 0.765625 0.31203703703703706 0.14895833333333333 0.2777777777777778
166 0.7515625 0.5370370370370371 0.11458333333333333 0.2037037037037037
83 0.44557291666666665 0.35324074074074074 0.022395833333333334 0.03425925925925926
148 0.33489583333333334 0.26064814814814813 0.035416666666666666 0.04537037037037037
119 0.765625 0.31203703703703706 0.14895833333333333 0.2777777777777778
166 0.7515625 0.5370370370370371 0.11458333333333333 0.2037037037037037
83 0.44557291666666665 0.35324074074074074 0.022395833333333334 0.03425925925925926
148 0.33489583333333334 0.26064814814814813 0.035416666666666666 0.04537037037037037
119 0.765625 0.31203703703703706 0.14895833333333333 0.2777777777777778
166 0.7515625 0.5370370370370371 0.11458333333333333 0.2037037037037037
83 0.44557291666666665 0.35324074074074074 0.022395833333333334 0.03425925925925926
148 0.33489583333333334 0.26064814814814813 0.035416666666666666 0.04537037037037037
119 0.765625 0.31203703703703706 0.14895833333333333 0.2777777777777778
166 0.7515625 0.5370370370370371 0.11458333333333333 0.2037037037037037
83 0.44557291666666665 0.35324074074074074 0.022395833333333334 0.03425925925925926
148 0.33489583333333334 0.26064814814814813 0.035416666666666666 0.04537037037037037
119 0.765625 0.31203703703703706 0.14895833333333333 0.2777777777777778
