57 0.840625 0.32037037037037036 0.052083333333333336 0.10925925925925926
110 0.86328125 0.18564814814814815 0.13385416666666666 0.16944444444444445
83 0.9354166666666667 0.41435185185185186 0.03958333333333333 0.06574074074074074
57 0.840625 0.32037037037037036 0.052083333333333336 0.10925925925925926
110 0.86328125 0.18564814814814815 0.13385416666666666 0.16944444444444445
83 0.9354166666666667 0.41435185185185186 0.03958333333333333 0.06574074074074074
57 0.840625 0.32037037037037036 0.052083333333333336 0.10925925925925926
110 0.86328125 0.18564814814814815 0.13385416666666666 0.16944444444444445
83 0.9354166666666667 0.41435185185185186 0.03958333333333333 0.06574074074074074
57 0.840625 0.32037037037037036 0.052083333333333336 0.10925925925925926
110 0.86328125 0.18564814814814815 0.13385416666666666 0.16944444444444445
83 0.9354166666666667 0.41435185185185186 0.03958333333333333 0.06574074074074074
57 0.840625 0.32037037037037036 0.052083333333333336 0.10925925925925926
110 0.86328125 0.18564814814814815 0.13385416666666666 0.16944444444444445
83 0.9354166666666667 0.41435185185185186 0.03958333333333333 0.06574074074074074
57 0.840625 0.32037037037037036 0.052083333333333336 0.10925925925925926
110 0.86328125 0.18564814814814815 0.13385416666666666 0.16944444444444445
83 0.9354166666666667 0.41435185185185186 0.03958333333333333 0.06574074074074074
