176 0.80390625 0.39861111111111114 0.0984375 0.07685185185185185
129 0.8059895833333334 0.26481481481481484 0.10052083333333334 0.20925925925925926
176 0.80390625 0.39861111111111114 0.0984375 0.07685185185185185
129 0.8059895833333334 0.26481481481481484 0.10052083333333334 0.20925925925925926
176 0.80390625 0.39861111111111114 0.0984375 0.07685185185185185
129 0.8059895833333334 0.26481481481481484 0.10052083333333334 0.20925925925925926
176 0.80390625 0.39861111111111114 0.0984375 0.07685185185185185
129 0.8059895833333334 0.26481481481481484 0.10052083333333334 0.20925925925925926
176 0.80390625 0.39861111111111114 0.0984375 0.07685185185185185
129 0.8059895833333334 0.26481481481481484 0.10052083333333334 0.20925925925925926
176 0.80390625 0.39861111111111114 0.0984375 0.07685185185185185
129 0.8059895833333334 0.26481481481481484 0.10052083333333334 0.20925925925925926
