161 0.975 0.19722222222222222 0.0375 0.06296296296296296
151 0.45390625 0.11574074074074074 0.0734375 0.05925925925925926
161 0.53515625 0.19166666666666668 0.028645833333333332 0.05185185185185185
153 0.3736979166666667 0.11805555555555555 0.0734375 0.06018518518518518
152 0.6578125 0.05 0.109375 0.1
152 0.8229166666666666 0.04675925925925926 0.11875 0.09351851851851851
161 0.975 0.19722222222222222 0.0375 0.06296296296296296
151 0.45390625 0.11574074074074074 0.0734375 0.05925925925925926
161 0.53515625 0.19166666666666668 0.028645833333333332 0.05185185185185185
153 0.3736979166666667 0.11805555555555555 0.0734375 0.06018518518518518
152 0.6578125 0.05 0.109375 0.1
152 0.8229166666666666 0.04675925925925926 0.11875 0.09351851851851851
