42 0.7981770833333334 0.3106481481481482 0.10885416666666667 0.20277777777777778
11 0.5138020833333333 0.30092592592592593 0.0171875 0.02962962962962963
42 0.7981770833333334 0.3106481481481482 0.10885416666666667 0.20277777777777778
11 0.5138020833333333 0.30092592592592593 0.0171875 0.02962962962962963
42 0.7981770833333334 0.3106481481481482 0.10885416666666667 0.20277777777777778
11 0.5138020833333333 0.30092592592592593 0.0171875 0.02962962962962963
42 0.7981770833333334 0.3106481481481482 0.10885416666666667 0.20277777777777778
11 0.5138020833333333 0.30092592592592593 0.0171875 0.02962962962962963
42 0.7981770833333334 0.3106481481481482 0.10885416666666667 0.20277777777777778
11 0.5138020833333333 0.30092592592592593 0.0171875 0.02962962962962963
42 0.7981770833333334 0.3106481481481482 0.10885416666666667 0.20277777777777778
11 0.5138020833333333 0.30092592592592593 0.0171875 0.02962962962962963
