170 0.83359375 0.3819444444444444 0.0796875 0.0787037037037037
106 0.5197916666666667 0.30925925925925923 0.020833333333333332 0.037037037037037035
35 0.8322916666666667 0.26342592592592595 0.10520833333333333 0.18055555555555555
170 0.83359375 0.3819444444444444 0.0796875 0.0787037037037037
106 0.5197916666666667 0.30925925925925923 0.020833333333333332 0.037037037037037035
35 0.8322916666666667 0.26342592592592595 0.10520833333333333 0.18055555555555555
170 0.83359375 0.3819444444444444 0.0796875 0.0787037037037037
106 0.5197916666666667 0.30925925925925923 0.020833333333333332 0.037037037037037035
35 0.8322916666666667 0.26342592592592595 0.10520833333333333 0.18055555555555555
170 0.83359375 0.3819444444444444 0.0796875 0.0787037037037037
106 0.5197916666666667 0.30925925925925923 0.020833333333333332 0.037037037037037035
35 0.8322916666666667 0.26342592592592595 0.10520833333333333 0.18055555555555555
170 0.83359375 0.3819444444444444 0.0796875 0.0787037037037037
106 0.5197916666666667 0.30925925925925923 0.020833333333333332 0.037037037037037035
35 0.8322916666666667 0.26342592592592595 0.10520833333333333 0.18055555555555555
170 0.83359375 0.3819444444444444 0.0796875 0.0787037037037037
106 0.5197916666666667 0.30925925925925923 0.020833333333333332 0.037037037037037035
35 0.8322916666666667 0.26342592592592595 0.10520833333333333 0.18055555555555555
