111 0.7791666666666667 0.21481481481481482 0.15625 0.40185185185185185
173 0.7765625 0.37824074074074077 0.15208333333333332 0.075
111 0.7791666666666667 0.21481481481481482 0.15625 0.40185185185185185
173 0.7765625 0.37824074074074077 0.15208333333333332 0.075
111 0.7791666666666667 0.21481481481481482 0.15625 0.40185185185185185
173 0.7765625 0.37824074074074077 0.15208333333333332 0.075
111 0.7791666666666667 0.21481481481481482 0.15625 0.40185185185185185
173 0.7765625 0.37824074074074077 0.15208333333333332 0.075
111 0.7791666666666667 0.21481481481481482 0.15625 0.40185185185185185
173 0.7765625 0.37824074074074077 0.15208333333333332 0.075
111 0.7791666666666667 0.21481481481481482 0.15625 0.40185185185185185
173 0.7765625 0.37824074074074077 0.15208333333333332 0.075
