57 0.21145833333333333 0.3277777777777778 0.12916666666666668 0.24444444444444444
57 0.9088541666666666 0.3435185185185185 0.09375 0.2074074074074074
57 0.21145833333333333 0.3277777777777778 0.12916666666666668 0.24444444444444444
57 0.9088541666666666 0.3435185185185185 0.09375 0.2074074074074074
57 0.21145833333333333 0.3277777777777778 0.12916666666666668 0.24444444444444444
57 0.9088541666666666 0.3435185185185185 0.09375 0.2074074074074074
57 0.21145833333333333 0.3277777777777778 0.12916666666666668 0.24444444444444444
57 0.9088541666666666 0.3435185185185185 0.09375 0.2074074074074074
57 0.21145833333333333 0.3277777777777778 0.12916666666666668 0.24444444444444444
57 0.9088541666666666 0.3435185185185185 0.09375 0.2074074074074074
57 0.21145833333333333 0.3277777777777778 0.12916666666666668 0.24444444444444444
57 0.9088541666666666 0.3435185185185185 0.09375 0.2074074074074074
