124 0.8565104166666667 0.33287037037037037 0.043229166666666666 0.12129629629629629
150 0.4544270833333333 0.3074074074074074 0.0484375 0.05555555555555555
179 0.8526041666666667 0.4101851851851852 0.040625 0.04814814814814815
43 0.61796875 0.3143518518518518 0.028645833333333332 0.05462962962962963
83 0.6205729166666667 0.38287037037037036 0.018229166666666668 0.028703703703703703
124 0.8565104166666667 0.33287037037037037 0.043229166666666666 0.12129629629629629
150 0.4544270833333333 0.3074074074074074 0.0484375 0.05555555555555555
179 0.8526041666666667 0.4101851851851852 0.040625 0.04814814814814815
43 0.61796875 0.3143518518518518 0.028645833333333332 0.05462962962962963
83 0.6205729166666667 0.38287037037037036 0.018229166666666668 0.028703703703703703
