30 0.12317708333333334 0.5032407407407408 0.03177083333333333 0.14537037037037037
83 0.26067708333333334 0.40324074074074073 0.021354166666666667 0.03425925925925926
26 0.8078125 0.3453703703703704 0.071875 0.11666666666666667
30 0.809375 0.4736111111111111 0.025 0.1398148148148148
26 0.11770833333333333 0.37592592592592594 0.06354166666666666 0.11851851851851852
30 0.12317708333333334 0.5032407407407408 0.03177083333333333 0.14537037037037037
83 0.26067708333333334 0.40324074074074073 0.021354166666666667 0.03425925925925926
26 0.8078125 0.3453703703703704 0.071875 0.11666666666666667
30 0.809375 0.4736111111111111 0.025 0.1398148148148148
26 0.11770833333333333 0.37592592592592594 0.06354166666666666 0.11851851851851852
