39 0.8674479166666667 0.19212962962962962 0.0359375 0.062037037037037036
141 0.86796875 0.23981481481481481 0.0171875 0.03333333333333333
148 0.3104166666666667 0.3509259259259259 0.04375 0.03333333333333333
39 0.8674479166666667 0.19212962962962962 0.0359375 0.062037037037037036
141 0.86796875 0.23981481481481481 0.0171875 0.03333333333333333
148 0.3104166666666667 0.3509259259259259 0.04375 0.03333333333333333
39 0.8674479166666667 0.19212962962962962 0.0359375 0.062037037037037036
141 0.86796875 0.23981481481481481 0.0171875 0.03333333333333333
148 0.3104166666666667 0.3509259259259259 0.04375 0.03333333333333333
39 0.8674479166666667 0.19212962962962962 0.0359375 0.062037037037037036
141 0.86796875 0.23981481481481481 0.0171875 0.03333333333333333
148 0.3104166666666667 0.3509259259259259 0.04375 0.03333333333333333
39 0.8674479166666667 0.19212962962962962 0.0359375 0.062037037037037036
141 0.86796875 0.23981481481481481 0.0171875 0.03333333333333333
148 0.3104166666666667 0.3509259259259259 0.04375 0.03333333333333333
