27 0.8057291666666667 0.18888888888888888 0.09895833333333333 0.13703703703703704
179 0.78125 0.2800925925925926 0.053125 0.05277777777777778
27 0.8057291666666667 0.18888888888888888 0.09895833333333333 0.13703703703703704
179 0.78125 0.2800925925925926 0.053125 0.05277777777777778
27 0.8057291666666667 0.18888888888888888 0.09895833333333333 0.13703703703703704
179 0.78125 0.2800925925925926 0.053125 0.05277777777777778
27 0.8057291666666667 0.18888888888888888 0.09895833333333333 0.13703703703703704
179 0.78125 0.2800925925925926 0.053125 0.05277777777777778
27 0.8057291666666667 0.18888888888888888 0.09895833333333333 0.13703703703703704
179 0.78125 0.2800925925925926 0.053125 0.05277777777777778
27 0.8057291666666667 0.18888888888888888 0.09895833333333333 0.13703703703703704
179 0.78125 0.2800925925925926 0.053125 0.05277777777777778
