111 0.74921875 0.24722222222222223 0.15260416666666668 0.4222222222222222
173 0.7434895833333334 0.425 0.14114583333333333 0.06666666666666667
111 0.74921875 0.24722222222222223 0.15260416666666668 0.4222222222222222
173 0.7434895833333334 0.425 0.14114583333333333 0.06666666666666667
111 0.74921875 0.24722222222222223 0.15260416666666668 0.4222222222222222
173 0.7434895833333334 0.425 0.14114583333333333 0.06666666666666667
111 0.74921875 0.24722222222222223 0.15260416666666668 0.4222222222222222
173 0.7434895833333334 0.425 0.14114583333333333 0.06666666666666667
111 0.74921875 0.24722222222222223 0.15260416666666668 0.4222222222222222
173 0.7434895833333334 0.425 0.14114583333333333 0.06666666666666667
111 0.74921875 0.24722222222222223 0.15260416666666668 0.4222222222222222
173 0.7434895833333334 0.425 0.14114583333333333 0.06666666666666667
