166 0.7479166666666667 0.4699074074074074 0.07395833333333333 0.1398148148148148
149 0.7869791666666667 0.5625 0.18854166666666666 0.0824074074074074
119 0.7458333333333333 0.28194444444444444 0.13958333333333334 0.25277777777777777
166 0.7479166666666667 0.4699074074074074 0.07395833333333333 0.1398148148148148
149 0.7869791666666667 0.5625 0.18854166666666666 0.0824074074074074
119 0.7458333333333333 0.28194444444444444 0.13958333333333334 0.25277777777777777
166 0.7479166666666667 0.4699074074074074 0.07395833333333333 0.1398148148148148
149 0.7869791666666667 0.5625 0.18854166666666666 0.0824074074074074
119 0.7458333333333333 0.28194444444444444 0.13958333333333334 0.25277777777777777
166 0.7479166666666667 0.4699074074074074 0.07395833333333333 0.1398148148148148
149 0.7869791666666667 0.5625 0.18854166666666666 0.0824074074074074
119 0.7458333333333333 0.28194444444444444 0.13958333333333334 0.25277777777777777
166 0.7479166666666667 0.4699074074074074 0.07395833333333333 0.1398148148148148
149 0.7869791666666667 0.5625 0.18854166666666666 0.0824074074074074
119 0.7458333333333333 0.28194444444444444 0.13958333333333334 0.25277777777777777
166 0.7479166666666667 0.4699074074074074 0.07395833333333333 0.1398148148148148
149 0.7869791666666667 0.5625 0.18854166666666666 0.0824074074074074
119 0.7458333333333333 0.28194444444444444 0.13958333333333334 0.25277777777777777
