131 0.796875 0.39351851851851855 0.09166666666666666 0.23703703703703705
12 0.27786458333333336 0.29444444444444445 0.018229166666666668 0.02962962962962963
131 0.796875 0.39351851851851855 0.09166666666666666 0.23703703703703705
12 0.27786458333333336 0.29444444444444445 0.018229166666666668 0.02962962962962963
131 0.796875 0.39351851851851855 0.09166666666666666 0.23703703703703705
12 0.27786458333333336 0.29444444444444445 0.018229166666666668 0.02962962962962963
131 0.796875 0.39351851851851855 0.09166666666666666 0.23703703703703705
12 0.27786458333333336 0.29444444444444445 0.018229166666666668 0.02962962962962963
131 0.796875 0.39351851851851855 0.09166666666666666 0.23703703703703705
12 0.27786458333333336 0.29444444444444445 0.018229166666666668 0.02962962962962963
131 0.796875 0.39351851851851855 0.09166666666666666 0.23703703703703705
12 0.27786458333333336 0.29444444444444445 0.018229166666666668 0.02962962962962963
