98 0.80703125 0.29444444444444445 0.08802083333333334 0.23333333333333334
173 0.7986979166666667 0.43287037037037035 0.08072916666666667 0.0787037037037037
98 0.80703125 0.29444444444444445 0.08802083333333334 0.23333333333333334
173 0.7986979166666667 0.43287037037037035 0.08072916666666667 0.0787037037037037
98 0.80703125 0.29444444444444445 0.08802083333333334 0.23333333333333334
173 0.7986979166666667 0.43287037037037035 0.08072916666666667 0.0787037037037037
98 0.80703125 0.29444444444444445 0.08802083333333334 0.23333333333333334
173 0.7986979166666667 0.43287037037037035 0.08072916666666667 0.0787037037037037
98 0.80703125 0.29444444444444445 0.08802083333333334 0.23333333333333334
173 0.7986979166666667 0.43287037037037035 0.08072916666666667 0.0787037037037037
98 0.80703125 0.29444444444444445 0.08802083333333334 0.23333333333333334
173 0.7986979166666667 0.43287037037037035 0.08072916666666667 0.0787037037037037
