88 0.76015625 0.5837962962962963 0.09947916666666666 0.175
88 0.49921875 0.41388888888888886 0.0390625 0.07037037037037037
88 0.2109375 0.31805555555555554 0.017708333333333333 0.032407407407407406
88 0.3416666666666667 0.35509259259259257 0.023958333333333335 0.04351851851851852
83 0.8393229166666667 0.6638888888888889 0.0640625 0.09259259259259259
88 0.76015625 0.5837962962962963 0.09947916666666666 0.175
88 0.49921875 0.41388888888888886 0.0390625 0.07037037037037037
88 0.2109375 0.31805555555555554 0.017708333333333333 0.032407407407407406
88 0.3416666666666667 0.35509259259259257 0.023958333333333335 0.04351851851851852
83 0.8393229166666667 0.6638888888888889 0.0640625 0.09259259259259259
