109 0.7609375 0.25787037037037036 0.17291666666666666 0.32685185185185184
173 0.7513020833333334 0.4393518518518518 0.1609375 0.08425925925925926
109 0.7609375 0.25787037037037036 0.17291666666666666 0.32685185185185184
173 0.7513020833333334 0.4393518518518518 0.1609375 0.08425925925925926
109 0.7609375 0.25787037037037036 0.17291666666666666 0.32685185185185184
173 0.7513020833333334 0.4393518518518518 0.1609375 0.08425925925925926
109 0.7609375 0.25787037037037036 0.17291666666666666 0.32685185185185184
173 0.7513020833333334 0.4393518518518518 0.1609375 0.08425925925925926
109 0.7609375 0.25787037037037036 0.17291666666666666 0.32685185185185184
173 0.7513020833333334 0.4393518518518518 0.1609375 0.08425925925925926
109 0.7609375 0.25787037037037036 0.17291666666666666 0.32685185185185184
173 0.7513020833333334 0.4393518518518518 0.1609375 0.08425925925925926
