88 0.8125 0.49444444444444446 0.0625 0.10925925925925926
88 0.28854166666666664 0.33287037037037037 0.022916666666666665 0.041666666666666664
88 0.8125 0.49444444444444446 0.0625 0.10925925925925926
88 0.28854166666666664 0.33287037037037037 0.022916666666666665 0.041666666666666664
88 0.8125 0.49444444444444446 0.0625 0.10925925925925926
88 0.28854166666666664 0.33287037037037037 0.022916666666666665 0.041666666666666664
88 0.8125 0.49444444444444446 0.0625 0.10925925925925926
88 0.28854166666666664 0.33287037037037037 0.022916666666666665 0.041666666666666664
88 0.8125 0.49444444444444446 0.0625 0.10925925925925926
88 0.28854166666666664 0.33287037037037037 0.022916666666666665 0.041666666666666664
88 0.8125 0.49444444444444446 0.0625 0.10925925925925926
88 0.28854166666666664 0.33287037037037037 0.022916666666666665 0.041666666666666664
