72 0.7171875 0.33611111111111114 0.084375 0.15
145 0.53203125 0.30092592592592593 0.016145833333333335 0.03888888888888889
119 0.7151041666666667 0.1763888888888889 0.1 0.18055555555555555
148 0.5893229166666667 0.3 0.07135416666666666 0.04814814814814815
62 0.06354166666666666 0.31157407407407406 0.021875 0.04351851851851852
72 0.7171875 0.33611111111111114 0.084375 0.15
145 0.53203125 0.30092592592592593 0.016145833333333335 0.03888888888888889
119 0.7151041666666667 0.1763888888888889 0.1 0.18055555555555555
148 0.5893229166666667 0.3 0.07135416666666666 0.04814814814814815
62 0.06354166666666666 0.31157407407407406 0.021875 0.04351851851851852
