109 0.7981770833333334 0.27685185185185185 0.1296875 0.24814814814814815
173 0.7903645833333334 0.412962962962963 0.1203125 0.06296296296296296
109 0.7981770833333334 0.27685185185185185 0.1296875 0.24814814814814815
173 0.7903645833333334 0.412962962962963 0.1203125 0.06296296296296296
109 0.7981770833333334 0.27685185185185185 0.1296875 0.24814814814814815
173 0.7903645833333334 0.412962962962963 0.1203125 0.06296296296296296
109 0.7981770833333334 0.27685185185185185 0.1296875 0.24814814814814815
173 0.7903645833333334 0.412962962962963 0.1203125 0.06296296296296296
109 0.7981770833333334 0.27685185185185185 0.1296875 0.24814814814814815
173 0.7903645833333334 0.412962962962963 0.1203125 0.06296296296296296
109 0.7981770833333334 0.27685185185185185 0.1296875 0.24814814814814815
173 0.7903645833333334 0.412962962962963 0.1203125 0.06296296296296296
