36 0.790625 0.2773148148148148 0.11458333333333333 0.20462962962962963
173 0.7885416666666667 0.39861111111111114 0.078125 0.07314814814814814
36 0.790625 0.2773148148148148 0.11458333333333333 0.20462962962962963
173 0.7885416666666667 0.39861111111111114 0.078125 0.07314814814814814
36 0.790625 0.2773148148148148 0.11458333333333333 0.20462962962962963
173 0.7885416666666667 0.39861111111111114 0.078125 0.07314814814814814
36 0.790625 0.2773148148148148 0.11458333333333333 0.20462962962962963
173 0.7885416666666667 0.39861111111111114 0.078125 0.07314814814814814
36 0.790625 0.2773148148148148 0.11458333333333333 0.20462962962962963
173 0.7885416666666667 0.39861111111111114 0.078125 0.07314814814814814
36 0.790625 0.2773148148148148 0.11458333333333333 0.20462962962962963
173 0.7885416666666667 0.39861111111111114 0.078125 0.07314814814814814
