146 0.81328125 0.1625 0.0921875 0.175
150 0.5997395833333333 0.2828703703703704 0.033854166666666664 0.05277777777777778
119 0.51796875 0.2263888888888889 0.016145833333333335 0.028703703703703703
146 0.81328125 0.1625 0.0921875 0.175
150 0.5997395833333333 0.2828703703703704 0.033854166666666664 0.05277777777777778
119 0.51796875 0.2263888888888889 0.016145833333333335 0.028703703703703703
146 0.81328125 0.1625 0.0921875 0.175
150 0.5997395833333333 0.2828703703703704 0.033854166666666664 0.05277777777777778
119 0.51796875 0.2263888888888889 0.016145833333333335 0.028703703703703703
146 0.81328125 0.1625 0.0921875 0.175
150 0.5997395833333333 0.2828703703703704 0.033854166666666664 0.05277777777777778
119 0.51796875 0.2263888888888889 0.016145833333333335 0.028703703703703703
146 0.81328125 0.1625 0.0921875 0.175
150 0.5997395833333333 0.2828703703703704 0.033854166666666664 0.05277777777777778
119 0.51796875 0.2263888888888889 0.016145833333333335 0.028703703703703703
146 0.81328125 0.1625 0.0921875 0.175
150 0.5997395833333333 0.2828703703703704 0.033854166666666664 0.05277777777777778
119 0.51796875 0.2263888888888889 0.016145833333333335 0.028703703703703703
