57 0.8231770833333333 0.31157407407407406 0.10052083333333334 0.1787037037037037
155 0.8200520833333333 0.42268518518518516 0.10677083333333333 0.0787037037037037
57 0.8231770833333333 0.31157407407407406 0.10052083333333334 0.1787037037037037
155 0.8200520833333333 0.42268518518518516 0.10677083333333333 0.0787037037037037
57 0.8231770833333333 0.31157407407407406 0.10052083333333334 0.1787037037037037
155 0.8200520833333333 0.42268518518518516 0.10677083333333333 0.0787037037037037
57 0.8231770833333333 0.31157407407407406 0.10052083333333334 0.1787037037037037
155 0.8200520833333333 0.42268518518518516 0.10677083333333333 0.0787037037037037
57 0.8231770833333333 0.31157407407407406 0.10052083333333334 0.1787037037037037
155 0.8200520833333333 0.42268518518518516 0.10677083333333333 0.0787037037037037
57 0.8231770833333333 0.31157407407407406 0.10052083333333334 0.1787037037037037
155 0.8200520833333333 0.42268518518518516 0.10677083333333333 0.0787037037037037
