30 0.83984375 0.4287037037037037 0.027604166666666666 0.16666666666666666
26 0.8390625 0.25277777777777777 0.10833333333333334 0.18518518518518517
30 0.83984375 0.4287037037037037 0.027604166666666666 0.16666666666666666
26 0.8390625 0.25277777777777777 0.10833333333333334 0.18518518518518517
30 0.83984375 0.4287037037037037 0.027604166666666666 0.16666666666666666
26 0.8390625 0.25277777777777777 0.10833333333333334 0.18518518518518517
30 0.83984375 0.4287037037037037 0.027604166666666666 0.16666666666666666
26 0.8390625 0.25277777777777777 0.10833333333333334 0.18518518518518517
30 0.83984375 0.4287037037037037 0.027604166666666666 0.16666666666666666
26 0.8390625 0.25277777777777777 0.10833333333333334 0.18518518518518517
30 0.83984375 0.4287037037037037 0.027604166666666666 0.16666666666666666
26 0.8390625 0.25277777777777777 0.10833333333333334 0.18518518518518517
