109 0.74921875 0.15324074074074073 0.1265625 0.25833333333333336
173 0.7473958333333334 0.30185185185185187 0.12291666666666666 0.05925925925925926
0 0.4752604166666667 0.29398148148148145 0.016145833333333335 0.026851851851851852
109 0.74921875 0.15324074074074073 0.1265625 0.25833333333333336
173 0.7473958333333334 0.30185185185185187 0.12291666666666666 0.05925925925925926
0 0.4752604166666667 0.29398148148148145 0.016145833333333335 0.026851851851851852
109 0.74921875 0.15324074074074073 0.1265625 0.25833333333333336
173 0.7473958333333334 0.30185185185185187 0.12291666666666666 0.05925925925925926
0 0.4752604166666667 0.29398148148148145 0.016145833333333335 0.026851851851851852
109 0.74921875 0.15324074074074073 0.1265625 0.25833333333333336
173 0.7473958333333334 0.30185185185185187 0.12291666666666666 0.05925925925925926
0 0.4752604166666667 0.29398148148148145 0.016145833333333335 0.026851851851851852
109 0.74921875 0.15324074074074073 0.1265625 0.25833333333333336
173 0.7473958333333334 0.30185185185185187 0.12291666666666666 0.05925925925925926
0 0.4752604166666667 0.29398148148148145 0.016145833333333335 0.026851851851851852
109 0.74921875 0.15324074074074073 0.1265625 0.25833333333333336
173 0.7473958333333334 0.30185185185185187 0.12291666666666666 0.05925925925925926
0 0.4752604166666667 0.29398148148148145 0.016145833333333335 0.026851851851851852
