113 0.8083333333333333 0.3712962962962963 0.06666666666666667 0.1259259259259259
53 0.54453125 0.29259259259259257 0.0171875 0.02962962962962963
113 0.8083333333333333 0.3712962962962963 0.06666666666666667 0.1259259259259259
53 0.54453125 0.29259259259259257 0.0171875 0.02962962962962963
113 0.8083333333333333 0.3712962962962963 0.06666666666666667 0.1259259259259259
53 0.54453125 0.29259259259259257 0.0171875 0.02962962962962963
113 0.8083333333333333 0.3712962962962963 0.06666666666666667 0.1259259259259259
53 0.54453125 0.29259259259259257 0.0171875 0.02962962962962963
113 0.8083333333333333 0.3712962962962963 0.06666666666666667 0.1259259259259259
53 0.54453125 0.29259259259259257 0.0171875 0.02962962962962963
113 0.8083333333333333 0.3712962962962963 0.06666666666666667 0.1259259259259259
53 0.54453125 0.29259259259259257 0.0171875 0.02962962962962963
