11 0.6815104166666667 0.462037037037037 0.12239583333333333 0.21851851851851853
53 0.6768229166666667 0.6337962962962963 0.08385416666666666 0.1527777777777778
11 0.6815104166666667 0.462037037037037 0.12239583333333333 0.21851851851851853
53 0.6768229166666667 0.6337962962962963 0.08385416666666666 0.1527777777777778
11 0.6815104166666667 0.462037037037037 0.12239583333333333 0.21851851851851853
53 0.6768229166666667 0.6337962962962963 0.08385416666666666 0.1527777777777778
11 0.6815104166666667 0.462037037037037 0.12239583333333333 0.21851851851851853
53 0.6768229166666667 0.6337962962962963 0.08385416666666666 0.1527777777777778
11 0.6815104166666667 0.462037037037037 0.12239583333333333 0.21851851851851853
53 0.6768229166666667 0.6337962962962963 0.08385416666666666 0.1527777777777778
11 0.6815104166666667 0.462037037037037 0.12239583333333333 0.21851851851851853
53 0.6768229166666667 0.6337962962962963 0.08385416666666666 0.1527777777777778
