129 0.73125 0.32083333333333336 0.07395833333333333 0.13240740740740742
179 0.7278645833333334 0.4152777777777778 0.07135416666666666 0.0712962962962963
146 0.51484375 0.30416666666666664 0.033854166666666664 0.05462962962962963
129 0.73125 0.32083333333333336 0.07395833333333333 0.13240740740740742
179 0.7278645833333334 0.4152777777777778 0.07135416666666666 0.0712962962962963
146 0.51484375 0.30416666666666664 0.033854166666666664 0.05462962962962963
129 0.73125 0.32083333333333336 0.07395833333333333 0.13240740740740742
179 0.7278645833333334 0.4152777777777778 0.07135416666666666 0.0712962962962963
146 0.51484375 0.30416666666666664 0.033854166666666664 0.05462962962962963
129 0.73125 0.32083333333333336 0.07395833333333333 0.13240740740740742
179 0.7278645833333334 0.4152777777777778 0.07135416666666666 0.0712962962962963
146 0.51484375 0.30416666666666664 0.033854166666666664 0.05462962962962963
129 0.73125 0.32083333333333336 0.07395833333333333 0.13240740740740742
179 0.7278645833333334 0.4152777777777778 0.07135416666666666 0.0712962962962963
146 0.51484375 0.30416666666666664 0.033854166666666664 0.05462962962962963
129 0.73125 0.32083333333333336 0.07395833333333333 0.13240740740740742
179 0.7278645833333334 0.4152777777777778 0.07135416666666666 0.0712962962962963
146 0.51484375 0.30416666666666664 0.033854166666666664 0.05462962962962963
