175 0.7875 0.35138888888888886 0.084375 0.0824074074074074
128 0.7895833333333333 0.2361111111111111 0.08541666666666667 0.15555555555555556
175 0.7875 0.35138888888888886 0.084375 0.0824074074074074
128 0.7895833333333333 0.2361111111111111 0.08541666666666667 0.15555555555555556
175 0.7875 0.35138888888888886 0.084375 0.0824074074074074
128 0.7895833333333333 0.2361111111111111 0.08541666666666667 0.15555555555555556
175 0.7875 0.35138888888888886 0.084375 0.0824074074074074
128 0.7895833333333333 0.2361111111111111 0.08541666666666667 0.15555555555555556
175 0.7875 0.35138888888888886 0.084375 0.0824074074074074
128 0.7895833333333333 0.2361111111111111 0.08541666666666667 0.15555555555555556
175 0.7875 0.35138888888888886 0.084375 0.0824074074074074
128 0.7895833333333333 0.2361111111111111 0.08541666666666667 0.15555555555555556
