139 0.7911458333333333 0.36666666666666664 0.078125 0.20925925925925926
179 0.78671875 0.49027777777777776 0.0734375 0.05462962962962963
139 0.7911458333333333 0.36666666666666664 0.078125 0.20925925925925926
179 0.78671875 0.49027777777777776 0.0734375 0.05462962962962963
139 0.7911458333333333 0.36666666666666664 0.078125 0.20925925925925926
179 0.78671875 0.49027777777777776 0.0734375 0.05462962962962963
139 0.7911458333333333 0.36666666666666664 0.078125 0.20925925925925926
179 0.78671875 0.49027777777777776 0.0734375 0.05462962962962963
139 0.7911458333333333 0.36666666666666664 0.078125 0.20925925925925926
179 0.78671875 0.49027777777777776 0.0734375 0.05462962962962963
139 0.7911458333333333 0.36666666666666664 0.078125 0.20925925925925926
179 0.78671875 0.49027777777777776 0.0734375 0.05462962962962963
