137 0.81484375 0.38472222222222224 0.06302083333333333 0.1398148148148148
86 0.19505208333333332 0.3625 0.027604166666666666 0.05092592592592592
137 0.81484375 0.38472222222222224 0.06302083333333333 0.1398148148148148
86 0.19505208333333332 0.3625 0.027604166666666666 0.05092592592592592
137 0.81484375 0.38472222222222224 0.06302083333333333 0.1398148148148148
86 0.19505208333333332 0.3625 0.027604166666666666 0.05092592592592592
137 0.81484375 0.38472222222222224 0.06302083333333333 0.1398148148148148
86 0.19505208333333332 0.3625 0.027604166666666666 0.05092592592592592
137 0.81484375 0.38472222222222224 0.06302083333333333 0.1398148148148148
86 0.19505208333333332 0.3625 0.027604166666666666 0.05092592592592592
