178 0.284375 0.2037037037037037 0.051041666666666666 0.02962962962962963
180 0.7776041666666667 0.3625 0.035416666666666666 0.030555555555555555
123 0.7794270833333333 0.32916666666666666 0.024479166666666666 0.04351851851851852
180 0.2838541666666667 0.1685185185185185 0.05 0.053703703703703705
123 0.2830729166666667 0.09907407407407408 0.0515625 0.0962962962962963
178 0.284375 0.2037037037037037 0.051041666666666666 0.02962962962962963
180 0.7776041666666667 0.3625 0.035416666666666666 0.030555555555555555
123 0.7794270833333333 0.32916666666666666 0.024479166666666666 0.04351851851851852
180 0.2838541666666667 0.1685185185185185 0.05 0.053703703703703705
123 0.2830729166666667 0.09907407407407408 0.0515625 0.0962962962962963
178 0.284375 0.2037037037037037 0.051041666666666666 0.02962962962962963
180 0.7776041666666667 0.3625 0.035416666666666666 0.030555555555555555
123 0.7794270833333333 0.32916666666666666 0.024479166666666666 0.04351851851851852
180 0.2838541666666667 0.1685185185185185 0.05 0.053703703703703705
123 0.2830729166666667 0.09907407407407408 0.0515625 0.0962962962962963
178 0.284375 0.2037037037037037 0.051041666666666666 0.02962962962962963
180 0.7776041666666667 0.3625 0.035416666666666666 0.030555555555555555
123 0.7794270833333333 0.32916666666666666 0.024479166666666666 0.04351851851851852
180 0.2838541666666667 0.1685185185185185 0.05 0.053703703703703705
123 0.2830729166666667 0.09907407407407408 0.0515625 0.0962962962962963
178 0.284375 0.2037037037037037 0.051041666666666666 0.02962962962962963
180 0.7776041666666667 0.3625 0.035416666666666666 0.030555555555555555
123 0.7794270833333333 0.32916666666666666 0.024479166666666666 0.04351851851851852
180 0.2838541666666667 0.1685185185185185 0.05 0.053703703703703705
123 0.2830729166666667 0.09907407407407408 0.0515625 0.0962962962962963
178 0.284375 0.2037037037037037 0.051041666666666666 0.02962962962962963
180 0.7776041666666667 0.3625 0.035416666666666666 0.030555555555555555
123 0.7794270833333333 0.32916666666666666 0.024479166666666666 0.04351851851851852
180 0.2838541666666667 0.1685185185185185 0.05 0.053703703703703705
123 0.2830729166666667 0.09907407407407408 0.0515625 0.0962962962962963
