71 0.79140625 0.387037037037037 0.1015625 0.20925925925925926
74 0.340625 0.3074074074074074 0.026041666666666668 0.046296296296296294
186 0.34296875 0.3592592592592593 0.018229166666666668 0.05925925925925926
147 0.5221354166666666 0.2898148148148148 0.0234375 0.02962962962962963
150 0.7911458333333333 0.2587962962962963 0.059375 0.07314814814814814
71 0.79140625 0.387037037037037 0.1015625 0.20925925925925926
74 0.340625 0.3074074074074074 0.026041666666666668 0.046296296296296294
186 0.34296875 0.3592592592592593 0.018229166666666668 0.05925925925925926
147 0.5221354166666666 0.2898148148148148 0.0234375 0.02962962962962963
150 0.7911458333333333 0.2587962962962963 0.059375 0.07314814814814814
