139 0.8591145833333333 0.2712962962962963 0.0671875 0.17777777777777778
48 0.5984375 0.28703703703703703 0.01875 0.03333333333333333
179 0.5986979166666667 0.32314814814814813 0.0203125 0.03518518518518519
139 0.8591145833333333 0.2712962962962963 0.0671875 0.17777777777777778
48 0.5984375 0.28703703703703703 0.01875 0.03333333333333333
179 0.5986979166666667 0.32314814814814813 0.0203125 0.03518518518518519
139 0.8591145833333333 0.2712962962962963 0.0671875 0.17777777777777778
48 0.5984375 0.28703703703703703 0.01875 0.03333333333333333
179 0.5986979166666667 0.32314814814814813 0.0203125 0.03518518518518519
139 0.8591145833333333 0.2712962962962963 0.0671875 0.17777777777777778
48 0.5984375 0.28703703703703703 0.01875 0.03333333333333333
179 0.5986979166666667 0.32314814814814813 0.0203125 0.03518518518518519
139 0.8591145833333333 0.2712962962962963 0.0671875 0.17777777777777778
48 0.5984375 0.28703703703703703 0.01875 0.03333333333333333
179 0.5986979166666667 0.32314814814814813 0.0203125 0.03518518518518519
139 0.8591145833333333 0.2712962962962963 0.0671875 0.17777777777777778
48 0.5984375 0.28703703703703703 0.01875 0.03333333333333333
179 0.5986979166666667 0.32314814814814813 0.0203125 0.03518518518518519
