72 0.7981770833333334 0.34814814814814815 0.1109375 0.20925925925925926
119 0.80703125 0.13287037037037036 0.14010416666666667 0.24537037037037038
72 0.7981770833333334 0.34814814814814815 0.1109375 0.20925925925925926
119 0.80703125 0.13287037037037036 0.14010416666666667 0.24537037037037038
72 0.7981770833333334 0.34814814814814815 0.1109375 0.20925925925925926
119 0.80703125 0.13287037037037036 0.14010416666666667 0.24537037037037038
72 0.7981770833333334 0.34814814814814815 0.1109375 0.20925925925925926
119 0.80703125 0.13287037037037036 0.14010416666666667 0.24537037037037038
72 0.7981770833333334 0.34814814814814815 0.1109375 0.20925925925925926
119 0.80703125 0.13287037037037036 0.14010416666666667 0.24537037037037038
72 0.7981770833333334 0.34814814814814815 0.1109375 0.20925925925925926
119 0.80703125 0.13287037037037036 0.14010416666666667 0.24537037037037038
