88 0.8359375 0.5268518518518519 0.05416666666666667 0.09444444444444444
196 0.6380208333333334 0.24583333333333332 0.04895833333333333 0.08055555555555556
88 0.4921875 0.325 0.015625 0.027777777777777776
88 0.8359375 0.5268518518518519 0.05416666666666667 0.09444444444444444
196 0.6380208333333334 0.24583333333333332 0.04895833333333333 0.08055555555555556
88 0.4921875 0.325 0.015625 0.027777777777777776
88 0.8359375 0.5268518518518519 0.05416666666666667 0.09444444444444444
196 0.6380208333333334 0.24583333333333332 0.04895833333333333 0.08055555555555556
88 0.4921875 0.325 0.015625 0.027777777777777776
88 0.8359375 0.5268518518518519 0.05416666666666667 0.09444444444444444
196 0.6380208333333334 0.24583333333333332 0.04895833333333333 0.08055555555555556
88 0.4921875 0.325 0.015625 0.027777777777777776
88 0.8359375 0.5268518518518519 0.05416666666666667 0.09444444444444444
196 0.6380208333333334 0.24583333333333332 0.04895833333333333 0.08055555555555556
88 0.4921875 0.325 0.015625 0.027777777777777776
88 0.8359375 0.5268518518518519 0.05416666666666667 0.09444444444444444
196 0.6380208333333334 0.24583333333333332 0.04895833333333333 0.08055555555555556
88 0.4921875 0.325 0.015625 0.027777777777777776
