159 0.784375 0.44537037037037036 0.08958333333333333 0.08518518518518518
3 0.7859375 0.29768518518518516 0.13229166666666667 0.225
159 0.784375 0.44537037037037036 0.08958333333333333 0.08518518518518518
3 0.7859375 0.29768518518518516 0.13229166666666667 0.225
159 0.784375 0.44537037037037036 0.08958333333333333 0.08518518518518518
3 0.7859375 0.29768518518518516 0.13229166666666667 0.225
159 0.784375 0.44537037037037036 0.08958333333333333 0.08518518518518518
3 0.7859375 0.29768518518518516 0.13229166666666667 0.225
159 0.784375 0.44537037037037036 0.08958333333333333 0.08518518518518518
3 0.7859375 0.29768518518518516 0.13229166666666667 0.225
159 0.784375 0.44537037037037036 0.08958333333333333 0.08518518518518518
3 0.7859375 0.29768518518518516 0.13229166666666667 0.225
