24 0.7877604166666666 0.33055555555555555 0.1328125 0.22407407407407406
173 0.78828125 0.47129629629629627 0.0890625 0.07592592592592592
24 0.7877604166666666 0.33055555555555555 0.1328125 0.22407407407407406
173 0.78828125 0.47129629629629627 0.0890625 0.07592592592592592
24 0.7877604166666666 0.33055555555555555 0.1328125 0.22407407407407406
173 0.78828125 0.47129629629629627 0.0890625 0.07592592592592592
24 0.7877604166666666 0.33055555555555555 0.1328125 0.22407407407407406
173 0.78828125 0.47129629629629627 0.0890625 0.07592592592592592
24 0.7877604166666666 0.33055555555555555 0.1328125 0.22407407407407406
173 0.78828125 0.47129629629629627 0.0890625 0.07592592592592592
24 0.7877604166666666 0.33055555555555555 0.1328125 0.22407407407407406
173 0.78828125 0.47129629629629627 0.0890625 0.07592592592592592
