105 0.796875 0.3296296296296296 0.06666666666666667 0.13333333333333333
83 0.5380208333333333 0.37175925925925923 0.017708333333333333 0.026851851851851852
105 0.796875 0.3296296296296296 0.06666666666666667 0.13333333333333333
83 0.5380208333333333 0.37175925925925923 0.017708333333333333 0.026851851851851852
105 0.796875 0.3296296296296296 0.06666666666666667 0.13333333333333333
83 0.5380208333333333 0.37175925925925923 0.017708333333333333 0.026851851851851852
105 0.796875 0.3296296296296296 0.06666666666666667 0.13333333333333333
83 0.5380208333333333 0.37175925925925923 0.017708333333333333 0.026851851851851852
105 0.796875 0.3296296296296296 0.06666666666666667 0.13333333333333333
83 0.5380208333333333 0.37175925925925923 0.017708333333333333 0.026851851851851852
105 0.796875 0.3296296296296296 0.06666666666666667 0.13333333333333333
83 0.5380208333333333 0.37175925925925923 0.017708333333333333 0.026851851851851852
