19 0.7645833333333333 0.19444444444444445 0.13854166666666667 0.22407407407407406
12 0.7536458333333333 0.39444444444444443 0.13541666666666666 0.2222222222222222
19 0.7645833333333333 0.19444444444444445 0.13854166666666667 0.22407407407407406
12 0.7536458333333333 0.39444444444444443 0.13541666666666666 0.2222222222222222
19 0.7645833333333333 0.19444444444444445 0.13854166666666667 0.22407407407407406
12 0.7536458333333333 0.39444444444444443 0.13541666666666666 0.2222222222222222
19 0.7645833333333333 0.19444444444444445 0.13854166666666667 0.22407407407407406
12 0.7536458333333333 0.39444444444444443 0.13541666666666666 0.2222222222222222
19 0.7645833333333333 0.19444444444444445 0.13854166666666667 0.22407407407407406
12 0.7536458333333333 0.39444444444444443 0.13541666666666666 0.2222222222222222
19 0.7645833333333333 0.19444444444444445 0.13854166666666667 0.22407407407407406
12 0.7536458333333333 0.39444444444444443 0.13541666666666666 0.2222222222222222
