164 0.7966145833333333 0.4009259259259259 0.05572916666666667 0.10925925925925926
119 0.7947916666666667 0.25925925925925924 0.09895833333333333 0.18703703703703703
164 0.7966145833333333 0.4009259259259259 0.05572916666666667 0.10925925925925926
119 0.7947916666666667 0.25925925925925924 0.09895833333333333 0.18703703703703703
164 0.7966145833333333 0.4009259259259259 0.05572916666666667 0.10925925925925926
119 0.7947916666666667 0.25925925925925924 0.09895833333333333 0.18703703703703703
164 0.7966145833333333 0.4009259259259259 0.05572916666666667 0.10925925925925926
119 0.7947916666666667 0.25925925925925924 0.09895833333333333 0.18703703703703703
164 0.7966145833333333 0.4009259259259259 0.05572916666666667 0.10925925925925926
119 0.7947916666666667 0.25925925925925924 0.09895833333333333 0.18703703703703703
164 0.7966145833333333 0.4009259259259259 0.05572916666666667 0.10925925925925926
119 0.7947916666666667 0.25925925925925924 0.09895833333333333 0.18703703703703703
