165 0.8638020833333333 0.29814814814814816 0.0265625 0.07037037037037037
43 0.8627604166666667 0.2273148148148148 0.0203125 0.0712962962962963
15 0.5921875 0.2824074074074074 0.0375 0.06481481481481481
46 0.6395833333333333 0.2962962962962963 0.017708333333333333 0.03333333333333333
165 0.8638020833333333 0.29814814814814816 0.0265625 0.07037037037037037
43 0.8627604166666667 0.2273148148148148 0.0203125 0.0712962962962963
15 0.5921875 0.2824074074074074 0.0375 0.06481481481481481
46 0.6395833333333333 0.2962962962962963 0.017708333333333333 0.03333333333333333
165 0.8638020833333333 0.29814814814814816 0.0265625 0.07037037037037037
43 0.8627604166666667 0.2273148148148148 0.0203125 0.0712962962962963
15 0.5921875 0.2824074074074074 0.0375 0.06481481481481481
46 0.6395833333333333 0.2962962962962963 0.017708333333333333 0.03333333333333333
165 0.8638020833333333 0.29814814814814816 0.0265625 0.07037037037037037
43 0.8627604166666667 0.2273148148148148 0.0203125 0.0712962962962963
15 0.5921875 0.2824074074074074 0.0375 0.06481481481481481
46 0.6395833333333333 0.2962962962962963 0.017708333333333333 0.03333333333333333
165 0.8638020833333333 0.29814814814814816 0.0265625 0.07037037037037037
43 0.8627604166666667 0.2273148148148148 0.0203125 0.0712962962962963
15 0.5921875 0.2824074074074074 0.0375 0.06481481481481481
46 0.6395833333333333 0.2962962962962963 0.017708333333333333 0.03333333333333333
165 0.8638020833333333 0.29814814814814816 0.0265625 0.07037037037037037
43 0.8627604166666667 0.2273148148148148 0.0203125 0.0712962962962963
15 0.5921875 0.2824074074074074 0.0375 0.06481481481481481
46 0.6395833333333333 0.2962962962962963 0.017708333333333333 0.03333333333333333
