169 0.8380208333333333 0.4666666666666667 0.04479166666666667 0.10555555555555556
119 0.15104166666666666 0.28379629629629627 0.03958333333333333 0.0712962962962963
37 0.8494791666666667 0.3449074074074074 0.05520833333333333 0.14166666666666666
169 0.8380208333333333 0.4666666666666667 0.04479166666666667 0.10555555555555556
119 0.15104166666666666 0.28379629629629627 0.03958333333333333 0.0712962962962963
37 0.8494791666666667 0.3449074074074074 0.05520833333333333 0.14166666666666666
169 0.8380208333333333 0.4666666666666667 0.04479166666666667 0.10555555555555556
119 0.15104166666666666 0.28379629629629627 0.03958333333333333 0.0712962962962963
37 0.8494791666666667 0.3449074074074074 0.05520833333333333 0.14166666666666666
169 0.8380208333333333 0.4666666666666667 0.04479166666666667 0.10555555555555556
119 0.15104166666666666 0.28379629629629627 0.03958333333333333 0.0712962962962963
37 0.8494791666666667 0.3449074074074074 0.05520833333333333 0.14166666666666666
169 0.8380208333333333 0.4666666666666667 0.04479166666666667 0.10555555555555556
119 0.15104166666666666 0.28379629629629627 0.03958333333333333 0.0712962962962963
37 0.8494791666666667 0.3449074074074074 0.05520833333333333 0.14166666666666666
169 0.8380208333333333 0.4666666666666667 0.04479166666666667 0.10555555555555556
119 0.15104166666666666 0.28379629629629627 0.03958333333333333 0.0712962962962963
37 0.8494791666666667 0.3449074074074074 0.05520833333333333 0.14166666666666666
