67 0.88046875 0.325 0.028645833333333332 0.05185185185185185
185 0.5802083333333333 0.48657407407407405 0.022916666666666665 0.12314814814814815
67 0.88046875 0.325 0.028645833333333332 0.05185185185185185
185 0.5802083333333333 0.48657407407407405 0.022916666666666665 0.12314814814814815
67 0.88046875 0.325 0.028645833333333332 0.05185185185185185
185 0.5802083333333333 0.48657407407407405 0.022916666666666665 0.12314814814814815
67 0.88046875 0.325 0.028645833333333332 0.05185185185185185
185 0.5802083333333333 0.48657407407407405 0.022916666666666665 0.12314814814814815
67 0.88046875 0.325 0.028645833333333332 0.05185185185185185
185 0.5802083333333333 0.48657407407407405 0.022916666666666665 0.12314814814814815
67 0.88046875 0.325 0.028645833333333332 0.05185185185185185
185 0.5802083333333333 0.48657407407407405 0.022916666666666665 0.12314814814814815
