71 0.8427083333333333 0.33611111111111114 0.075 0.13703703703703704
73 0.6234375 0.34305555555555556 0.020833333333333332 0.04722222222222222
43 0.6229166666666667 0.29953703703703705 0.021875 0.04722222222222222
62 0.815625 0.23703703703703705 0.0375 0.08518518518518518
119 0.84609375 0.19583333333333333 0.08489583333333334 0.15833333333333333
71 0.8427083333333333 0.33611111111111114 0.075 0.13703703703703704
73 0.6234375 0.34305555555555556 0.020833333333333332 0.04722222222222222
43 0.6229166666666667 0.29953703703703705 0.021875 0.04722222222222222
62 0.815625 0.23703703703703705 0.0375 0.08518518518518518
119 0.84609375 0.19583333333333333 0.08489583333333334 0.15833333333333333
71 0.8427083333333333 0.33611111111111114 0.075 0.13703703703703704
73 0.6234375 0.34305555555555556 0.020833333333333332 0.04722222222222222
43 0.6229166666666667 0.29953703703703705 0.021875 0.04722222222222222
62 0.815625 0.23703703703703705 0.0375 0.08518518518518518
119 0.84609375 0.19583333333333333 0.08489583333333334 0.15833333333333333
71 0.8427083333333333 0.33611111111111114 0.075 0.13703703703703704
73 0.6234375 0.34305555555555556 0.020833333333333332 0.04722222222222222
43 0.6229166666666667 0.29953703703703705 0.021875 0.04722222222222222
62 0.815625 0.23703703703703705 0.0375 0.08518518518518518
119 0.84609375 0.19583333333333333 0.08489583333333334 0.15833333333333333
71 0.8427083333333333 0.33611111111111114 0.075 0.13703703703703704
73 0.6234375 0.34305555555555556 0.020833333333333332 0.04722222222222222
43 0.6229166666666667 0.29953703703703705 0.021875 0.04722222222222222
62 0.815625 0.23703703703703705 0.0375 0.08518518518518518
119 0.84609375 0.19583333333333333 0.08489583333333334 0.15833333333333333
71 0.8427083333333333 0.33611111111111114 0.075 0.13703703703703704
73 0.6234375 0.34305555555555556 0.020833333333333332 0.04722222222222222
43 0.6229166666666667 0.29953703703703705 0.021875 0.04722222222222222
62 0.815625 0.23703703703703705 0.0375 0.08518518518518518
119 0.84609375 0.19583333333333333 0.08489583333333334 0.15833333333333333
