84 0.7828125 0.44027777777777777 0.017708333333333333 0.04351851851851852
144 0.50390625 0.2861111111111111 0.058854166666666666 0.0962962962962963
56 0.5161458333333333 0.31342592592592594 0.027083333333333334 0.049074074074074076
84 0.7828125 0.44027777777777777 0.017708333333333333 0.04351851851851852
144 0.50390625 0.2861111111111111 0.058854166666666666 0.0962962962962963
56 0.5161458333333333 0.31342592592592594 0.027083333333333334 0.049074074074074076
84 0.7828125 0.44027777777777777 0.017708333333333333 0.04351851851851852
144 0.50390625 0.2861111111111111 0.058854166666666666 0.0962962962962963
56 0.5161458333333333 0.31342592592592594 0.027083333333333334 0.049074074074074076
84 0.7828125 0.44027777777777777 0.017708333333333333 0.04351851851851852
144 0.50390625 0.2861111111111111 0.058854166666666666 0.0962962962962963
56 0.5161458333333333 0.31342592592592594 0.027083333333333334 0.049074074074074076
84 0.7828125 0.44027777777777777 0.017708333333333333 0.04351851851851852
144 0.50390625 0.2861111111111111 0.058854166666666666 0.0962962962962963
56 0.5161458333333333 0.31342592592592594 0.027083333333333334 0.049074074074074076
84 0.7828125 0.44027777777777777 0.017708333333333333 0.04351851851851852
144 0.50390625 0.2861111111111111 0.058854166666666666 0.0962962962962963
56 0.5161458333333333 0.31342592592592594 0.027083333333333334 0.049074074074074076
