24 0.76328125 0.21574074074074073 0.1359375 0.23333333333333334
173 0.7645833333333333 0.3638888888888889 0.09270833333333334 0.07222222222222222
24 0.76328125 0.21574074074074073 0.1359375 0.23333333333333334
173 0.7645833333333333 0.3638888888888889 0.09270833333333334 0.07222222222222222
24 0.76328125 0.21574074074074073 0.1359375 0.23333333333333334
173 0.7645833333333333 0.3638888888888889 0.09270833333333334 0.07222222222222222
24 0.76328125 0.21574074074074073 0.1359375 0.23333333333333334
173 0.7645833333333333 0.3638888888888889 0.09270833333333334 0.07222222222222222
24 0.76328125 0.21574074074074073 0.1359375 0.23333333333333334
173 0.7645833333333333 0.3638888888888889 0.09270833333333334 0.07222222222222222
24 0.76328125 0.21574074074074073 0.1359375 0.23333333333333334
173 0.7645833333333333 0.3638888888888889 0.09270833333333334 0.07222222222222222
