109 0.7630208333333334 0.23055555555555557 0.13541666666666666 0.26851851851851855
173 0.7588541666666667 0.3851851851851852 0.13020833333333334 0.06481481481481481
109 0.7630208333333334 0.23055555555555557 0.13541666666666666 0.26851851851851855
173 0.7588541666666667 0.3851851851851852 0.13020833333333334 0.06481481481481481
109 0.7630208333333334 0.23055555555555557 0.13541666666666666 0.26851851851851855
173 0.7588541666666667 0.3851851851851852 0.13020833333333334 0.06481481481481481
109 0.7630208333333334 0.23055555555555557 0.13541666666666666 0.26851851851851855
173 0.7588541666666667 0.3851851851851852 0.13020833333333334 0.06481481481481481
109 0.7630208333333334 0.23055555555555557 0.13541666666666666 0.26851851851851855
173 0.7588541666666667 0.3851851851851852 0.13020833333333334 0.06481481481481481
109 0.7630208333333334 0.23055555555555557 0.13541666666666666 0.26851851851851855
173 0.7588541666666667 0.3851851851851852 0.13020833333333334 0.06481481481481481
