97 0.81328125 0.3537037037037037 0.12135416666666667 0.1814814814814815
7 0.8049479166666667 0.5439814814814815 0.12552083333333333 0.22870370370370371
97 0.81328125 0.3537037037037037 0.12135416666666667 0.1814814814814815
7 0.8049479166666667 0.5439814814814815 0.12552083333333333 0.22870370370370371
97 0.81328125 0.3537037037037037 0.12135416666666667 0.1814814814814815
7 0.8049479166666667 0.5439814814814815 0.12552083333333333 0.22870370370370371
97 0.81328125 0.3537037037037037 0.12135416666666667 0.1814814814814815
7 0.8049479166666667 0.5439814814814815 0.12552083333333333 0.22870370370370371
97 0.81328125 0.3537037037037037 0.12135416666666667 0.1814814814814815
7 0.8049479166666667 0.5439814814814815 0.12552083333333333 0.22870370370370371
97 0.81328125 0.3537037037037037 0.12135416666666667 0.1814814814814815
7 0.8049479166666667 0.5439814814814815 0.12552083333333333 0.22870370370370371
