164 0.75546875 0.5166666666666667 0.1046875 0.18518518518518517
119 0.7622395833333333 0.30092592592592593 0.14427083333333332 0.26851851851851855
164 0.75546875 0.5166666666666667 0.1046875 0.18518518518518517
119 0.7622395833333333 0.30092592592592593 0.14427083333333332 0.26851851851851855
164 0.75546875 0.5166666666666667 0.1046875 0.18518518518518517
119 0.7622395833333333 0.30092592592592593 0.14427083333333332 0.26851851851851855
164 0.75546875 0.5166666666666667 0.1046875 0.18518518518518517
119 0.7622395833333333 0.30092592592592593 0.14427083333333332 0.26851851851851855
164 0.75546875 0.5166666666666667 0.1046875 0.18518518518518517
119 0.7622395833333333 0.30092592592592593 0.14427083333333332 0.26851851851851855
164 0.75546875 0.5166666666666667 0.1046875 0.18518518518518517
119 0.7622395833333333 0.30092592592592593 0.14427083333333332 0.26851851851851855
