84 0.9372395833333333 0.40555555555555556 0.016145833333333335 0.02962962962962963
62 0.07213541666666666 0.3087962962962963 0.0203125 0.03796296296296296
84 0.9372395833333333 0.40555555555555556 0.016145833333333335 0.02962962962962963
62 0.07213541666666666 0.3087962962962963 0.0203125 0.03796296296296296
84 0.9372395833333333 0.40555555555555556 0.016145833333333335 0.02962962962962963
62 0.07213541666666666 0.3087962962962963 0.0203125 0.03796296296296296
84 0.9372395833333333 0.40555555555555556 0.016145833333333335 0.02962962962962963
62 0.07213541666666666 0.3087962962962963 0.0203125 0.03796296296296296
84 0.9372395833333333 0.40555555555555556 0.016145833333333335 0.02962962962962963
62 0.07213541666666666 0.3087962962962963 0.0203125 0.03796296296296296
84 0.9372395833333333 0.40555555555555556 0.016145833333333335 0.02962962962962963
62 0.07213541666666666 0.3087962962962963 0.0203125 0.03796296296296296
