171 0.12161458333333333 0.3763888888888889 0.044270833333333336 0.049074074074074076
63 0.11666666666666667 0.31805555555555554 0.042708333333333334 0.08611111111111111
171 0.12161458333333333 0.3763888888888889 0.044270833333333336 0.049074074074074076
63 0.11666666666666667 0.31805555555555554 0.042708333333333334 0.08611111111111111
171 0.12161458333333333 0.3763888888888889 0.044270833333333336 0.049074074074074076
63 0.11666666666666667 0.31805555555555554 0.042708333333333334 0.08611111111111111
171 0.12161458333333333 0.3763888888888889 0.044270833333333336 0.049074074074074076
63 0.11666666666666667 0.31805555555555554 0.042708333333333334 0.08611111111111111
171 0.12161458333333333 0.3763888888888889 0.044270833333333336 0.049074074074074076
63 0.11666666666666667 0.31805555555555554 0.042708333333333334 0.08611111111111111
171 0.12161458333333333 0.3763888888888889 0.044270833333333336 0.049074074074074076
63 0.11666666666666667 0.31805555555555554 0.042708333333333334 0.08611111111111111
