169 0.7799479166666666 0.38935185185185184 0.10260416666666666 0.18611111111111112
37 0.7921875 0.20787037037037037 0.13541666666666666 0.22685185185185186
150 0.04479166666666667 0.29074074074074074 0.06145833333333333 0.0962962962962963
169 0.7799479166666666 0.38935185185185184 0.10260416666666666 0.18611111111111112
37 0.7921875 0.20787037037037037 0.13541666666666666 0.22685185185185186
150 0.04479166666666667 0.29074074074074074 0.06145833333333333 0.0962962962962963
169 0.7799479166666666 0.38935185185185184 0.10260416666666666 0.18611111111111112
37 0.7921875 0.20787037037037037 0.13541666666666666 0.22685185185185186
150 0.04479166666666667 0.29074074074074074 0.06145833333333333 0.0962962962962963
169 0.7799479166666666 0.38935185185185184 0.10260416666666666 0.18611111111111112
37 0.7921875 0.20787037037037037 0.13541666666666666 0.22685185185185186
150 0.04479166666666667 0.29074074074074074 0.06145833333333333 0.0962962962962963
169 0.7799479166666666 0.38935185185185184 0.10260416666666666 0.18611111111111112
37 0.7921875 0.20787037037037037 0.13541666666666666 0.22685185185185186
150 0.04479166666666667 0.29074074074074074 0.06145833333333333 0.0962962962962963
169 0.7799479166666666 0.38935185185185184 0.10260416666666666 0.18611111111111112
37 0.7921875 0.20787037037037037 0.13541666666666666 0.22685185185185186
150 0.04479166666666667 0.29074074074074074 0.06145833333333333 0.0962962962962963
