171 0.8729166666666667 0.3592592592592593 0.036458333333333336 0.03518518518518519
63 0.8755208333333333 0.3143518518518518 0.035416666666666666 0.06574074074074074
183 0.7036458333333333 0.462037037037037 0.026041666666666668 0.12777777777777777
113 0.58125 0.300462962962963 0.016666666666666666 0.032407407407407406
171 0.8729166666666667 0.3592592592592593 0.036458333333333336 0.03518518518518519
63 0.8755208333333333 0.3143518518518518 0.035416666666666666 0.06574074074074074
183 0.7036458333333333 0.462037037037037 0.026041666666666668 0.12777777777777777
113 0.58125 0.300462962962963 0.016666666666666666 0.032407407407407406
171 0.8729166666666667 0.3592592592592593 0.036458333333333336 0.03518518518518519
63 0.8755208333333333 0.3143518518518518 0.035416666666666666 0.06574074074074074
183 0.7036458333333333 0.462037037037037 0.026041666666666668 0.12777777777777777
113 0.58125 0.300462962962963 0.016666666666666666 0.032407407407407406
171 0.8729166666666667 0.3592592592592593 0.036458333333333336 0.03518518518518519
63 0.8755208333333333 0.3143518518518518 0.035416666666666666 0.06574074074074074
183 0.7036458333333333 0.462037037037037 0.026041666666666668 0.12777777777777777
113 0.58125 0.300462962962963 0.016666666666666666 0.032407407407407406
171 0.8729166666666667 0.3592592592592593 0.036458333333333336 0.03518518518518519
63 0.8755208333333333 0.3143518518518518 0.035416666666666666 0.06574074074074074
183 0.7036458333333333 0.462037037037037 0.026041666666666668 0.12777777777777777
113 0.58125 0.300462962962963 0.016666666666666666 0.032407407407407406
171 0.8729166666666667 0.3592592592592593 0.036458333333333336 0.03518518518518519
63 0.8755208333333333 0.3143518518518518 0.035416666666666666 0.06574074074074074
183 0.7036458333333333 0.462037037037037 0.026041666666666668 0.12777777777777777
113 0.58125 0.300462962962963 0.016666666666666666 0.032407407407407406
