57 0.14479166666666668 0.2833333333333333 0.05520833333333333 0.1037037037037037
155 0.14505208333333333 0.3472222222222222 0.050520833333333334 0.037037037037037035
49 0.146875 0.18703703703703703 0.05416666666666667 0.09814814814814815
196 0.2234375 0.23055555555555557 0.046875 0.07592592592592592
49 0.9244791666666666 0.24305555555555555 0.071875 0.14351851851851852
57 0.9177083333333333 0.3824074074074074 0.07604166666666666 0.1425925925925926
155 0.91328125 0.47685185185185186 0.07760416666666667 0.05555555555555555
57 0.14479166666666668 0.2833333333333333 0.05520833333333333 0.1037037037037037
155 0.14505208333333333 0.3472222222222222 0.050520833333333334 0.037037037037037035
49 0.146875 0.18703703703703703 0.05416666666666667 0.09814814814814815
196 0.2234375 0.23055555555555557 0.046875 0.07592592592592592
49 0.9244791666666666 0.24305555555555555 0.071875 0.14351851851851852
57 0.9177083333333333 0.3824074074074074 0.07604166666666666 0.1425925925925926
155 0.91328125 0.47685185185185186 0.07760416666666667 0.05555555555555555
57 0.14479166666666668 0.2833333333333333 0.05520833333333333 0.1037037037037037
155 0.14505208333333333 0.3472222222222222 0.050520833333333334 0.037037037037037035
49 0.146875 0.18703703703703703 0.05416666666666667 0.09814814814814815
196 0.2234375 0.23055555555555557 0.046875 0.07592592592592592
49 0.9244791666666666 0.24305555555555555 0.071875 0.14351851851851852
57 0.9177083333333333 0.3824074074074074 0.07604166666666666 0.1425925925925926
155 0.91328125 0.47685185185185186 0.07760416666666667 0.05555555555555555
57 0.14479166666666668 0.2833333333333333 0.05520833333333333 0.1037037037037037
155 0.14505208333333333 0.3472222222222222 0.050520833333333334 0.037037037037037035
49 0.146875 0.18703703703703703 0.05416666666666667 0.09814814814814815
196 0.2234375 0.23055555555555557 0.046875 0.07592592592592592
49 0.9244791666666666 0.24305555555555555 0.071875 0.14351851851851852
57 0.9177083333333333 0.3824074074074074 0.07604166666666666 0.1425925925925926
155 0.91328125 0.47685185185185186 0.07760416666666667 0.05555555555555555
57 0.14479166666666668 0.2833333333333333 0.05520833333333333 0.1037037037037037
155 0.14505208333333333 0.3472222222222222 0.050520833333333334 0.037037037037037035
49 0.146875 0.18703703703703703 0.05416666666666667 0.09814814814814815
196 0.2234375 0.23055555555555557 0.046875 0.07592592592592592
49 0.9244791666666666 0.24305555555555555 0.071875 0.14351851851851852
57 0.9177083333333333 0.3824074074074074 0.07604166666666666 0.1425925925925926
155 0.91328125 0.47685185185185186 0.07760416666666667 0.05555555555555555
57 0.14479166666666668 0.2833333333333333 0.05520833333333333 0.1037037037037037
155 0.14505208333333333 0.3472222222222222 0.050520833333333334 0.037037037037037035
49 0.146875 0.18703703703703703 0.05416666666666667 0.09814814814814815
196 0.2234375 0.23055555555555557 0.046875 0.07592592592592592
49 0.9244791666666666 0.24305555555555555 0.071875 0.14351851851851852
57 0.9177083333333333 0.3824074074074074 0.07604166666666666 0.1425925925925926
155 0.91328125 0.47685185185185186 0.07760416666666667 0.05555555555555555
