132 0.803125 0.18564814814814815 0.08125 0.14722222222222223
136 0.7981770833333334 0.324537037037037 0.0828125 0.14722222222222223
132 0.803125 0.18564814814814815 0.08125 0.14722222222222223
136 0.7981770833333334 0.324537037037037 0.0828125 0.14722222222222223
132 0.803125 0.18564814814814815 0.08125 0.14722222222222223
136 0.7981770833333334 0.324537037037037 0.0828125 0.14722222222222223
132 0.803125 0.18564814814814815 0.08125 0.14722222222222223
136 0.7981770833333334 0.324537037037037 0.0828125 0.14722222222222223
132 0.803125 0.18564814814814815 0.08125 0.14722222222222223
136 0.7981770833333334 0.324537037037037 0.0828125 0.14722222222222223
132 0.803125 0.18564814814814815 0.08125 0.14722222222222223
136 0.7981770833333334 0.324537037037037 0.0828125 0.14722222222222223
