170 0.7828125 0.45046296296296295 0.09479166666666666 0.10648148148148148
15 0.7859375 0.2967592592592593 0.13541666666666666 0.22685185185185186
170 0.7828125 0.45046296296296295 0.09479166666666666 0.10648148148148148
15 0.7859375 0.2967592592592593 0.13541666666666666 0.22685185185185186
170 0.7828125 0.45046296296296295 0.09479166666666666 0.10648148148148148
15 0.7859375 0.2967592592592593 0.13541666666666666 0.22685185185185186
170 0.7828125 0.45046296296296295 0.09479166666666666 0.10648148148148148
15 0.7859375 0.2967592592592593 0.13541666666666666 0.22685185185185186
170 0.7828125 0.45046296296296295 0.09479166666666666 0.10648148148148148
15 0.7859375 0.2967592592592593 0.13541666666666666 0.22685185185185186
170 0.7828125 0.45046296296296295 0.09479166666666666 0.10648148148148148
15 0.7859375 0.2967592592592593 0.13541666666666666 0.22685185185185186
