88 0.8169270833333333 0.46064814814814814 0.0546875 0.09907407407407408
196 0.46197916666666666 0.25277777777777777 0.01875 0.03333333333333333
88 0.8169270833333333 0.46064814814814814 0.0546875 0.09907407407407408
196 0.46197916666666666 0.25277777777777777 0.01875 0.03333333333333333
88 0.8169270833333333 0.46064814814814814 0.0546875 0.09907407407407408
196 0.46197916666666666 0.25277777777777777 0.01875 0.03333333333333333
88 0.8169270833333333 0.46064814814814814 0.0546875 0.09907407407407408
196 0.46197916666666666 0.25277777777777777 0.01875 0.03333333333333333
88 0.8169270833333333 0.46064814814814814 0.0546875 0.09907407407407408
196 0.46197916666666666 0.25277777777777777 0.01875 0.03333333333333333
88 0.8169270833333333 0.46064814814814814 0.0546875 0.09907407407407408
196 0.46197916666666666 0.25277777777777777 0.01875 0.03333333333333333
