98 0.7716145833333333 0.2574074074074074 0.06927083333333334 0.2351851851851852
87 0.13776041666666666 0.3800925925925926 0.0265625 0.04722222222222222
173 0.7697916666666667 0.40694444444444444 0.0875 0.0712962962962963
98 0.7716145833333333 0.2574074074074074 0.06927083333333334 0.2351851851851852
87 0.13776041666666666 0.3800925925925926 0.0265625 0.04722222222222222
173 0.7697916666666667 0.40694444444444444 0.0875 0.0712962962962963
98 0.7716145833333333 0.2574074074074074 0.06927083333333334 0.2351851851851852
87 0.13776041666666666 0.3800925925925926 0.0265625 0.04722222222222222
173 0.7697916666666667 0.40694444444444444 0.0875 0.0712962962962963
98 0.7716145833333333 0.2574074074074074 0.06927083333333334 0.2351851851851852
87 0.13776041666666666 0.3800925925925926 0.0265625 0.04722222222222222
173 0.7697916666666667 0.40694444444444444 0.0875 0.0712962962962963
98 0.7716145833333333 0.2574074074074074 0.06927083333333334 0.2351851851851852
87 0.13776041666666666 0.3800925925925926 0.0265625 0.04722222222222222
173 0.7697916666666667 0.40694444444444444 0.0875 0.0712962962962963
98 0.7716145833333333 0.2574074074074074 0.06927083333333334 0.2351851851851852
87 0.13776041666666666 0.3800925925925926 0.0265625 0.04722222222222222
173 0.7697916666666667 0.40694444444444444 0.0875 0.0712962962962963
