111 0.8049479166666667 0.22407407407407406 0.14739583333333334 0.3888888888888889
173 0.80078125 0.38564814814814813 0.13802083333333334 0.06388888888888888
111 0.8049479166666667 0.22407407407407406 0.14739583333333334 0.3888888888888889
173 0.80078125 0.38564814814814813 0.13802083333333334 0.06388888888888888
111 0.8049479166666667 0.22407407407407406 0.14739583333333334 0.3888888888888889
173 0.80078125 0.38564814814814813 0.13802083333333334 0.06388888888888888
111 0.8049479166666667 0.22407407407407406 0.14739583333333334 0.3888888888888889
173 0.80078125 0.38564814814814813 0.13802083333333334 0.06388888888888888
111 0.8049479166666667 0.22407407407407406 0.14739583333333334 0.3888888888888889
173 0.80078125 0.38564814814814813 0.13802083333333334 0.06388888888888888
111 0.8049479166666667 0.22407407407407406 0.14739583333333334 0.3888888888888889
173 0.80078125 0.38564814814814813 0.13802083333333334 0.06388888888888888
