36 0.8072916666666666 0.41805555555555557 0.10104166666666667 0.16944444444444445
173 0.8072916666666666 0.5296296296296297 0.065625 0.053703703703703705
4 0.5791666666666667 0.31666666666666665 0.028125 0.05740740740740741
36 0.8072916666666666 0.41805555555555557 0.10104166666666667 0.16944444444444445
173 0.8072916666666666 0.5296296296296297 0.065625 0.053703703703703705
4 0.5791666666666667 0.31666666666666665 0.028125 0.05740740740740741
36 0.8072916666666666 0.41805555555555557 0.10104166666666667 0.16944444444444445
173 0.8072916666666666 0.5296296296296297 0.065625 0.053703703703703705
4 0.5791666666666667 0.31666666666666665 0.028125 0.05740740740740741
36 0.8072916666666666 0.41805555555555557 0.10104166666666667 0.16944444444444445
173 0.8072916666666666 0.5296296296296297 0.065625 0.053703703703703705
4 0.5791666666666667 0.31666666666666665 0.028125 0.05740740740740741
36 0.8072916666666666 0.41805555555555557 0.10104166666666667 0.16944444444444445
173 0.8072916666666666 0.5296296296296297 0.065625 0.053703703703703705
4 0.5791666666666667 0.31666666666666665 0.028125 0.05740740740740741
36 0.8072916666666666 0.41805555555555557 0.10104166666666667 0.16944444444444445
173 0.8072916666666666 0.5296296296296297 0.065625 0.053703703703703705
4 0.5791666666666667 0.31666666666666665 0.028125 0.05740740740740741
