156 0.8065104166666667 0.6 0.07239583333333334 0.07407407407407407
37 0.8130208333333333 0.4847222222222222 0.10833333333333334 0.18796296296296297
156 0.8065104166666667 0.6 0.07239583333333334 0.07407407407407407
37 0.8130208333333333 0.4847222222222222 0.10833333333333334 0.18796296296296297
156 0.8065104166666667 0.6 0.07239583333333334 0.07407407407407407
37 0.8130208333333333 0.4847222222222222 0.10833333333333334 0.18796296296296297
156 0.8065104166666667 0.6 0.07239583333333334 0.07407407407407407
37 0.8130208333333333 0.4847222222222222 0.10833333333333334 0.18796296296296297
156 0.8065104166666667 0.6 0.07239583333333334 0.07407407407407407
37 0.8130208333333333 0.4847222222222222 0.10833333333333334 0.18796296296296297
156 0.8065104166666667 0.6 0.07239583333333334 0.07407407407407407
37 0.8130208333333333 0.4847222222222222 0.10833333333333334 0.18796296296296297
