22 0.7927083333333333 0.4074074074074074 0.11875 0.19814814814814816
14 0.7947916666666667 0.225 0.12395833333333334 0.1962962962962963
144 0.528125 0.26666666666666666 0.053125 0.06851851851851852
22 0.7927083333333333 0.4074074074074074 0.11875 0.19814814814814816
14 0.7947916666666667 0.225 0.12395833333333334 0.1962962962962963
144 0.528125 0.26666666666666666 0.053125 0.06851851851851852
22 0.7927083333333333 0.4074074074074074 0.11875 0.19814814814814816
14 0.7947916666666667 0.225 0.12395833333333334 0.1962962962962963
144 0.528125 0.26666666666666666 0.053125 0.06851851851851852
22 0.7927083333333333 0.4074074074074074 0.11875 0.19814814814814816
14 0.7947916666666667 0.225 0.12395833333333334 0.1962962962962963
144 0.528125 0.26666666666666666 0.053125 0.06851851851851852
22 0.7927083333333333 0.4074074074074074 0.11875 0.19814814814814816
14 0.7947916666666667 0.225 0.12395833333333334 0.1962962962962963
144 0.528125 0.26666666666666666 0.053125 0.06851851851851852
22 0.7927083333333333 0.4074074074074074 0.11875 0.19814814814814816
14 0.7947916666666667 0.225 0.12395833333333334 0.1962962962962963
144 0.528125 0.26666666666666666 0.053125 0.06851851851851852
