110 0.81015625 0.23472222222222222 0.16822916666666668 0.20092592592592592
155 0.8036458333333333 0.35138888888888886 0.1625 0.07314814814814814
110 0.81015625 0.23472222222222222 0.16822916666666668 0.20092592592592592
155 0.8036458333333333 0.35138888888888886 0.1625 0.07314814814814814
110 0.81015625 0.23472222222222222 0.16822916666666668 0.20092592592592592
155 0.8036458333333333 0.35138888888888886 0.1625 0.07314814814814814
110 0.81015625 0.23472222222222222 0.16822916666666668 0.20092592592592592
155 0.8036458333333333 0.35138888888888886 0.1625 0.07314814814814814
110 0.81015625 0.23472222222222222 0.16822916666666668 0.20092592592592592
155 0.8036458333333333 0.35138888888888886 0.1625 0.07314814814814814
110 0.81015625 0.23472222222222222 0.16822916666666668 0.20092592592592592
155 0.8036458333333333 0.35138888888888886 0.1625 0.07314814814814814
