67 0.8486979166666667 0.26064814814814813 0.059895833333333336 0.1175925925925926
147 0.528125 0.24212962962962964 0.04895833333333333 0.08611111111111111
67 0.8486979166666667 0.26064814814814813 0.059895833333333336 0.1175925925925926
147 0.528125 0.24212962962962964 0.04895833333333333 0.08611111111111111
67 0.8486979166666667 0.26064814814814813 0.059895833333333336 0.1175925925925926
147 0.528125 0.24212962962962964 0.04895833333333333 0.08611111111111111
67 0.8486979166666667 0.26064814814814813 0.059895833333333336 0.1175925925925926
147 0.528125 0.24212962962962964 0.04895833333333333 0.08611111111111111
67 0.8486979166666667 0.26064814814814813 0.059895833333333336 0.1175925925925926
147 0.528125 0.24212962962962964 0.04895833333333333 0.08611111111111111
67 0.8486979166666667 0.26064814814814813 0.059895833333333336 0.1175925925925926
147 0.528125 0.24212962962962964 0.04895833333333333 0.08611111111111111
