39 0.8505208333333333 0.20277777777777778 0.046875 0.08703703703703704
37 0.703125 0.1824074074074074 0.058333333333333334 0.09074074074074075
76 0.7041666666666667 0.2587962962962963 0.03958333333333333 0.0712962962962963
69 0.38359375 0.32037037037037036 0.022395833333333334 0.037037037037037035
136 0.4309895833333333 0.17916666666666667 0.016145833333333335 0.028703703703703703
141 0.8497395833333333 0.27037037037037037 0.024479166666666666 0.046296296296296294
39 0.8505208333333333 0.20277777777777778 0.046875 0.08703703703703704
37 0.703125 0.1824074074074074 0.058333333333333334 0.09074074074074075
76 0.7041666666666667 0.2587962962962963 0.03958333333333333 0.0712962962962963
69 0.38359375 0.32037037037037036 0.022395833333333334 0.037037037037037035
136 0.4309895833333333 0.17916666666666667 0.016145833333333335 0.028703703703703703
141 0.8497395833333333 0.27037037037037037 0.024479166666666666 0.046296296296296294
