42 0.8333333333333334 0.2791666666666667 0.08333333333333333 0.14351851851851852
134 0.6294270833333333 0.2740740740740741 0.0296875 0.07592592592592592
42 0.8333333333333334 0.2791666666666667 0.08333333333333333 0.14351851851851852
134 0.6294270833333333 0.2740740740740741 0.0296875 0.07592592592592592
42 0.8333333333333334 0.2791666666666667 0.08333333333333333 0.14351851851851852
134 0.6294270833333333 0.2740740740740741 0.0296875 0.07592592592592592
42 0.8333333333333334 0.2791666666666667 0.08333333333333333 0.14351851851851852
134 0.6294270833333333 0.2740740740740741 0.0296875 0.07592592592592592
42 0.8333333333333334 0.2791666666666667 0.08333333333333333 0.14351851851851852
134 0.6294270833333333 0.2740740740740741 0.0296875 0.07592592592592592
42 0.8333333333333334 0.2791666666666667 0.08333333333333333 0.14351851851851852
134 0.6294270833333333 0.2740740740740741 0.0296875 0.07592592592592592
