104 0.7841145833333333 0.3023148148148148 0.07864583333333333 0.15833333333333333
83 0.77890625 0.4203703703703704 0.04635416666666667 0.08703703703703704
104 0.7841145833333333 0.3023148148148148 0.07864583333333333 0.15833333333333333
83 0.77890625 0.4203703703703704 0.04635416666666667 0.08703703703703704
104 0.7841145833333333 0.3023148148148148 0.07864583333333333 0.15833333333333333
83 0.77890625 0.4203703703703704 0.04635416666666667 0.08703703703703704
104 0.7841145833333333 0.3023148148148148 0.07864583333333333 0.15833333333333333
83 0.77890625 0.4203703703703704 0.04635416666666667 0.08703703703703704
104 0.7841145833333333 0.3023148148148148 0.07864583333333333 0.15833333333333333
83 0.77890625 0.4203703703703704 0.04635416666666667 0.08703703703703704
104 0.7841145833333333 0.3023148148148148 0.07864583333333333 0.15833333333333333
83 0.77890625 0.4203703703703704 0.04635416666666667 0.08703703703703704
