24 0.7700520833333333 0.19537037037037036 0.11614583333333334 0.1962962962962963
86 0.5138020833333333 0.3648148148148148 0.024479166666666666 0.046296296296296294
173 0.76875 0.3143518518518518 0.08333333333333333 0.08425925925925926
4 0.4578125 0.29814814814814816 0.029166666666666667 0.04814814814814815
24 0.7700520833333333 0.19537037037037036 0.11614583333333334 0.1962962962962963
86 0.5138020833333333 0.3648148148148148 0.024479166666666666 0.046296296296296294
173 0.76875 0.3143518518518518 0.08333333333333333 0.08425925925925926
4 0.4578125 0.29814814814814816 0.029166666666666667 0.04814814814814815
24 0.7700520833333333 0.19537037037037036 0.11614583333333334 0.1962962962962963
86 0.5138020833333333 0.3648148148148148 0.024479166666666666 0.046296296296296294
173 0.76875 0.3143518518518518 0.08333333333333333 0.08425925925925926
4 0.4578125 0.29814814814814816 0.029166666666666667 0.04814814814814815
24 0.7700520833333333 0.19537037037037036 0.11614583333333334 0.1962962962962963
86 0.5138020833333333 0.3648148148148148 0.024479166666666666 0.046296296296296294
173 0.76875 0.3143518518518518 0.08333333333333333 0.08425925925925926
4 0.4578125 0.29814814814814816 0.029166666666666667 0.04814814814814815
24 0.7700520833333333 0.19537037037037036 0.11614583333333334 0.1962962962962963
86 0.5138020833333333 0.3648148148148148 0.024479166666666666 0.046296296296296294
173 0.76875 0.3143518518518518 0.08333333333333333 0.08425925925925926
4 0.4578125 0.29814814814814816 0.029166666666666667 0.04814814814814815
24 0.7700520833333333 0.19537037037037036 0.11614583333333334 0.1962962962962963
86 0.5138020833333333 0.3648148148148148 0.024479166666666666 0.046296296296296294
173 0.76875 0.3143518518518518 0.08333333333333333 0.08425925925925926
4 0.4578125 0.29814814814814816 0.029166666666666667 0.04814814814814815
