170 0.7739583333333333 0.4388888888888889 0.090625 0.1037037037037037
15 0.7752604166666667 0.29768518518518516 0.1265625 0.2324074074074074
170 0.7739583333333333 0.4388888888888889 0.090625 0.1037037037037037
15 0.7752604166666667 0.29768518518518516 0.1265625 0.2324074074074074
170 0.7739583333333333 0.4388888888888889 0.090625 0.1037037037037037
15 0.7752604166666667 0.29768518518518516 0.1265625 0.2324074074074074
170 0.7739583333333333 0.4388888888888889 0.090625 0.1037037037037037
15 0.7752604166666667 0.29768518518518516 0.1265625 0.2324074074074074
170 0.7739583333333333 0.4388888888888889 0.090625 0.1037037037037037
15 0.7752604166666667 0.29768518518518516 0.1265625 0.2324074074074074
170 0.7739583333333333 0.4388888888888889 0.090625 0.1037037037037037
15 0.7752604166666667 0.29768518518518516 0.1265625 0.2324074074074074
