111 0.734375 0.28703703703703703 0.14583333333333334 0.3851851851851852
173 0.7354166666666667 0.45185185185185184 0.14270833333333333 0.05925925925925926
111 0.734375 0.28703703703703703 0.14583333333333334 0.3851851851851852
173 0.7354166666666667 0.45185185185185184 0.14270833333333333 0.05925925925925926
111 0.734375 0.28703703703703703 0.14583333333333334 0.3851851851851852
173 0.7354166666666667 0.45185185185185184 0.14270833333333333 0.05925925925925926
111 0.734375 0.28703703703703703 0.14583333333333334 0.3851851851851852
173 0.7354166666666667 0.45185185185185184 0.14270833333333333 0.05925925925925926
111 0.734375 0.28703703703703703 0.14583333333333334 0.3851851851851852
173 0.7354166666666667 0.45185185185185184 0.14270833333333333 0.05925925925925926
111 0.734375 0.28703703703703703 0.14583333333333334 0.3851851851851852
173 0.7354166666666667 0.45185185185185184 0.14270833333333333 0.05925925925925926
