171 0.85546875 0.29259259259259257 0.04010416666666667 0.03333333333333333
63 0.85546875 0.23564814814814813 0.0421875 0.08055555555555556
171 0.85546875 0.29259259259259257 0.04010416666666667 0.03333333333333333
63 0.85546875 0.23564814814814813 0.0421875 0.08055555555555556
171 0.85546875 0.29259259259259257 0.04010416666666667 0.03333333333333333
63 0.85546875 0.23564814814814813 0.0421875 0.08055555555555556
171 0.85546875 0.29259259259259257 0.04010416666666667 0.03333333333333333
63 0.85546875 0.23564814814814813 0.0421875 0.08055555555555556
171 0.85546875 0.29259259259259257 0.04010416666666667 0.03333333333333333
63 0.85546875 0.23564814814814813 0.0421875 0.08055555555555556
171 0.85546875 0.29259259259259257 0.04010416666666667 0.03333333333333333
63 0.85546875 0.23564814814814813 0.0421875 0.08055555555555556
