170 0.7747395833333334 0.4740740740740741 0.08177083333333333 0.09444444444444444
15 0.7734375 0.325 0.11979166666666667 0.2074074074074074
170 0.7747395833333334 0.4740740740740741 0.08177083333333333 0.09444444444444444
15 0.7734375 0.325 0.11979166666666667 0.2074074074074074
170 0.7747395833333334 0.4740740740740741 0.08177083333333333 0.09444444444444444
15 0.7734375 0.325 0.11979166666666667 0.2074074074074074
170 0.7747395833333334 0.4740740740740741 0.08177083333333333 0.09444444444444444
15 0.7734375 0.325 0.11979166666666667 0.2074074074074074
170 0.7747395833333334 0.4740740740740741 0.08177083333333333 0.09444444444444444
15 0.7734375 0.325 0.11979166666666667 0.2074074074074074
170 0.7747395833333334 0.4740740740740741 0.08177083333333333 0.09444444444444444
15 0.7734375 0.325 0.11979166666666667 0.2074074074074074
