154 0.42890625 0.10462962962962963 0.05364583333333333 0.10740740740740741
36 0.5580729166666667 0.3060185185185185 0.027604166666666666 0.04722222222222222
154 0.49661458333333336 0.10324074074074074 0.04635416666666667 0.10833333333333334
56 0.5604166666666667 0.27314814814814814 0.015625 0.027777777777777776
154 0.42890625 0.10462962962962963 0.05364583333333333 0.10740740740740741
36 0.5580729166666667 0.3060185185185185 0.027604166666666666 0.04722222222222222
154 0.49661458333333336 0.10324074074074074 0.04635416666666667 0.10833333333333334
56 0.5604166666666667 0.27314814814814814 0.015625 0.027777777777777776
154 0.42890625 0.10462962962962963 0.05364583333333333 0.10740740740740741
36 0.5580729166666667 0.3060185185185185 0.027604166666666666 0.04722222222222222
154 0.49661458333333336 0.10324074074074074 0.04635416666666667 0.10833333333333334
56 0.5604166666666667 0.27314814814814814 0.015625 0.027777777777777776
154 0.42890625 0.10462962962962963 0.05364583333333333 0.10740740740740741
36 0.5580729166666667 0.3060185185185185 0.027604166666666666 0.04722222222222222
154 0.49661458333333336 0.10324074074074074 0.04635416666666667 0.10833333333333334
56 0.5604166666666667 0.27314814814814814 0.015625 0.027777777777777776
154 0.42890625 0.10462962962962963 0.05364583333333333 0.10740740740740741
36 0.5580729166666667 0.3060185185185185 0.027604166666666666 0.04722222222222222
154 0.49661458333333336 0.10324074074074074 0.04635416666666667 0.10833333333333334
56 0.5604166666666667 0.27314814814814814 0.015625 0.027777777777777776
154 0.42890625 0.10462962962962963 0.05364583333333333 0.10740740740740741
36 0.5580729166666667 0.3060185185185185 0.027604166666666666 0.04722222222222222
154 0.49661458333333336 0.10324074074074074 0.04635416666666667 0.10833333333333334
56 0.5604166666666667 0.27314814814814814 0.015625 0.027777777777777776
