57 0.171875 0.4537037037037037 0.07083333333333333 0.13518518518518519
43 0.43020833333333336 0.4393518518518518 0.030208333333333334 0.05277777777777778
186 0.18072916666666666 0.5995370370370371 0.035416666666666666 0.13240740740740742
43 0.65 0.44351851851851853 0.028125 0.05
57 0.171875 0.4537037037037037 0.07083333333333333 0.13518518518518519
43 0.43020833333333336 0.4393518518518518 0.030208333333333334 0.05277777777777778
186 0.18072916666666666 0.5995370370370371 0.035416666666666666 0.13240740740740742
43 0.65 0.44351851851851853 0.028125 0.05
57 0.171875 0.4537037037037037 0.07083333333333333 0.13518518518518519
43 0.43020833333333336 0.4393518518518518 0.030208333333333334 0.05277777777777778
186 0.18072916666666666 0.5995370370370371 0.035416666666666666 0.13240740740740742
43 0.65 0.44351851851851853 0.028125 0.05
57 0.171875 0.4537037037037037 0.07083333333333333 0.13518518518518519
43 0.43020833333333336 0.4393518518518518 0.030208333333333334 0.05277777777777778
186 0.18072916666666666 0.5995370370370371 0.035416666666666666 0.13240740740740742
43 0.65 0.44351851851851853 0.028125 0.05
57 0.171875 0.4537037037037037 0.07083333333333333 0.13518518518518519
43 0.43020833333333336 0.4393518518518518 0.030208333333333334 0.05277777777777778
186 0.18072916666666666 0.5995370370370371 0.035416666666666666 0.13240740740740742
43 0.65 0.44351851851851853 0.028125 0.05
57 0.171875 0.4537037037037037 0.07083333333333333 0.13518518518518519
43 0.43020833333333336 0.4393518518518518 0.030208333333333334 0.05277777777777778
186 0.18072916666666666 0.5995370370370371 0.035416666666666666 0.13240740740740742
43 0.65 0.44351851851851853 0.028125 0.05
