57 0.8453125 0.3416666666666667 0.046875 0.09259259259259259
78 0.8442708333333333 0.43472222222222223 0.04895833333333333 0.09166666666666666
57 0.8453125 0.3416666666666667 0.046875 0.09259259259259259
78 0.8442708333333333 0.43472222222222223 0.04895833333333333 0.09166666666666666
57 0.8453125 0.3416666666666667 0.046875 0.09259259259259259
78 0.8442708333333333 0.43472222222222223 0.04895833333333333 0.09166666666666666
57 0.8453125 0.3416666666666667 0.046875 0.09259259259259259
78 0.8442708333333333 0.43472222222222223 0.04895833333333333 0.09166666666666666
57 0.8453125 0.3416666666666667 0.046875 0.09259259259259259
78 0.8442708333333333 0.43472222222222223 0.04895833333333333 0.09166666666666666
57 0.8453125 0.3416666666666667 0.046875 0.09259259259259259
78 0.8442708333333333 0.43472222222222223 0.04895833333333333 0.09166666666666666
