111 0.8044270833333333 0.16296296296296298 0.1296875 0.30925925925925923
173 0.8091145833333333 0.2902777777777778 0.1203125 0.05462962962962963
111 0.8044270833333333 0.16296296296296298 0.1296875 0.30925925925925923
173 0.8091145833333333 0.2902777777777778 0.1203125 0.05462962962962963
111 0.8044270833333333 0.16296296296296298 0.1296875 0.30925925925925923
173 0.8091145833333333 0.2902777777777778 0.1203125 0.05462962962962963
111 0.8044270833333333 0.16296296296296298 0.1296875 0.30925925925925923
173 0.8091145833333333 0.2902777777777778 0.1203125 0.05462962962962963
111 0.8044270833333333 0.16296296296296298 0.1296875 0.30925925925925923
173 0.8091145833333333 0.2902777777777778 0.1203125 0.05462962962962963
