169 0.8622395833333333 0.34629629629629627 0.028645833333333332 0.07962962962962963
35 0.3763020833333333 0.3314814814814815 0.0296875 0.04814814814814815
196 0.6440104166666667 0.26342592592592595 0.030729166666666665 0.0824074074074074
43 0.8645833333333334 0.26990740740740743 0.028125 0.07685185185185185
169 0.8622395833333333 0.34629629629629627 0.028645833333333332 0.07962962962962963
35 0.3763020833333333 0.3314814814814815 0.0296875 0.04814814814814815
196 0.6440104166666667 0.26342592592592595 0.030729166666666665 0.0824074074074074
43 0.8645833333333334 0.26990740740740743 0.028125 0.07685185185185185
169 0.8622395833333333 0.34629629629629627 0.028645833333333332 0.07962962962962963
35 0.3763020833333333 0.3314814814814815 0.0296875 0.04814814814814815
196 0.6440104166666667 0.26342592592592595 0.030729166666666665 0.0824074074074074
43 0.8645833333333334 0.26990740740740743 0.028125 0.07685185185185185
169 0.8622395833333333 0.34629629629629627 0.028645833333333332 0.07962962962962963
35 0.3763020833333333 0.3314814814814815 0.0296875 0.04814814814814815
196 0.6440104166666667 0.26342592592592595 0.030729166666666665 0.0824074074074074
43 0.8645833333333334 0.26990740740740743 0.028125 0.07685185185185185
169 0.8622395833333333 0.34629629629629627 0.028645833333333332 0.07962962962962963
35 0.3763020833333333 0.3314814814814815 0.0296875 0.04814814814814815
196 0.6440104166666667 0.26342592592592595 0.030729166666666665 0.0824074074074074
43 0.8645833333333334 0.26990740740740743 0.028125 0.07685185185185185
169 0.8622395833333333 0.34629629629629627 0.028645833333333332 0.07962962962962963
35 0.3763020833333333 0.3314814814814815 0.0296875 0.04814814814814815
196 0.6440104166666667 0.26342592592592595 0.030729166666666665 0.0824074074074074
43 0.8645833333333334 0.26990740740740743 0.028125 0.07685185185185185
