109 0.7791666666666667 0.1685185185185185 0.15625 0.2796296296296296
173 0.7859375 0.33101851851851855 0.14791666666666667 0.06574074074074074
109 0.7791666666666667 0.1685185185185185 0.15625 0.2796296296296296
173 0.7859375 0.33101851851851855 0.14791666666666667 0.06574074074074074
109 0.7791666666666667 0.1685185185185185 0.15625 0.2796296296296296
173 0.7859375 0.33101851851851855 0.14791666666666667 0.06574074074074074
109 0.7791666666666667 0.1685185185185185 0.15625 0.2796296296296296
173 0.7859375 0.33101851851851855 0.14791666666666667 0.06574074074074074
109 0.7791666666666667 0.1685185185185185 0.15625 0.2796296296296296
173 0.7859375 0.33101851851851855 0.14791666666666667 0.06574074074074074
109 0.7791666666666667 0.1685185185185185 0.15625 0.2796296296296296
173 0.7859375 0.33101851851851855 0.14791666666666667 0.06574074074074074
