88 0.7580729166666667 0.6226851851851852 0.10885416666666667 0.19537037037037036
83 0.5442708333333334 0.43703703703703706 0.028125 0.04259259259259259
88 0.50546875 0.39814814814814814 0.03802083333333333 0.06851851851851852
88 0.4005208333333333 0.3578703703703704 0.026041666666666668 0.04537037037037037
88 0.28671875 0.32916666666666666 0.018229166666666668 0.03425925925925926
88 0.7580729166666667 0.6226851851851852 0.10885416666666667 0.19537037037037036
83 0.5442708333333334 0.43703703703703706 0.028125 0.04259259259259259
88 0.50546875 0.39814814814814814 0.03802083333333333 0.06851851851851852
88 0.4005208333333333 0.3578703703703704 0.026041666666666668 0.04537037037037037
88 0.28671875 0.32916666666666666 0.018229166666666668 0.03425925925925926
88 0.7580729166666667 0.6226851851851852 0.10885416666666667 0.19537037037037036
83 0.5442708333333334 0.43703703703703706 0.028125 0.04259259259259259
88 0.50546875 0.39814814814814814 0.03802083333333333 0.06851851851851852
88 0.4005208333333333 0.3578703703703704 0.026041666666666668 0.04537037037037037
88 0.28671875 0.32916666666666666 0.018229166666666668 0.03425925925925926
88 0.7580729166666667 0.6226851851851852 0.10885416666666667 0.19537037037037036
83 0.5442708333333334 0.43703703703703706 0.028125 0.04259259259259259
88 0.50546875 0.39814814814814814 0.03802083333333333 0.06851851851851852
88 0.4005208333333333 0.3578703703703704 0.026041666666666668 0.04537037037037037
88 0.28671875 0.32916666666666666 0.018229166666666668 0.03425925925925926
88 0.7580729166666667 0.6226851851851852 0.10885416666666667 0.19537037037037036
83 0.5442708333333334 0.43703703703703706 0.028125 0.04259259259259259
88 0.50546875 0.39814814814814814 0.03802083333333333 0.06851851851851852
88 0.4005208333333333 0.3578703703703704 0.026041666666666668 0.04537037037037037
88 0.28671875 0.32916666666666666 0.018229166666666668 0.03425925925925926
88 0.7580729166666667 0.6226851851851852 0.10885416666666667 0.19537037037037036
83 0.5442708333333334 0.43703703703703706 0.028125 0.04259259259259259
88 0.50546875 0.39814814814814814 0.03802083333333333 0.06851851851851852
88 0.4005208333333333 0.3578703703703704 0.026041666666666668 0.04537037037037037
88 0.28671875 0.32916666666666666 0.018229166666666668 0.03425925925925926
