51 0.9145833333333333 0.4310185185185185 0.03125 0.075
102 0.475 0.33240740740740743 0.05416666666666667 0.02962962962962963
51 0.9145833333333333 0.4310185185185185 0.03125 0.075
102 0.475 0.33240740740740743 0.05416666666666667 0.02962962962962963
51 0.9145833333333333 0.4310185185185185 0.03125 0.075
102 0.475 0.33240740740740743 0.05416666666666667 0.02962962962962963
51 0.9145833333333333 0.4310185185185185 0.03125 0.075
102 0.475 0.33240740740740743 0.05416666666666667 0.02962962962962963
51 0.9145833333333333 0.4310185185185185 0.03125 0.075
102 0.475 0.33240740740740743 0.05416666666666667 0.02962962962962963
51 0.9145833333333333 0.4310185185185185 0.03125 0.075
102 0.475 0.33240740740740743 0.05416666666666667 0.02962962962962963
