164 0.7666666666666667 0.4027777777777778 0.10208333333333333 0.18518518518518517
86 0.3419270833333333 0.38287037037037036 0.015104166666666667 0.026851851851851852
32 0.06666666666666667 0.3439814814814815 0.027083333333333334 0.041666666666666664
119 0.7723958333333333 0.19027777777777777 0.134375 0.2601851851851852
164 0.7666666666666667 0.4027777777777778 0.10208333333333333 0.18518518518518517
86 0.3419270833333333 0.38287037037037036 0.015104166666666667 0.026851851851851852
32 0.06666666666666667 0.3439814814814815 0.027083333333333334 0.041666666666666664
119 0.7723958333333333 0.19027777777777777 0.134375 0.2601851851851852
164 0.7666666666666667 0.4027777777777778 0.10208333333333333 0.18518518518518517
86 0.3419270833333333 0.38287037037037036 0.015104166666666667 0.026851851851851852
32 0.06666666666666667 0.3439814814814815 0.027083333333333334 0.041666666666666664
119 0.7723958333333333 0.19027777777777777 0.134375 0.2601851851851852
164 0.7666666666666667 0.4027777777777778 0.10208333333333333 0.18518518518518517
86 0.3419270833333333 0.38287037037037036 0.015104166666666667 0.026851851851851852
32 0.06666666666666667 0.3439814814814815 0.027083333333333334 0.041666666666666664
119 0.7723958333333333 0.19027777777777777 0.134375 0.2601851851851852
164 0.7666666666666667 0.4027777777777778 0.10208333333333333 0.18518518518518517
86 0.3419270833333333 0.38287037037037036 0.015104166666666667 0.026851851851851852
32 0.06666666666666667 0.3439814814814815 0.027083333333333334 0.041666666666666664
119 0.7723958333333333 0.19027777777777777 0.134375 0.2601851851851852
164 0.7666666666666667 0.4027777777777778 0.10208333333333333 0.18518518518518517
86 0.3419270833333333 0.38287037037037036 0.015104166666666667 0.026851851851851852
32 0.06666666666666667 0.3439814814814815 0.027083333333333334 0.041666666666666664
119 0.7723958333333333 0.19027777777777777 0.134375 0.2601851851851852
