36 0.8036458333333333 0.4273148148148148 0.13229166666666667 0.225
56 0.8197916666666667 0.26666666666666666 0.065625 0.12407407407407407
36 0.8036458333333333 0.4273148148148148 0.13229166666666667 0.225
56 0.8197916666666667 0.26666666666666666 0.065625 0.12407407407407407
36 0.8036458333333333 0.4273148148148148 0.13229166666666667 0.225
56 0.8197916666666667 0.26666666666666666 0.065625 0.12407407407407407
36 0.8036458333333333 0.4273148148148148 0.13229166666666667 0.225
56 0.8197916666666667 0.26666666666666666 0.065625 0.12407407407407407
36 0.8036458333333333 0.4273148148148148 0.13229166666666667 0.225
56 0.8197916666666667 0.26666666666666666 0.065625 0.12407407407407407
36 0.8036458333333333 0.4273148148148148 0.13229166666666667 0.225
56 0.8197916666666667 0.26666666666666666 0.065625 0.12407407407407407
