175 0.8111979166666666 0.36342592592592593 0.1296875 0.08796296296296297
123 0.8111979166666666 0.1962962962962963 0.13177083333333334 0.24814814814814815
175 0.8111979166666666 0.36342592592592593 0.1296875 0.08796296296296297
123 0.8111979166666666 0.1962962962962963 0.13177083333333334 0.24814814814814815
175 0.8111979166666666 0.36342592592592593 0.1296875 0.08796296296296297
123 0.8111979166666666 0.1962962962962963 0.13177083333333334 0.24814814814814815
175 0.8111979166666666 0.36342592592592593 0.1296875 0.08796296296296297
123 0.8111979166666666 0.1962962962962963 0.13177083333333334 0.24814814814814815
175 0.8111979166666666 0.36342592592592593 0.1296875 0.08796296296296297
123 0.8111979166666666 0.1962962962962963 0.13177083333333334 0.24814814814814815
175 0.8111979166666666 0.36342592592592593 0.1296875 0.08796296296296297
123 0.8111979166666666 0.1962962962962963 0.13177083333333334 0.24814814814814815
