88 0.8200520833333333 0.4888888888888889 0.06197916666666667 0.10925925925925926
88 0.12213541666666666 0.31342592592592594 0.021354166666666667 0.03425925925925926
88 0.8200520833333333 0.4888888888888889 0.06197916666666667 0.10925925925925926
88 0.12213541666666666 0.31342592592592594 0.021354166666666667 0.03425925925925926
88 0.8200520833333333 0.4888888888888889 0.06197916666666667 0.10925925925925926
88 0.12213541666666666 0.31342592592592594 0.021354166666666667 0.03425925925925926
88 0.8200520833333333 0.4888888888888889 0.06197916666666667 0.10925925925925926
88 0.12213541666666666 0.31342592592592594 0.021354166666666667 0.03425925925925926
88 0.8200520833333333 0.4888888888888889 0.06197916666666667 0.10925925925925926
88 0.12213541666666666 0.31342592592592594 0.021354166666666667 0.03425925925925926
88 0.8200520833333333 0.4888888888888889 0.06197916666666667 0.10925925925925926
88 0.12213541666666666 0.31342592592592594 0.021354166666666667 0.03425925925925926
