71 0.7697916666666667 0.37175925925925923 0.09479166666666666 0.1712962962962963
153 0.5411458333333333 0.3037037037037037 0.052083333333333336 0.05925925925925926
71 0.7697916666666667 0.37175925925925923 0.09479166666666666 0.1712962962962963
153 0.5411458333333333 0.3037037037037037 0.052083333333333336 0.05925925925925926
71 0.7697916666666667 0.37175925925925923 0.09479166666666666 0.1712962962962963
153 0.5411458333333333 0.3037037037037037 0.052083333333333336 0.05925925925925926
71 0.7697916666666667 0.37175925925925923 0.09479166666666666 0.1712962962962963
153 0.5411458333333333 0.3037037037037037 0.052083333333333336 0.05925925925925926
71 0.7697916666666667 0.37175925925925923 0.09479166666666666 0.1712962962962963
153 0.5411458333333333 0.3037037037037037 0.052083333333333336 0.05925925925925926
71 0.7697916666666667 0.37175925925925923 0.09479166666666666 0.1712962962962963
153 0.5411458333333333 0.3037037037037037 0.052083333333333336 0.05925925925925926
