139 0.8020833333333334 0.22361111111111112 0.09166666666666666 0.27685185185185185
128 0.5325520833333334 0.30648148148148147 0.0265625 0.06481481481481481
139 0.8020833333333334 0.22361111111111112 0.09166666666666666 0.27685185185185185
128 0.5325520833333334 0.30648148148148147 0.0265625 0.06481481481481481
139 0.8020833333333334 0.22361111111111112 0.09166666666666666 0.27685185185185185
128 0.5325520833333334 0.30648148148148147 0.0265625 0.06481481481481481
139 0.8020833333333334 0.22361111111111112 0.09166666666666666 0.27685185185185185
128 0.5325520833333334 0.30648148148148147 0.0265625 0.06481481481481481
139 0.8020833333333334 0.22361111111111112 0.09166666666666666 0.27685185185185185
128 0.5325520833333334 0.30648148148148147 0.0265625 0.06481481481481481
139 0.8020833333333334 0.22361111111111112 0.09166666666666666 0.27685185185185185
128 0.5325520833333334 0.30648148148148147 0.0265625 0.06481481481481481
