40 0.8591145833333333 0.2564814814814815 0.05677083333333333 0.11851851851851852
56 0.8625 0.13935185185185187 0.05416666666666667 0.11388888888888889
143 0.534375 0.22592592592592592 0.06979166666666667 0.1425925925925926
40 0.8591145833333333 0.2564814814814815 0.05677083333333333 0.11851851851851852
56 0.8625 0.13935185185185187 0.05416666666666667 0.11388888888888889
143 0.534375 0.22592592592592592 0.06979166666666667 0.1425925925925926
40 0.8591145833333333 0.2564814814814815 0.05677083333333333 0.11851851851851852
56 0.8625 0.13935185185185187 0.05416666666666667 0.11388888888888889
143 0.534375 0.22592592592592592 0.06979166666666667 0.1425925925925926
40 0.8591145833333333 0.2564814814814815 0.05677083333333333 0.11851851851851852
56 0.8625 0.13935185185185187 0.05416666666666667 0.11388888888888889
143 0.534375 0.22592592592592592 0.06979166666666667 0.1425925925925926
40 0.8591145833333333 0.2564814814814815 0.05677083333333333 0.11851851851851852
56 0.8625 0.13935185185185187 0.05416666666666667 0.11388888888888889
143 0.534375 0.22592592592592592 0.06979166666666667 0.1425925925925926
40 0.8591145833333333 0.2564814814814815 0.05677083333333333 0.11851851851851852
56 0.8625 0.13935185185185187 0.05416666666666667 0.11388888888888889
143 0.534375 0.22592592592592592 0.06979166666666667 0.1425925925925926
