165 0.74140625 0.37592592592592594 0.10052083333333334 0.18333333333333332
119 0.73828125 0.1638888888888889 0.13072916666666667 0.2518518518518518
165 0.6723958333333333 0.3013888888888889 0.017708333333333333 0.032407407407407406
165 0.74140625 0.37592592592592594 0.10052083333333334 0.18333333333333332
119 0.73828125 0.1638888888888889 0.13072916666666667 0.2518518518518518
165 0.6723958333333333 0.3013888888888889 0.017708333333333333 0.032407407407407406
165 0.74140625 0.37592592592592594 0.10052083333333334 0.18333333333333332
119 0.73828125 0.1638888888888889 0.13072916666666667 0.2518518518518518
165 0.6723958333333333 0.3013888888888889 0.017708333333333333 0.032407407407407406
165 0.74140625 0.37592592592592594 0.10052083333333334 0.18333333333333332
119 0.73828125 0.1638888888888889 0.13072916666666667 0.2518518518518518
165 0.6723958333333333 0.3013888888888889 0.017708333333333333 0.032407407407407406
165 0.74140625 0.37592592592592594 0.10052083333333334 0.18333333333333332
119 0.73828125 0.1638888888888889 0.13072916666666667 0.2518518518518518
165 0.6723958333333333 0.3013888888888889 0.017708333333333333 0.032407407407407406
165 0.74140625 0.37592592592592594 0.10052083333333334 0.18333333333333332
119 0.73828125 0.1638888888888889 0.13072916666666667 0.2518518518518518
165 0.6723958333333333 0.3013888888888889 0.017708333333333333 0.032407407407407406
