41 0.8244791666666667 0.3486111111111111 0.06354166666666666 0.11388888888888889
179 0.8286458333333333 0.43796296296296294 0.06770833333333333 0.07222222222222222
41 0.8244791666666667 0.3486111111111111 0.06354166666666666 0.11388888888888889
179 0.8286458333333333 0.43796296296296294 0.06770833333333333 0.07222222222222222
41 0.8244791666666667 0.3486111111111111 0.06354166666666666 0.11388888888888889
179 0.8286458333333333 0.43796296296296294 0.06770833333333333 0.07222222222222222
41 0.8244791666666667 0.3486111111111111 0.06354166666666666 0.11388888888888889
179 0.8286458333333333 0.43796296296296294 0.06770833333333333 0.07222222222222222
41 0.8244791666666667 0.3486111111111111 0.06354166666666666 0.11388888888888889
179 0.8286458333333333 0.43796296296296294 0.06770833333333333 0.07222222222222222
41 0.8244791666666667 0.3486111111111111 0.06354166666666666 0.11388888888888889
179 0.8286458333333333 0.43796296296296294 0.06770833333333333 0.07222222222222222
