190 0.85078125 0.25046296296296294 0.09010416666666667 0.032407407407407406
194 0.8502604166666666 0.2828703703703704 0.09114583333333333 0.03796296296296296
188 0.85078125 0.2212962962962963 0.0921875 0.03148148148148148
193 0.8513020833333333 0.16018518518518518 0.0921875 0.03148148148148148
192 0.85078125 0.19166666666666668 0.0921875 0.03148148148148148
190 0.85078125 0.25046296296296294 0.09010416666666667 0.032407407407407406
194 0.8502604166666666 0.2828703703703704 0.09114583333333333 0.03796296296296296
188 0.85078125 0.2212962962962963 0.0921875 0.03148148148148148
193 0.8513020833333333 0.16018518518518518 0.0921875 0.03148148148148148
192 0.85078125 0.19166666666666668 0.0921875 0.03148148148148148
190 0.85078125 0.25046296296296294 0.09010416666666667 0.032407407407407406
194 0.8502604166666666 0.2828703703703704 0.09114583333333333 0.03796296296296296
188 0.85078125 0.2212962962962963 0.0921875 0.03148148148148148
193 0.8513020833333333 0.16018518518518518 0.0921875 0.03148148148148148
192 0.85078125 0.19166666666666668 0.0921875 0.03148148148148148
190 0.85078125 0.25046296296296294 0.09010416666666667 0.032407407407407406
194 0.8502604166666666 0.2828703703703704 0.09114583333333333 0.03796296296296296
188 0.85078125 0.2212962962962963 0.0921875 0.03148148148148148
193 0.8513020833333333 0.16018518518518518 0.0921875 0.03148148148148148
192 0.85078125 0.19166666666666668 0.0921875 0.03148148148148148
190 0.85078125 0.25046296296296294 0.09010416666666667 0.032407407407407406
194 0.8502604166666666 0.2828703703703704 0.09114583333333333 0.03796296296296296
188 0.85078125 0.2212962962962963 0.0921875 0.03148148148148148
193 0.8513020833333333 0.16018518518518518 0.0921875 0.03148148148148148
192 0.85078125 0.19166666666666668 0.0921875 0.03148148148148148
190 0.85078125 0.25046296296296294 0.09010416666666667 0.032407407407407406
194 0.8502604166666666 0.2828703703703704 0.09114583333333333 0.03796296296296296
188 0.85078125 0.2212962962962963 0.0921875 0.03148148148148148
193 0.8513020833333333 0.16018518518518518 0.0921875 0.03148148148148148
192 0.85078125 0.19166666666666668 0.0921875 0.03148148148148148
