122 0.7986979166666667 0.3472222222222222 0.11302083333333333 0.14444444444444443
37 0.5135416666666667 0.20833333333333334 0.0375 0.05555555555555555
122 0.7986979166666667 0.3472222222222222 0.11302083333333333 0.14444444444444443
37 0.5135416666666667 0.20833333333333334 0.0375 0.05555555555555555
122 0.7986979166666667 0.3472222222222222 0.11302083333333333 0.14444444444444443
37 0.5135416666666667 0.20833333333333334 0.0375 0.05555555555555555
122 0.7986979166666667 0.3472222222222222 0.11302083333333333 0.14444444444444443
37 0.5135416666666667 0.20833333333333334 0.0375 0.05555555555555555
122 0.7986979166666667 0.3472222222222222 0.11302083333333333 0.14444444444444443
37 0.5135416666666667 0.20833333333333334 0.0375 0.05555555555555555
122 0.7986979166666667 0.3472222222222222 0.11302083333333333 0.14444444444444443
37 0.5135416666666667 0.20833333333333334 0.0375 0.05555555555555555
