41 0.7158854166666667 0.25092592592592594 0.09114583333333333 0.17777777777777778
179 0.7169270833333333 0.387037037037037 0.09427083333333333 0.09444444444444444
41 0.7158854166666667 0.25092592592592594 0.09114583333333333 0.17777777777777778
179 0.7169270833333333 0.387037037037037 0.09427083333333333 0.09444444444444444
41 0.7158854166666667 0.25092592592592594 0.09114583333333333 0.17777777777777778
179 0.7169270833333333 0.387037037037037 0.09427083333333333 0.09444444444444444
41 0.7158854166666667 0.25092592592592594 0.09114583333333333 0.17777777777777778
179 0.7169270833333333 0.387037037037037 0.09427083333333333 0.09444444444444444
41 0.7158854166666667 0.25092592592592594 0.09114583333333333 0.17777777777777778
179 0.7169270833333333 0.387037037037037 0.09427083333333333 0.09444444444444444
41 0.7158854166666667 0.25092592592592594 0.09114583333333333 0.17777777777777778
179 0.7169270833333333 0.387037037037037 0.09427083333333333 0.09444444444444444
