157 0.032552083333333336 0.27870370370370373 0.025520833333333333 0.03148148148148148
123 0.03229166666666667 0.23703703703703705 0.026041666666666668 0.05185185185185185
157 0.032552083333333336 0.27870370370370373 0.025520833333333333 0.03148148148148148
123 0.03229166666666667 0.23703703703703705 0.026041666666666668 0.05185185185185185
157 0.032552083333333336 0.27870370370370373 0.025520833333333333 0.03148148148148148
123 0.03229166666666667 0.23703703703703705 0.026041666666666668 0.05185185185185185
157 0.032552083333333336 0.27870370370370373 0.025520833333333333 0.03148148148148148
123 0.03229166666666667 0.23703703703703705 0.026041666666666668 0.05185185185185185
157 0.032552083333333336 0.27870370370370373 0.025520833333333333 0.03148148148148148
123 0.03229166666666667 0.23703703703703705 0.026041666666666668 0.05185185185185185
