47 0.7791666666666667 0.2671296296296296 0.06770833333333333 0.1287037037037037
145 0.4940104166666667 0.3055555555555556 0.027604166666666666 0.07037037037037037
180 0.7734375 0.37083333333333335 0.06979166666666667 0.0824074074074074
47 0.7791666666666667 0.2671296296296296 0.06770833333333333 0.1287037037037037
145 0.4940104166666667 0.3055555555555556 0.027604166666666666 0.07037037037037037
180 0.7734375 0.37083333333333335 0.06979166666666667 0.0824074074074074
47 0.7791666666666667 0.2671296296296296 0.06770833333333333 0.1287037037037037
145 0.4940104166666667 0.3055555555555556 0.027604166666666666 0.07037037037037037
180 0.7734375 0.37083333333333335 0.06979166666666667 0.0824074074074074
47 0.7791666666666667 0.2671296296296296 0.06770833333333333 0.1287037037037037
145 0.4940104166666667 0.3055555555555556 0.027604166666666666 0.07037037037037037
180 0.7734375 0.37083333333333335 0.06979166666666667 0.0824074074074074
47 0.7791666666666667 0.2671296296296296 0.06770833333333333 0.1287037037037037
145 0.4940104166666667 0.3055555555555556 0.027604166666666666 0.07037037037037037
180 0.7734375 0.37083333333333335 0.06979166666666667 0.0824074074074074
47 0.7791666666666667 0.2671296296296296 0.06770833333333333 0.1287037037037037
145 0.4940104166666667 0.3055555555555556 0.027604166666666666 0.07037037037037037
180 0.7734375 0.37083333333333335 0.06979166666666667 0.0824074074074074
