13 0.7825520833333334 0.3824074074074074 0.12760416666666666 0.20925925925925926
31 0.7864583333333334 0.1962962962962963 0.13125 0.2037037037037037
13 0.7825520833333334 0.3824074074074074 0.12760416666666666 0.20925925925925926
31 0.7864583333333334 0.1962962962962963 0.13125 0.2037037037037037
13 0.7825520833333334 0.3824074074074074 0.12760416666666666 0.20925925925925926
31 0.7864583333333334 0.1962962962962963 0.13125 0.2037037037037037
13 0.7825520833333334 0.3824074074074074 0.12760416666666666 0.20925925925925926
31 0.7864583333333334 0.1962962962962963 0.13125 0.2037037037037037
13 0.7825520833333334 0.3824074074074074 0.12760416666666666 0.20925925925925926
31 0.7864583333333334 0.1962962962962963 0.13125 0.2037037037037037
13 0.7825520833333334 0.3824074074074074 0.12760416666666666 0.20925925925925926
31 0.7864583333333334 0.1962962962962963 0.13125 0.2037037037037037
