193 0.8005208333333333 0.20324074074074075 0.10520833333333333 0.03611111111111111
119 0.6231770833333333 0.3106481481481482 0.0234375 0.041666666666666664
136 0.6221354166666667 0.3458333333333333 0.016145833333333335 0.030555555555555555
123 0.5973958333333333 0.2972222222222222 0.015625 0.04814814814814815
193 0.8005208333333333 0.20324074074074075 0.10520833333333333 0.03611111111111111
119 0.6231770833333333 0.3106481481481482 0.0234375 0.041666666666666664
136 0.6221354166666667 0.3458333333333333 0.016145833333333335 0.030555555555555555
123 0.5973958333333333 0.2972222222222222 0.015625 0.04814814814814815
193 0.8005208333333333 0.20324074074074075 0.10520833333333333 0.03611111111111111
119 0.6231770833333333 0.3106481481481482 0.0234375 0.041666666666666664
136 0.6221354166666667 0.3458333333333333 0.016145833333333335 0.030555555555555555
123 0.5973958333333333 0.2972222222222222 0.015625 0.04814814814814815
193 0.8005208333333333 0.20324074074074075 0.10520833333333333 0.03611111111111111
119 0.6231770833333333 0.3106481481481482 0.0234375 0.041666666666666664
136 0.6221354166666667 0.3458333333333333 0.016145833333333335 0.030555555555555555
123 0.5973958333333333 0.2972222222222222 0.015625 0.04814814814814815
193 0.8005208333333333 0.20324074074074075 0.10520833333333333 0.03611111111111111
119 0.6231770833333333 0.3106481481481482 0.0234375 0.041666666666666664
136 0.6221354166666667 0.3458333333333333 0.016145833333333335 0.030555555555555555
123 0.5973958333333333 0.2972222222222222 0.015625 0.04814814814814815
193 0.8005208333333333 0.20324074074074075 0.10520833333333333 0.03611111111111111
119 0.6231770833333333 0.3106481481481482 0.0234375 0.041666666666666664
136 0.6221354166666667 0.3458333333333333 0.016145833333333335 0.030555555555555555
123 0.5973958333333333 0.2972222222222222 0.015625 0.04814814814814815
