71 0.8901041666666667 0.39166666666666666 0.01875 0.05185185185185185
149 0.33567708333333335 0.27314814814814814 0.04739583333333333 0.02962962962962963
123 0.36953125 0.32222222222222224 0.0171875 0.03333333333333333
43 0.8921875 0.3421296296296296 0.01875 0.049074074074074076
90 0.34817708333333336 0.3365740740740741 0.04114583333333333 0.026851851851851852
86 0.8859375 0.4375 0.025 0.04351851851851852
71 0.8901041666666667 0.39166666666666666 0.01875 0.05185185185185185
149 0.33567708333333335 0.27314814814814814 0.04739583333333333 0.02962962962962963
123 0.36953125 0.32222222222222224 0.0171875 0.03333333333333333
43 0.8921875 0.3421296296296296 0.01875 0.049074074074074076
90 0.34817708333333336 0.3365740740740741 0.04114583333333333 0.026851851851851852
86 0.8859375 0.4375 0.025 0.04351851851851852
71 0.8901041666666667 0.39166666666666666 0.01875 0.05185185185185185
149 0.33567708333333335 0.27314814814814814 0.04739583333333333 0.02962962962962963
123 0.36953125 0.32222222222222224 0.0171875 0.03333333333333333
43 0.8921875 0.3421296296296296 0.01875 0.049074074074074076
90 0.34817708333333336 0.3365740740740741 0.04114583333333333 0.026851851851851852
86 0.8859375 0.4375 0.025 0.04351851851851852
71 0.8901041666666667 0.39166666666666666 0.01875 0.05185185185185185
149 0.33567708333333335 0.27314814814814814 0.04739583333333333 0.02962962962962963
123 0.36953125 0.32222222222222224 0.0171875 0.03333333333333333
43 0.8921875 0.3421296296296296 0.01875 0.049074074074074076
90 0.34817708333333336 0.3365740740740741 0.04114583333333333 0.026851851851851852
86 0.8859375 0.4375 0.025 0.04351851851851852
71 0.8901041666666667 0.39166666666666666 0.01875 0.05185185185185185
149 0.33567708333333335 0.27314814814814814 0.04739583333333333 0.02962962962962963
123 0.36953125 0.32222222222222224 0.0171875 0.03333333333333333
43 0.8921875 0.3421296296296296 0.01875 0.049074074074074076
90 0.34817708333333336 0.3365740740740741 0.04114583333333333 0.026851851851851852
86 0.8859375 0.4375 0.025 0.04351851851851852
71 0.8901041666666667 0.39166666666666666 0.01875 0.05185185185185185
149 0.33567708333333335 0.27314814814814814 0.04739583333333333 0.02962962962962963
123 0.36953125 0.32222222222222224 0.0171875 0.03333333333333333
43 0.8921875 0.3421296296296296 0.01875 0.049074074074074076
90 0.34817708333333336 0.3365740740740741 0.04114583333333333 0.026851851851851852
86 0.8859375 0.4375 0.025 0.04351851851851852
