191 0.8184895833333333 0.06620370370370371 0.18697916666666667 0.09537037037037037
123 0.525 0.2796296296296296 0.020833333333333332 0.07407407407407407
179 0.525 0.3337962962962963 0.019791666666666666 0.032407407407407406
123 0.40911458333333334 0.2916666666666667 0.05260416666666667 0.14074074074074075
123 0.7098958333333333 0.2800925925925926 0.035416666666666666 0.075
193 0.8171875 0.1375 0.184375 0.0824074074074074
60 0.2989583333333333 0.2861111111111111 0.03229166666666667 0.05555555555555555
191 0.8184895833333333 0.06620370370370371 0.18697916666666667 0.09537037037037037
123 0.525 0.2796296296296296 0.020833333333333332 0.07407407407407407
179 0.525 0.3337962962962963 0.019791666666666666 0.032407407407407406
123 0.40911458333333334 0.2916666666666667 0.05260416666666667 0.14074074074074075
123 0.7098958333333333 0.2800925925925926 0.035416666666666666 0.075
193 0.8171875 0.1375 0.184375 0.0824074074074074
60 0.2989583333333333 0.2861111111111111 0.03229166666666667 0.05555555555555555
