38 0.8502604166666666 0.1986111111111111 0.03802083333333333 0.0787037037037037
144 0.4661458333333333 0.27870370370370373 0.025 0.03888888888888889
149 0.14791666666666667 0.30833333333333335 0.019791666666666666 0.03333333333333333
148 0.15286458333333333 0.2759259259259259 0.019270833333333334 0.03333333333333333
83 0.8486979166666667 0.25972222222222224 0.021354166666666667 0.03981481481481482
38 0.8502604166666666 0.1986111111111111 0.03802083333333333 0.0787037037037037
144 0.4661458333333333 0.27870370370370373 0.025 0.03888888888888889
149 0.14791666666666667 0.30833333333333335 0.019791666666666666 0.03333333333333333
148 0.15286458333333333 0.2759259259259259 0.019270833333333334 0.03333333333333333
83 0.8486979166666667 0.25972222222222224 0.021354166666666667 0.03981481481481482
38 0.8502604166666666 0.1986111111111111 0.03802083333333333 0.0787037037037037
144 0.4661458333333333 0.27870370370370373 0.025 0.03888888888888889
149 0.14791666666666667 0.30833333333333335 0.019791666666666666 0.03333333333333333
148 0.15286458333333333 0.2759259259259259 0.019270833333333334 0.03333333333333333
83 0.8486979166666667 0.25972222222222224 0.021354166666666667 0.03981481481481482
38 0.8502604166666666 0.1986111111111111 0.03802083333333333 0.0787037037037037
144 0.4661458333333333 0.27870370370370373 0.025 0.03888888888888889
149 0.14791666666666667 0.30833333333333335 0.019791666666666666 0.03333333333333333
148 0.15286458333333333 0.2759259259259259 0.019270833333333334 0.03333333333333333
83 0.8486979166666667 0.25972222222222224 0.021354166666666667 0.03981481481481482
38 0.8502604166666666 0.1986111111111111 0.03802083333333333 0.0787037037037037
144 0.4661458333333333 0.27870370370370373 0.025 0.03888888888888889
149 0.14791666666666667 0.30833333333333335 0.019791666666666666 0.03333333333333333
148 0.15286458333333333 0.2759259259259259 0.019270833333333334 0.03333333333333333
83 0.8486979166666667 0.25972222222222224 0.021354166666666667 0.03981481481481482
38 0.8502604166666666 0.1986111111111111 0.03802083333333333 0.0787037037037037
144 0.4661458333333333 0.27870370370370373 0.025 0.03888888888888889
149 0.14791666666666667 0.30833333333333335 0.019791666666666666 0.03333333333333333
148 0.15286458333333333 0.2759259259259259 0.019270833333333334 0.03333333333333333
83 0.8486979166666667 0.25972222222222224 0.021354166666666667 0.03981481481481482
