70 0.75078125 0.39814814814814814 0.10572916666666667 0.19074074074074074
43 0.7510416666666667 0.2064814814814815 0.10729166666666666 0.19074074074074074
70 0.75078125 0.39814814814814814 0.10572916666666667 0.19074074074074074
43 0.7510416666666667 0.2064814814814815 0.10729166666666666 0.19074074074074074
70 0.75078125 0.39814814814814814 0.10572916666666667 0.19074074074074074
43 0.7510416666666667 0.2064814814814815 0.10729166666666666 0.19074074074074074
70 0.75078125 0.39814814814814814 0.10572916666666667 0.19074074074074074
43 0.7510416666666667 0.2064814814814815 0.10729166666666666 0.19074074074074074
70 0.75078125 0.39814814814814814 0.10572916666666667 0.19074074074074074
43 0.7510416666666667 0.2064814814814815 0.10729166666666666 0.19074074074074074
70 0.75078125 0.39814814814814814 0.10572916666666667 0.19074074074074074
43 0.7510416666666667 0.2064814814814815 0.10729166666666666 0.19074074074074074
