23 0.76640625 0.3574074074074074 0.12135416666666667 0.2037037037037037
173 0.7653645833333333 0.48564814814814816 0.0828125 0.0712962962962963
23 0.76640625 0.3574074074074074 0.12135416666666667 0.2037037037037037
173 0.7653645833333333 0.48564814814814816 0.0828125 0.0712962962962963
23 0.76640625 0.3574074074074074 0.12135416666666667 0.2037037037037037
173 0.7653645833333333 0.48564814814814816 0.0828125 0.0712962962962963
23 0.76640625 0.3574074074074074 0.12135416666666667 0.2037037037037037
173 0.7653645833333333 0.48564814814814816 0.0828125 0.0712962962962963
23 0.76640625 0.3574074074074074 0.12135416666666667 0.2037037037037037
173 0.7653645833333333 0.48564814814814816 0.0828125 0.0712962962962963
23 0.76640625 0.3574074074074074 0.12135416666666667 0.2037037037037037
173 0.7653645833333333 0.48564814814814816 0.0828125 0.0712962962962963
