14 0.7838541666666666 0.2708333333333333 0.08854166666666667 0.14722222222222223
49 0.7809895833333333 0.39351851851851855 0.058854166666666666 0.10740740740740741
14 0.7838541666666666 0.2708333333333333 0.08854166666666667 0.14722222222222223
49 0.7809895833333333 0.39351851851851855 0.058854166666666666 0.10740740740740741
14 0.7838541666666666 0.2708333333333333 0.08854166666666667 0.14722222222222223
49 0.7809895833333333 0.39351851851851855 0.058854166666666666 0.10740740740740741
14 0.7838541666666666 0.2708333333333333 0.08854166666666667 0.14722222222222223
49 0.7809895833333333 0.39351851851851855 0.058854166666666666 0.10740740740740741
14 0.7838541666666666 0.2708333333333333 0.08854166666666667 0.14722222222222223
49 0.7809895833333333 0.39351851851851855 0.058854166666666666 0.10740740740740741
14 0.7838541666666666 0.2708333333333333 0.08854166666666667 0.14722222222222223
49 0.7809895833333333 0.39351851851851855 0.058854166666666666 0.10740740740740741
