47 0.8036458333333333 0.35324074074074074 0.07291666666666667 0.1361111111111111
179 0.7984375 0.46435185185185185 0.075 0.09166666666666666
47 0.8036458333333333 0.35324074074074074 0.07291666666666667 0.1361111111111111
179 0.7984375 0.46435185185185185 0.075 0.09166666666666666
47 0.8036458333333333 0.35324074074074074 0.07291666666666667 0.1361111111111111
179 0.7984375 0.46435185185185185 0.075 0.09166666666666666
47 0.8036458333333333 0.35324074074074074 0.07291666666666667 0.1361111111111111
179 0.7984375 0.46435185185185185 0.075 0.09166666666666666
47 0.8036458333333333 0.35324074074074074 0.07291666666666667 0.1361111111111111
179 0.7984375 0.46435185185185185 0.075 0.09166666666666666
47 0.8036458333333333 0.35324074074074074 0.07291666666666667 0.1361111111111111
179 0.7984375 0.46435185185185185 0.075 0.09166666666666666
