136 0.79140625 0.2375 0.08072916666666667 0.14722222222222223
196 0.50859375 0.26064814814814813 0.016145833333333335 0.041666666666666664
136 0.79140625 0.2375 0.08072916666666667 0.14722222222222223
196 0.50859375 0.26064814814814813 0.016145833333333335 0.041666666666666664
136 0.79140625 0.2375 0.08072916666666667 0.14722222222222223
196 0.50859375 0.26064814814814813 0.016145833333333335 0.041666666666666664
136 0.79140625 0.2375 0.08072916666666667 0.14722222222222223
196 0.50859375 0.26064814814814813 0.016145833333333335 0.041666666666666664
136 0.79140625 0.2375 0.08072916666666667 0.14722222222222223
196 0.50859375 0.26064814814814813 0.016145833333333335 0.041666666666666664
136 0.79140625 0.2375 0.08072916666666667 0.14722222222222223
196 0.50859375 0.26064814814814813 0.016145833333333335 0.041666666666666664
