190 0.7669270833333334 0.24027777777777778 0.11197916666666667 0.041666666666666664
193 0.7635416666666667 0.12638888888888888 0.1125 0.03981481481481482
192 0.7643229166666666 0.16527777777777777 0.11302083333333333 0.03981481481481482
192 0.7658854166666667 0.2037037037037037 0.11302083333333333 0.04259259259259259
152 0.5627604166666667 0.18472222222222223 0.0265625 0.07314814814814814
191 0.7622395833333333 0.0875 0.11302083333333333 0.03981481481481482
144 0.5236979166666667 0.18564814814814815 0.04739583333333333 0.075
190 0.7669270833333334 0.24027777777777778 0.11197916666666667 0.041666666666666664
193 0.7635416666666667 0.12638888888888888 0.1125 0.03981481481481482
192 0.7643229166666666 0.16527777777777777 0.11302083333333333 0.03981481481481482
192 0.7658854166666667 0.2037037037037037 0.11302083333333333 0.04259259259259259
152 0.5627604166666667 0.18472222222222223 0.0265625 0.07314814814814814
191 0.7622395833333333 0.0875 0.11302083333333333 0.03981481481481482
144 0.5236979166666667 0.18564814814814815 0.04739583333333333 0.075
190 0.7669270833333334 0.24027777777777778 0.11197916666666667 0.041666666666666664
193 0.7635416666666667 0.12638888888888888 0.1125 0.03981481481481482
192 0.7643229166666666 0.16527777777777777 0.11302083333333333 0.03981481481481482
192 0.7658854166666667 0.2037037037037037 0.11302083333333333 0.04259259259259259
152 0.5627604166666667 0.18472222222222223 0.0265625 0.07314814814814814
191 0.7622395833333333 0.0875 0.11302083333333333 0.03981481481481482
144 0.5236979166666667 0.18564814814814815 0.04739583333333333 0.075
190 0.7669270833333334 0.24027777777777778 0.11197916666666667 0.041666666666666664
193 0.7635416666666667 0.12638888888888888 0.1125 0.03981481481481482
192 0.7643229166666666 0.16527777777777777 0.11302083333333333 0.03981481481481482
192 0.7658854166666667 0.2037037037037037 0.11302083333333333 0.04259259259259259
152 0.5627604166666667 0.18472222222222223 0.0265625 0.07314814814814814
191 0.7622395833333333 0.0875 0.11302083333333333 0.03981481481481482
144 0.5236979166666667 0.18564814814814815 0.04739583333333333 0.075
190 0.7669270833333334 0.24027777777777778 0.11197916666666667 0.041666666666666664
193 0.7635416666666667 0.12638888888888888 0.1125 0.03981481481481482
192 0.7643229166666666 0.16527777777777777 0.11302083333333333 0.03981481481481482
192 0.7658854166666667 0.2037037037037037 0.11302083333333333 0.04259259259259259
152 0.5627604166666667 0.18472222222222223 0.0265625 0.07314814814814814
191 0.7622395833333333 0.0875 0.11302083333333333 0.03981481481481482
144 0.5236979166666667 0.18564814814814815 0.04739583333333333 0.075
190 0.7669270833333334 0.24027777777777778 0.11197916666666667 0.041666666666666664
193 0.7635416666666667 0.12638888888888888 0.1125 0.03981481481481482
192 0.7643229166666666 0.16527777777777777 0.11302083333333333 0.03981481481481482
192 0.7658854166666667 0.2037037037037037 0.11302083333333333 0.04259259259259259
152 0.5627604166666667 0.18472222222222223 0.0265625 0.07314814814814814
191 0.7622395833333333 0.0875 0.11302083333333333 0.03981481481481482
144 0.5236979166666667 0.18564814814814815 0.04739583333333333 0.075
