66 0.15390625 0.275 0.028645833333333332 0.05555555555555555
37 0.7057291666666666 0.3055555555555556 0.017708333333333333 0.02962962962962963
66 0.15390625 0.275 0.028645833333333332 0.05555555555555555
37 0.7057291666666666 0.3055555555555556 0.017708333333333333 0.02962962962962963
66 0.15390625 0.275 0.028645833333333332 0.05555555555555555
37 0.7057291666666666 0.3055555555555556 0.017708333333333333 0.02962962962962963
66 0.15390625 0.275 0.028645833333333332 0.05555555555555555
37 0.7057291666666666 0.3055555555555556 0.017708333333333333 0.02962962962962963
66 0.15390625 0.275 0.028645833333333332 0.05555555555555555
37 0.7057291666666666 0.3055555555555556 0.017708333333333333 0.02962962962962963
66 0.15390625 0.275 0.028645833333333332 0.05555555555555555
37 0.7057291666666666 0.3055555555555556 0.017708333333333333 0.02962962962962963
