66 0.7260416666666667 0.06759259259259259 0.057291666666666664 0.1
155 0.7276041666666667 0.1361111111111111 0.05520833333333333 0.044444444444444446
66 0.7260416666666667 0.06759259259259259 0.057291666666666664 0.1
155 0.7276041666666667 0.1361111111111111 0.05520833333333333 0.044444444444444446
66 0.7260416666666667 0.06759259259259259 0.057291666666666664 0.1
155 0.7276041666666667 0.1361111111111111 0.05520833333333333 0.044444444444444446
66 0.7260416666666667 0.06759259259259259 0.057291666666666664 0.1
155 0.7276041666666667 0.1361111111111111 0.05520833333333333 0.044444444444444446
66 0.7260416666666667 0.06759259259259259 0.057291666666666664 0.1
155 0.7276041666666667 0.1361111111111111 0.05520833333333333 0.044444444444444446
66 0.7260416666666667 0.06759259259259259 0.057291666666666664 0.1
155 0.7276041666666667 0.1361111111111111 0.05520833333333333 0.044444444444444446
