75 0.6815104166666667 0.3351851851851852 0.07135416666666666 0.12777777777777777
83 0.603125 0.4111111111111111 0.029166666666666667 0.04259259259259259
179 0.6817708333333333 0.49444444444444446 0.06875 0.05925925925925926
180 0.8317708333333333 0.42685185185185187 0.06770833333333333 0.05740740740740741
74 0.8299479166666667 0.3375 0.0671875 0.125
75 0.6815104166666667 0.3351851851851852 0.07135416666666666 0.12777777777777777
83 0.603125 0.4111111111111111 0.029166666666666667 0.04259259259259259
179 0.6817708333333333 0.49444444444444446 0.06875 0.05925925925925926
180 0.8317708333333333 0.42685185185185187 0.06770833333333333 0.05740740740740741
74 0.8299479166666667 0.3375 0.0671875 0.125
