160 0.7080729166666667 0.35462962962962963 0.08072916666666667 0.07777777777777778
173 0.70625 0.4203703703703704 0.08125 0.07037037037037037
23 0.7114583333333333 0.22546296296296298 0.121875 0.19722222222222222
160 0.7080729166666667 0.35462962962962963 0.08072916666666667 0.07777777777777778
173 0.70625 0.4203703703703704 0.08125 0.07037037037037037
23 0.7114583333333333 0.22546296296296298 0.121875 0.19722222222222222
160 0.7080729166666667 0.35462962962962963 0.08072916666666667 0.07777777777777778
173 0.70625 0.4203703703703704 0.08125 0.07037037037037037
23 0.7114583333333333 0.22546296296296298 0.121875 0.19722222222222222
160 0.7080729166666667 0.35462962962962963 0.08072916666666667 0.07777777777777778
173 0.70625 0.4203703703703704 0.08125 0.07037037037037037
23 0.7114583333333333 0.22546296296296298 0.121875 0.19722222222222222
160 0.7080729166666667 0.35462962962962963 0.08072916666666667 0.07777777777777778
173 0.70625 0.4203703703703704 0.08125 0.07037037037037037
23 0.7114583333333333 0.22546296296296298 0.121875 0.19722222222222222
160 0.7080729166666667 0.35462962962962963 0.08072916666666667 0.07777777777777778
173 0.70625 0.4203703703703704 0.08125 0.07037037037037037
23 0.7114583333333333 0.22546296296296298 0.121875 0.19722222222222222
