181 0.7481770833333333 0.48055555555555557 0.1359375 0.09259259259259259
40 0.13984375 0.2569444444444444 0.024479166666666666 0.04722222222222222
15 0.6986979166666667 0.25 0.08802083333333334 0.14074074074074075
179 0.6994791666666667 0.35 0.057291666666666664 0.053703703703703705
39 0.7994791666666666 0.38101851851851853 0.05416666666666667 0.10462962962962963
173 0.6994791666666667 0.4009259259259259 0.058333333333333334 0.046296296296296294
179 0.14114583333333333 0.29768518518518516 0.026041666666666668 0.03425925925925926
181 0.7481770833333333 0.48055555555555557 0.1359375 0.09259259259259259
40 0.13984375 0.2569444444444444 0.024479166666666666 0.04722222222222222
15 0.6986979166666667 0.25 0.08802083333333334 0.14074074074074075
179 0.6994791666666667 0.35 0.057291666666666664 0.053703703703703705
39 0.7994791666666666 0.38101851851851853 0.05416666666666667 0.10462962962962963
173 0.6994791666666667 0.4009259259259259 0.058333333333333334 0.046296296296296294
179 0.14114583333333333 0.29768518518518516 0.026041666666666668 0.03425925925925926
