87 0.8067708333333333 0.3925925925925926 0.04583333333333333 0.14629629629629629
148 0.6828125 0.36712962962962964 0.025 0.03796296296296296
148 0.6854166666666667 0.4041666666666667 0.029166666666666667 0.03796296296296296
150 0.7526041666666666 0.20416666666666666 0.10104166666666667 0.1527777777777778
86 0.7765625 0.3851851851851852 0.016666666666666666 0.13518518518518519
149 0.678125 0.3287037037037037 0.023958333333333335 0.037037037037037035
87 0.8067708333333333 0.3925925925925926 0.04583333333333333 0.14629629629629629
148 0.6828125 0.36712962962962964 0.025 0.03796296296296296
148 0.6854166666666667 0.4041666666666667 0.029166666666666667 0.03796296296296296
150 0.7526041666666666 0.20416666666666666 0.10104166666666667 0.1527777777777778
86 0.7765625 0.3851851851851852 0.016666666666666666 0.13518518518518519
149 0.678125 0.3287037037037037 0.023958333333333335 0.037037037037037035
