23 0.7833333333333333 0.2726851851851852 0.140625 0.24166666666666667
3 0.7723958333333333 0.4842592592592593 0.14270833333333333 0.23148148148148148
23 0.7833333333333333 0.2726851851851852 0.140625 0.24166666666666667
3 0.7723958333333333 0.4842592592592593 0.14270833333333333 0.23148148148148148
23 0.7833333333333333 0.2726851851851852 0.140625 0.24166666666666667
3 0.7723958333333333 0.4842592592592593 0.14270833333333333 0.23148148148148148
23 0.7833333333333333 0.2726851851851852 0.140625 0.24166666666666667
3 0.7723958333333333 0.4842592592592593 0.14270833333333333 0.23148148148148148
23 0.7833333333333333 0.2726851851851852 0.140625 0.24166666666666667
3 0.7723958333333333 0.4842592592592593 0.14270833333333333 0.23148148148148148
23 0.7833333333333333 0.2726851851851852 0.140625 0.24166666666666667
3 0.7723958333333333 0.4842592592592593 0.14270833333333333 0.23148148148148148
