195 0.80546875 0.22407407407407406 0.11614583333333334 0.05185185185185185
191 0.8057291666666667 0.09768518518518518 0.11770833333333333 0.05277777777777778
191 0.80546875 0.056018518518518516 0.1171875 0.05462962962962963
192 0.80546875 0.1824074074074074 0.11614583333333334 0.05185185185185185
193 0.8057291666666667 0.1398148148148148 0.11666666666666667 0.05185185185185185
195 0.80546875 0.22407407407407406 0.11614583333333334 0.05185185185185185
191 0.8057291666666667 0.09768518518518518 0.11770833333333333 0.05277777777777778
191 0.80546875 0.056018518518518516 0.1171875 0.05462962962962963
192 0.80546875 0.1824074074074074 0.11614583333333334 0.05185185185185185
193 0.8057291666666667 0.1398148148148148 0.11666666666666667 0.05185185185185185
