121 0.78984375 0.31342592592592594 0.0859375 0.125
50 0.4317708333333333 0.25416666666666665 0.03333333333333333 0.06018518518518518
158 0.4315104166666667 0.3189814814814815 0.0328125 0.06759259259259259
121 0.78984375 0.31342592592592594 0.0859375 0.125
50 0.4317708333333333 0.25416666666666665 0.03333333333333333 0.06018518518518518
158 0.4315104166666667 0.3189814814814815 0.0328125 0.06759259259259259
121 0.78984375 0.31342592592592594 0.0859375 0.125
50 0.4317708333333333 0.25416666666666665 0.03333333333333333 0.06018518518518518
158 0.4315104166666667 0.3189814814814815 0.0328125 0.06759259259259259
121 0.78984375 0.31342592592592594 0.0859375 0.125
50 0.4317708333333333 0.25416666666666665 0.03333333333333333 0.06018518518518518
158 0.4315104166666667 0.3189814814814815 0.0328125 0.06759259259259259
121 0.78984375 0.31342592592592594 0.0859375 0.125
50 0.4317708333333333 0.25416666666666665 0.03333333333333333 0.06018518518518518
158 0.4315104166666667 0.3189814814814815 0.0328125 0.06759259259259259
121 0.78984375 0.31342592592592594 0.0859375 0.125
50 0.4317708333333333 0.25416666666666665 0.03333333333333333 0.06018518518518518
158 0.4315104166666667 0.3189814814814815 0.0328125 0.06759259259259259
