194 0.7291666666666666 0.10648148148148148 0.17708333333333334 0.07222222222222222
136 0.5963541666666666 0.325 0.028125 0.05
194 0.7291666666666666 0.10648148148148148 0.17708333333333334 0.07222222222222222
136 0.5963541666666666 0.325 0.028125 0.05
194 0.7291666666666666 0.10648148148148148 0.17708333333333334 0.07222222222222222
136 0.5963541666666666 0.325 0.028125 0.05
194 0.7291666666666666 0.10648148148148148 0.17708333333333334 0.07222222222222222
136 0.5963541666666666 0.325 0.028125 0.05
194 0.7291666666666666 0.10648148148148148 0.17708333333333334 0.07222222222222222
136 0.5963541666666666 0.325 0.028125 0.05
194 0.7291666666666666 0.10648148148148148 0.17708333333333334 0.07222222222222222
136 0.5963541666666666 0.325 0.028125 0.05
