157 0.4930555555555556 0.23524305555555555 0.08333333333333333 0.06076388888888889
123 0.49375 0.1467013888888889 0.08472222222222223 0.10590277777777778
179 0.49236111111111114 0.2925347222222222 0.08194444444444444 0.057291666666666664
157 0.4930555555555556 0.23524305555555555 0.08333333333333333 0.06076388888888889
123 0.49375 0.1467013888888889 0.08472222222222223 0.10590277777777778
179 0.49236111111111114 0.2925347222222222 0.08194444444444444 0.057291666666666664
157 0.4930555555555556 0.23524305555555555 0.08333333333333333 0.06076388888888889
123 0.49375 0.1467013888888889 0.08472222222222223 0.10590277777777778
179 0.49236111111111114 0.2925347222222222 0.08194444444444444 0.057291666666666664
157 0.4930555555555556 0.23524305555555555 0.08333333333333333 0.06076388888888889
123 0.49375 0.1467013888888889 0.08472222222222223 0.10590277777777778
179 0.49236111111111114 0.2925347222222222 0.08194444444444444 0.057291666666666664
157 0.4930555555555556 0.23524305555555555 0.08333333333333333 0.06076388888888889
123 0.49375 0.1467013888888889 0.08472222222222223 0.10590277777777778
179 0.49236111111111114 0.2925347222222222 0.08194444444444444 0.057291666666666664
157 0.4930555555555556 0.23524305555555555 0.08333333333333333 0.06076388888888889
123 0.49375 0.1467013888888889 0.08472222222222223 0.10590277777777778
179 0.49236111111111114 0.2925347222222222 0.08194444444444444 0.057291666666666664
