131 0.8057291666666667 0.27037037037037037 0.10520833333333333 0.2
155 0.8067708333333333 0.4009259259259259 0.10416666666666667 0.07037037037037037
131 0.8057291666666667 0.27037037037037037 0.10520833333333333 0.2
155 0.8067708333333333 0.4009259259259259 0.10416666666666667 0.07037037037037037
131 0.8057291666666667 0.27037037037037037 0.10520833333333333 0.2
155 0.8067708333333333 0.4009259259259259 0.10416666666666667 0.07037037037037037
131 0.8057291666666667 0.27037037037037037 0.10520833333333333 0.2
155 0.8067708333333333 0.4009259259259259 0.10416666666666667 0.07037037037037037
131 0.8057291666666667 0.27037037037037037 0.10520833333333333 0.2
155 0.8067708333333333 0.4009259259259259 0.10416666666666667 0.07037037037037037
131 0.8057291666666667 0.27037037037037037 0.10520833333333333 0.2
155 0.8067708333333333 0.4009259259259259 0.10416666666666667 0.07037037037037037
