79 0.8807291666666667 0.26296296296296295 0.05625 0.1037037037037037
113 0.5877604166666667 0.30648148148148147 0.027604166666666666 0.05185185185185185
179 0.87890625 0.34074074074074073 0.05572916666666667 0.05555555555555555
79 0.8807291666666667 0.26296296296296295 0.05625 0.1037037037037037
113 0.5877604166666667 0.30648148148148147 0.027604166666666666 0.05185185185185185
179 0.87890625 0.34074074074074073 0.05572916666666667 0.05555555555555555
79 0.8807291666666667 0.26296296296296295 0.05625 0.1037037037037037
113 0.5877604166666667 0.30648148148148147 0.027604166666666666 0.05185185185185185
179 0.87890625 0.34074074074074073 0.05572916666666667 0.05555555555555555
79 0.8807291666666667 0.26296296296296295 0.05625 0.1037037037037037
113 0.5877604166666667 0.30648148148148147 0.027604166666666666 0.05185185185185185
179 0.87890625 0.34074074074074073 0.05572916666666667 0.05555555555555555
79 0.8807291666666667 0.26296296296296295 0.05625 0.1037037037037037
113 0.5877604166666667 0.30648148148148147 0.027604166666666666 0.05185185185185185
179 0.87890625 0.34074074074074073 0.05572916666666667 0.05555555555555555
