65 0.8575520833333333 0.29398148148148145 0.034895833333333334 0.06759259259259259
100 0.5958333333333333 0.3282407407407407 0.046875 0.03981481481481482
136 0.8591145833333333 0.2263888888888889 0.033854166666666664 0.06944444444444445
65 0.8575520833333333 0.29398148148148145 0.034895833333333334 0.06759259259259259
100 0.5958333333333333 0.3282407407407407 0.046875 0.03981481481481482
136 0.8591145833333333 0.2263888888888889 0.033854166666666664 0.06944444444444445
65 0.8575520833333333 0.29398148148148145 0.034895833333333334 0.06759259259259259
100 0.5958333333333333 0.3282407407407407 0.046875 0.03981481481481482
136 0.8591145833333333 0.2263888888888889 0.033854166666666664 0.06944444444444445
65 0.8575520833333333 0.29398148148148145 0.034895833333333334 0.06759259259259259
100 0.5958333333333333 0.3282407407407407 0.046875 0.03981481481481482
136 0.8591145833333333 0.2263888888888889 0.033854166666666664 0.06944444444444445
65 0.8575520833333333 0.29398148148148145 0.034895833333333334 0.06759259259259259
100 0.5958333333333333 0.3282407407407407 0.046875 0.03981481481481482
136 0.8591145833333333 0.2263888888888889 0.033854166666666664 0.06944444444444445
65 0.8575520833333333 0.29398148148148145 0.034895833333333334 0.06759259259259259
100 0.5958333333333333 0.3282407407407407 0.046875 0.03981481481481482
136 0.8591145833333333 0.2263888888888889 0.033854166666666664 0.06944444444444445
