70 0.07447916666666667 0.2125 0.06666666666666667 0.1175925925925926
59 0.21666666666666667 0.26944444444444443 0.020833333333333332 0.03518518518518519
99 0.7166666666666667 0.337037037037037 0.020833333333333332 0.053703703703703705
70 0.07447916666666667 0.2125 0.06666666666666667 0.1175925925925926
59 0.21666666666666667 0.26944444444444443 0.020833333333333332 0.03518518518518519
99 0.7166666666666667 0.337037037037037 0.020833333333333332 0.053703703703703705
70 0.07447916666666667 0.2125 0.06666666666666667 0.1175925925925926
59 0.21666666666666667 0.26944444444444443 0.020833333333333332 0.03518518518518519
99 0.7166666666666667 0.337037037037037 0.020833333333333332 0.053703703703703705
70 0.07447916666666667 0.2125 0.06666666666666667 0.1175925925925926
59 0.21666666666666667 0.26944444444444443 0.020833333333333332 0.03518518518518519
99 0.7166666666666667 0.337037037037037 0.020833333333333332 0.053703703703703705
70 0.07447916666666667 0.2125 0.06666666666666667 0.1175925925925926
59 0.21666666666666667 0.26944444444444443 0.020833333333333332 0.03518518518518519
99 0.7166666666666667 0.337037037037037 0.020833333333333332 0.053703703703703705
70 0.07447916666666667 0.2125 0.06666666666666667 0.1175925925925926
59 0.21666666666666667 0.26944444444444443 0.020833333333333332 0.03518518518518519
99 0.7166666666666667 0.337037037037037 0.020833333333333332 0.053703703703703705
