155 0.8299479166666667 0.42314814814814816 0.05677083333333333 0.04814814814814815
22 0.8286458333333333 0.3351851851851852 0.08125 0.14074074074074075
155 0.8299479166666667 0.42314814814814816 0.05677083333333333 0.04814814814814815
22 0.8286458333333333 0.3351851851851852 0.08125 0.14074074074074075
155 0.8299479166666667 0.42314814814814816 0.05677083333333333 0.04814814814814815
22 0.8286458333333333 0.3351851851851852 0.08125 0.14074074074074075
155 0.8299479166666667 0.42314814814814816 0.05677083333333333 0.04814814814814815
22 0.8286458333333333 0.3351851851851852 0.08125 0.14074074074074075
155 0.8299479166666667 0.42314814814814816 0.05677083333333333 0.04814814814814815
22 0.8286458333333333 0.3351851851851852 0.08125 0.14074074074074075
155 0.8299479166666667 0.42314814814814816 0.05677083333333333 0.04814814814814815
22 0.8286458333333333 0.3351851851851852 0.08125 0.14074074074074075
