155 0.7580729166666667 0.6671296296296296 0.10677083333333333 0.09537037037037037
52 0.7747395833333334 0.5337962962962963 0.10677083333333333 0.18796296296296297
21 0.7846354166666667 0.30833333333333335 0.15677083333333333 0.28888888888888886
155 0.7580729166666667 0.6671296296296296 0.10677083333333333 0.09537037037037037
52 0.7747395833333334 0.5337962962962963 0.10677083333333333 0.18796296296296297
21 0.7846354166666667 0.30833333333333335 0.15677083333333333 0.28888888888888886
155 0.7580729166666667 0.6671296296296296 0.10677083333333333 0.09537037037037037
52 0.7747395833333334 0.5337962962962963 0.10677083333333333 0.18796296296296297
21 0.7846354166666667 0.30833333333333335 0.15677083333333333 0.28888888888888886
155 0.7580729166666667 0.6671296296296296 0.10677083333333333 0.09537037037037037
52 0.7747395833333334 0.5337962962962963 0.10677083333333333 0.18796296296296297
21 0.7846354166666667 0.30833333333333335 0.15677083333333333 0.28888888888888886
155 0.7580729166666667 0.6671296296296296 0.10677083333333333 0.09537037037037037
52 0.7747395833333334 0.5337962962962963 0.10677083333333333 0.18796296296296297
21 0.7846354166666667 0.30833333333333335 0.15677083333333333 0.28888888888888886
155 0.7580729166666667 0.6671296296296296 0.10677083333333333 0.09537037037037037
52 0.7747395833333334 0.5337962962962963 0.10677083333333333 0.18796296296296297
21 0.7846354166666667 0.30833333333333335 0.15677083333333333 0.28888888888888886
