47 0.8010416666666667 0.2796296296296296 0.06666666666666667 0.1259259259259259
179 0.79765625 0.3699074074074074 0.0671875 0.06018518518518518
50 0.07734375 0.27314814814814814 0.0171875 0.040740740740740744
117 0.07630208333333334 0.33101851851851855 0.019270833333333334 0.03981481481481482
47 0.8010416666666667 0.2796296296296296 0.06666666666666667 0.1259259259259259
179 0.79765625 0.3699074074074074 0.0671875 0.06018518518518518
50 0.07734375 0.27314814814814814 0.0171875 0.040740740740740744
117 0.07630208333333334 0.33101851851851855 0.019270833333333334 0.03981481481481482
47 0.8010416666666667 0.2796296296296296 0.06666666666666667 0.1259259259259259
179 0.79765625 0.3699074074074074 0.0671875 0.06018518518518518
50 0.07734375 0.27314814814814814 0.0171875 0.040740740740740744
117 0.07630208333333334 0.33101851851851855 0.019270833333333334 0.03981481481481482
47 0.8010416666666667 0.2796296296296296 0.06666666666666667 0.1259259259259259
179 0.79765625 0.3699074074074074 0.0671875 0.06018518518518518
50 0.07734375 0.27314814814814814 0.0171875 0.040740740740740744
117 0.07630208333333334 0.33101851851851855 0.019270833333333334 0.03981481481481482
47 0.8010416666666667 0.2796296296296296 0.06666666666666667 0.1259259259259259
179 0.79765625 0.3699074074074074 0.0671875 0.06018518518518518
50 0.07734375 0.27314814814814814 0.0171875 0.040740740740740744
117 0.07630208333333334 0.33101851851851855 0.019270833333333334 0.03981481481481482
47 0.8010416666666667 0.2796296296296296 0.06666666666666667 0.1259259259259259
179 0.79765625 0.3699074074074074 0.0671875 0.06018518518518518
50 0.07734375 0.27314814814814814 0.0171875 0.040740740740740744
117 0.07630208333333334 0.33101851851851855 0.019270833333333334 0.03981481481481482
