79 0.7652777777777777 0.2361111111111111 0.044444444444444446 0.0625
74 0.3104166666666667 0.2673611111111111 0.04583333333333333 0.059027777777777776
79 0.7652777777777777 0.2361111111111111 0.044444444444444446 0.0625
74 0.3104166666666667 0.2673611111111111 0.04583333333333333 0.059027777777777776
79 0.7652777777777777 0.2361111111111111 0.044444444444444446 0.0625
74 0.3104166666666667 0.2673611111111111 0.04583333333333333 0.059027777777777776
79 0.7652777777777777 0.2361111111111111 0.044444444444444446 0.0625
74 0.3104166666666667 0.2673611111111111 0.04583333333333333 0.059027777777777776
79 0.7652777777777777 0.2361111111111111 0.044444444444444446 0.0625
74 0.3104166666666667 0.2673611111111111 0.04583333333333333 0.059027777777777776
79 0.7652777777777777 0.2361111111111111 0.044444444444444446 0.0625
74 0.3104166666666667 0.2673611111111111 0.04583333333333333 0.059027777777777776
