87 0.2140625 0.5143518518518518 0.052083333333333336 0.09351851851851851
184 0.8455729166666667 0.4787037037037037 0.025520833333333333 0.1537037037037037
87 0.2140625 0.5143518518518518 0.052083333333333336 0.09351851851851851
184 0.8455729166666667 0.4787037037037037 0.025520833333333333 0.1537037037037037
87 0.2140625 0.5143518518518518 0.052083333333333336 0.09351851851851851
184 0.8455729166666667 0.4787037037037037 0.025520833333333333 0.1537037037037037
87 0.2140625 0.5143518518518518 0.052083333333333336 0.09351851851851851
184 0.8455729166666667 0.4787037037037037 0.025520833333333333 0.1537037037037037
87 0.2140625 0.5143518518518518 0.052083333333333336 0.09351851851851851
184 0.8455729166666667 0.4787037037037037 0.025520833333333333 0.1537037037037037
87 0.2140625 0.5143518518518518 0.052083333333333336 0.09351851851851851
184 0.8455729166666667 0.4787037037037037 0.025520833333333333 0.1537037037037037
