77 0.4444444444444444 0.2604166666666667 0.04722222222222222 0.05555555555555555
78 0.4444444444444444 0.3133680555555556 0.041666666666666664 0.05381944444444445
77 0.4444444444444444 0.2604166666666667 0.04722222222222222 0.05555555555555555
78 0.4444444444444444 0.3133680555555556 0.041666666666666664 0.05381944444444445
77 0.4444444444444444 0.2604166666666667 0.04722222222222222 0.05555555555555555
78 0.4444444444444444 0.3133680555555556 0.041666666666666664 0.05381944444444445
77 0.4444444444444444 0.2604166666666667 0.04722222222222222 0.05555555555555555
78 0.4444444444444444 0.3133680555555556 0.041666666666666664 0.05381944444444445
77 0.4444444444444444 0.2604166666666667 0.04722222222222222 0.05555555555555555
78 0.4444444444444444 0.3133680555555556 0.041666666666666664 0.05381944444444445
77 0.4444444444444444 0.2604166666666667 0.04722222222222222 0.05555555555555555
78 0.4444444444444444 0.3133680555555556 0.041666666666666664 0.05381944444444445
