29 0.8171875 0.48657407407407405 0.03229166666666667 0.15833333333333333
87 0.22473958333333333 0.36944444444444446 0.025520833333333333 0.04814814814814815
29 0.8171875 0.48657407407407405 0.03229166666666667 0.15833333333333333
87 0.22473958333333333 0.36944444444444446 0.025520833333333333 0.04814814814814815
29 0.8171875 0.48657407407407405 0.03229166666666667 0.15833333333333333
87 0.22473958333333333 0.36944444444444446 0.025520833333333333 0.04814814814814815
29 0.8171875 0.48657407407407405 0.03229166666666667 0.15833333333333333
87 0.22473958333333333 0.36944444444444446 0.025520833333333333 0.04814814814814815
29 0.8171875 0.48657407407407405 0.03229166666666667 0.15833333333333333
87 0.22473958333333333 0.36944444444444446 0.025520833333333333 0.04814814814814815
