29 0.7591145833333334 0.6527777777777778 0.05260416666666667 0.3074074074074074
10 0.49947916666666664 0.30092592592592593 0.020833333333333332 0.03148148148148148
29 0.7591145833333334 0.6527777777777778 0.05260416666666667 0.3074074074074074
10 0.49947916666666664 0.30092592592592593 0.020833333333333332 0.03148148148148148
29 0.7591145833333334 0.6527777777777778 0.05260416666666667 0.3074074074074074
10 0.49947916666666664 0.30092592592592593 0.020833333333333332 0.03148148148148148
29 0.7591145833333334 0.6527777777777778 0.05260416666666667 0.3074074074074074
10 0.49947916666666664 0.30092592592592593 0.020833333333333332 0.03148148148148148
29 0.7591145833333334 0.6527777777777778 0.05260416666666667 0.3074074074074074
10 0.49947916666666664 0.30092592592592593 0.020833333333333332 0.03148148148148148
29 0.7591145833333334 0.6527777777777778 0.05260416666666667 0.3074074074074074
10 0.49947916666666664 0.30092592592592593 0.020833333333333332 0.03148148148148148
