12 0.7565104166666666 0.3143518518518518 0.15260416666666668 0.24351851851851852
173 0.7559895833333333 0.4740740740740741 0.1015625 0.07407407407407407
12 0.7565104166666666 0.3143518518518518 0.15260416666666668 0.24351851851851852
173 0.7559895833333333 0.4740740740740741 0.1015625 0.07407407407407407
12 0.7565104166666666 0.3143518518518518 0.15260416666666668 0.24351851851851852
173 0.7559895833333333 0.4740740740740741 0.1015625 0.07407407407407407
12 0.7565104166666666 0.3143518518518518 0.15260416666666668 0.24351851851851852
173 0.7559895833333333 0.4740740740740741 0.1015625 0.07407407407407407
12 0.7565104166666666 0.3143518518518518 0.15260416666666668 0.24351851851851852
173 0.7559895833333333 0.4740740740740741 0.1015625 0.07407407407407407
12 0.7565104166666666 0.3143518518518518 0.15260416666666668 0.24351851851851852
173 0.7559895833333333 0.4740740740740741 0.1015625 0.07407407407407407
