73 0.14444444444444443 0.7473958333333334 0.14166666666666666 0.3177083333333333
43 0.12222222222222222 0.4279513888888889 0.16111111111111112 0.3489583333333333
73 0.14444444444444443 0.7473958333333334 0.14166666666666666 0.3177083333333333
43 0.12222222222222222 0.4279513888888889 0.16111111111111112 0.3489583333333333
73 0.14444444444444443 0.7473958333333334 0.14166666666666666 0.3177083333333333
43 0.12222222222222222 0.4279513888888889 0.16111111111111112 0.3489583333333333
73 0.14444444444444443 0.7473958333333334 0.14166666666666666 0.3177083333333333
43 0.12222222222222222 0.4279513888888889 0.16111111111111112 0.3489583333333333
73 0.14444444444444443 0.7473958333333334 0.14166666666666666 0.3177083333333333
43 0.12222222222222222 0.4279513888888889 0.16111111111111112 0.3489583333333333
73 0.14444444444444443 0.7473958333333334 0.14166666666666666 0.3177083333333333
43 0.12222222222222222 0.4279513888888889 0.16111111111111112 0.3489583333333333
