193 0.7802083333333333 0.1763888888888889 0.12395833333333334 0.058333333333333334
119 0.584375 0.2861111111111111 0.017708333333333333 0.03518518518518519
193 0.7802083333333333 0.1763888888888889 0.12395833333333334 0.058333333333333334
119 0.584375 0.2861111111111111 0.017708333333333333 0.03518518518518519
193 0.7802083333333333 0.1763888888888889 0.12395833333333334 0.058333333333333334
119 0.584375 0.2861111111111111 0.017708333333333333 0.03518518518518519
193 0.7802083333333333 0.1763888888888889 0.12395833333333334 0.058333333333333334
119 0.584375 0.2861111111111111 0.017708333333333333 0.03518518518518519
193 0.7802083333333333 0.1763888888888889 0.12395833333333334 0.058333333333333334
119 0.584375 0.2861111111111111 0.017708333333333333 0.03518518518518519
193 0.7802083333333333 0.1763888888888889 0.12395833333333334 0.058333333333333334
119 0.584375 0.2861111111111111 0.017708333333333333 0.03518518518518519
