116 0.8544270833333333 0.26805555555555555 0.0390625 0.0712962962962963
179 0.8528645833333334 0.32314814814814813 0.0390625 0.037037037037037035
116 0.8544270833333333 0.26805555555555555 0.0390625 0.0712962962962963
179 0.8528645833333334 0.32314814814814813 0.0390625 0.037037037037037035
116 0.8544270833333333 0.26805555555555555 0.0390625 0.0712962962962963
179 0.8528645833333334 0.32314814814814813 0.0390625 0.037037037037037035
116 0.8544270833333333 0.26805555555555555 0.0390625 0.0712962962962963
179 0.8528645833333334 0.32314814814814813 0.0390625 0.037037037037037035
116 0.8544270833333333 0.26805555555555555 0.0390625 0.0712962962962963
179 0.8528645833333334 0.32314814814814813 0.0390625 0.037037037037037035
