191 0.6502604166666667 0.19768518518518519 0.1421875 0.05277777777777778
191 0.65 0.1486111111111111 0.14270833333333333 0.05462962962962963
192 0.64921875 0.05 0.1421875 0.06111111111111111
192 0.6494791666666667 0.09953703703703703 0.14166666666666666 0.05648148148148148
191 0.6502604166666667 0.19768518518518519 0.1421875 0.05277777777777778
191 0.65 0.1486111111111111 0.14270833333333333 0.05462962962962963
192 0.64921875 0.05 0.1421875 0.06111111111111111
192 0.6494791666666667 0.09953703703703703 0.14166666666666666 0.05648148148148148
191 0.6502604166666667 0.19768518518518519 0.1421875 0.05277777777777778
191 0.65 0.1486111111111111 0.14270833333333333 0.05462962962962963
192 0.64921875 0.05 0.1421875 0.06111111111111111
192 0.6494791666666667 0.09953703703703703 0.14166666666666666 0.05648148148148148
191 0.6502604166666667 0.19768518518518519 0.1421875 0.05277777777777778
191 0.65 0.1486111111111111 0.14270833333333333 0.05462962962962963
192 0.64921875 0.05 0.1421875 0.06111111111111111
192 0.6494791666666667 0.09953703703703703 0.14166666666666666 0.05648148148148148
191 0.6502604166666667 0.19768518518518519 0.1421875 0.05277777777777778
191 0.65 0.1486111111111111 0.14270833333333333 0.05462962962962963
192 0.64921875 0.05 0.1421875 0.06111111111111111
192 0.6494791666666667 0.09953703703703703 0.14166666666666666 0.05648148148148148
191 0.6502604166666667 0.19768518518518519 0.1421875 0.05277777777777778
191 0.65 0.1486111111111111 0.14270833333333333 0.05462962962962963
192 0.64921875 0.05 0.1421875 0.06111111111111111
192 0.6494791666666667 0.09953703703703703 0.14166666666666666 0.05648148148148148
