87 0.16848958333333333 0.4583333333333333 0.049479166666666664 0.08333333333333333
87 0.4864583333333333 0.362962962962963 0.017708333333333333 0.03148148148148148
87 0.16848958333333333 0.4583333333333333 0.049479166666666664 0.08333333333333333
87 0.4864583333333333 0.362962962962963 0.017708333333333333 0.03148148148148148
87 0.16848958333333333 0.4583333333333333 0.049479166666666664 0.08333333333333333
87 0.4864583333333333 0.362962962962963 0.017708333333333333 0.03148148148148148
87 0.16848958333333333 0.4583333333333333 0.049479166666666664 0.08333333333333333
87 0.4864583333333333 0.362962962962963 0.017708333333333333 0.03148148148148148
87 0.16848958333333333 0.4583333333333333 0.049479166666666664 0.08333333333333333
87 0.4864583333333333 0.362962962962963 0.017708333333333333 0.03148148148148148
87 0.16848958333333333 0.4583333333333333 0.049479166666666664 0.08333333333333333
87 0.4864583333333333 0.362962962962963 0.017708333333333333 0.03148148148148148
