92 0.75703125 0.29768518518518516 0.0671875 0.14907407407407408
92 0.07942708333333333 0.31527777777777777 0.059895833333333336 0.1361111111111111
92 0.75703125 0.29768518518518516 0.0671875 0.14907407407407408
92 0.07942708333333333 0.31527777777777777 0.059895833333333336 0.1361111111111111
92 0.75703125 0.29768518518518516 0.0671875 0.14907407407407408
92 0.07942708333333333 0.31527777777777777 0.059895833333333336 0.1361111111111111
92 0.75703125 0.29768518518518516 0.0671875 0.14907407407407408
92 0.07942708333333333 0.31527777777777777 0.059895833333333336 0.1361111111111111
92 0.75703125 0.29768518518518516 0.0671875 0.14907407407407408
92 0.07942708333333333 0.31527777777777777 0.059895833333333336 0.1361111111111111
92 0.75703125 0.29768518518518516 0.0671875 0.14907407407407408
92 0.07942708333333333 0.31527777777777777 0.059895833333333336 0.1361111111111111
