94 0.9078125 0.27037037037037037 0.016666666666666666 0.04259259259259259
148 0.3 0.28564814814814815 0.11458333333333333 0.11018518518518519
94 0.9078125 0.27037037037037037 0.016666666666666666 0.04259259259259259
148 0.3 0.28564814814814815 0.11458333333333333 0.11018518518518519
94 0.9078125 0.27037037037037037 0.016666666666666666 0.04259259259259259
148 0.3 0.28564814814814815 0.11458333333333333 0.11018518518518519
94 0.9078125 0.27037037037037037 0.016666666666666666 0.04259259259259259
148 0.3 0.28564814814814815 0.11458333333333333 0.11018518518518519
94 0.9078125 0.27037037037037037 0.016666666666666666 0.04259259259259259
148 0.3 0.28564814814814815 0.11458333333333333 0.11018518518518519
94 0.9078125 0.27037037037037037 0.016666666666666666 0.04259259259259259
148 0.3 0.28564814814814815 0.11458333333333333 0.11018518518518519
