191 0.6765625 0.07592592592592592 0.11041666666666666 0.037037037037037035
191 0.6760416666666667 0.038425925925925926 0.11041666666666666 0.03796296296296296
191 0.6768229166666667 0.1111111111111111 0.10989583333333333 0.037037037037037035
195 0.678125 0.2222222222222222 0.11041666666666666 0.03518518518518519
193 0.6770833333333334 0.1476851851851852 0.11041666666666666 0.03611111111111111
193 0.67734375 0.18518518518518517 0.10989583333333333 0.037037037037037035
191 0.6765625 0.07592592592592592 0.11041666666666666 0.037037037037037035
191 0.6760416666666667 0.038425925925925926 0.11041666666666666 0.03796296296296296
191 0.6768229166666667 0.1111111111111111 0.10989583333333333 0.037037037037037035
195 0.678125 0.2222222222222222 0.11041666666666666 0.03518518518518519
193 0.6770833333333334 0.1476851851851852 0.11041666666666666 0.03611111111111111
193 0.67734375 0.18518518518518517 0.10989583333333333 0.037037037037037035
191 0.6765625 0.07592592592592592 0.11041666666666666 0.037037037037037035
191 0.6760416666666667 0.038425925925925926 0.11041666666666666 0.03796296296296296
191 0.6768229166666667 0.1111111111111111 0.10989583333333333 0.037037037037037035
195 0.678125 0.2222222222222222 0.11041666666666666 0.03518518518518519
193 0.6770833333333334 0.1476851851851852 0.11041666666666666 0.03611111111111111
193 0.67734375 0.18518518518518517 0.10989583333333333 0.037037037037037035
191 0.6765625 0.07592592592592592 0.11041666666666666 0.037037037037037035
191 0.6760416666666667 0.038425925925925926 0.11041666666666666 0.03796296296296296
191 0.6768229166666667 0.1111111111111111 0.10989583333333333 0.037037037037037035
195 0.678125 0.2222222222222222 0.11041666666666666 0.03518518518518519
193 0.6770833333333334 0.1476851851851852 0.11041666666666666 0.03611111111111111
193 0.67734375 0.18518518518518517 0.10989583333333333 0.037037037037037035
191 0.6765625 0.07592592592592592 0.11041666666666666 0.037037037037037035
191 0.6760416666666667 0.038425925925925926 0.11041666666666666 0.03796296296296296
191 0.6768229166666667 0.1111111111111111 0.10989583333333333 0.037037037037037035
195 0.678125 0.2222222222222222 0.11041666666666666 0.03518518518518519
193 0.6770833333333334 0.1476851851851852 0.11041666666666666 0.03611111111111111
193 0.67734375 0.18518518518518517 0.10989583333333333 0.037037037037037035
191 0.6765625 0.07592592592592592 0.11041666666666666 0.037037037037037035
191 0.6760416666666667 0.038425925925925926 0.11041666666666666 0.03796296296296296
191 0.6768229166666667 0.1111111111111111 0.10989583333333333 0.037037037037037035
195 0.678125 0.2222222222222222 0.11041666666666666 0.03518518518518519
193 0.6770833333333334 0.1476851851851852 0.11041666666666666 0.03611111111111111
193 0.67734375 0.18518518518518517 0.10989583333333333 0.037037037037037035
