195 0.6411458333333333 0.225 0.090625 0.02962962962962963
145 0.8864583333333333 0.33101851851851855 0.10625 0.2824074074074074
193 0.6388020833333333 0.04027777777777778 0.09114583333333333 0.03796296296296296
193 0.6401041666666667 0.16342592592592592 0.090625 0.03425925925925926
193 0.6403645833333333 0.19490740740740742 0.09114583333333333 0.03425925925925926
193 0.63984375 0.13240740740740742 0.09114583333333333 0.03518518518518519
193 0.6393229166666666 0.10138888888888889 0.09114583333333333 0.03611111111111111
193 0.6390625 0.07037037037037037 0.09166666666666666 0.03518518518518519
195 0.6411458333333333 0.225 0.090625 0.02962962962962963
145 0.8864583333333333 0.33101851851851855 0.10625 0.2824074074074074
193 0.6388020833333333 0.04027777777777778 0.09114583333333333 0.03796296296296296
193 0.6401041666666667 0.16342592592592592 0.090625 0.03425925925925926
193 0.6403645833333333 0.19490740740740742 0.09114583333333333 0.03425925925925926
193 0.63984375 0.13240740740740742 0.09114583333333333 0.03518518518518519
193 0.6393229166666666 0.10138888888888889 0.09114583333333333 0.03611111111111111
193 0.6390625 0.07037037037037037 0.09166666666666666 0.03518518518518519
195 0.6411458333333333 0.225 0.090625 0.02962962962962963
145 0.8864583333333333 0.33101851851851855 0.10625 0.2824074074074074
193 0.6388020833333333 0.04027777777777778 0.09114583333333333 0.03796296296296296
193 0.6401041666666667 0.16342592592592592 0.090625 0.03425925925925926
193 0.6403645833333333 0.19490740740740742 0.09114583333333333 0.03425925925925926
193 0.63984375 0.13240740740740742 0.09114583333333333 0.03518518518518519
193 0.6393229166666666 0.10138888888888889 0.09114583333333333 0.03611111111111111
193 0.6390625 0.07037037037037037 0.09166666666666666 0.03518518518518519
195 0.6411458333333333 0.225 0.090625 0.02962962962962963
145 0.8864583333333333 0.33101851851851855 0.10625 0.2824074074074074
193 0.6388020833333333 0.04027777777777778 0.09114583333333333 0.03796296296296296
193 0.6401041666666667 0.16342592592592592 0.090625 0.03425925925925926
193 0.6403645833333333 0.19490740740740742 0.09114583333333333 0.03425925925925926
193 0.63984375 0.13240740740740742 0.09114583333333333 0.03518518518518519
193 0.6393229166666666 0.10138888888888889 0.09114583333333333 0.03611111111111111
193 0.6390625 0.07037037037037037 0.09166666666666666 0.03518518518518519
195 0.6411458333333333 0.225 0.090625 0.02962962962962963
145 0.8864583333333333 0.33101851851851855 0.10625 0.2824074074074074
193 0.6388020833333333 0.04027777777777778 0.09114583333333333 0.03796296296296296
193 0.6401041666666667 0.16342592592592592 0.090625 0.03425925925925926
193 0.6403645833333333 0.19490740740740742 0.09114583333333333 0.03425925925925926
193 0.63984375 0.13240740740740742 0.09114583333333333 0.03518518518518519
193 0.6393229166666666 0.10138888888888889 0.09114583333333333 0.03611111111111111
193 0.6390625 0.07037037037037037 0.09166666666666666 0.03518518518518519
