48 0.721875 0.18703703703703703 0.11666666666666667 0.2074074074074074
145 0.5330729166666667 0.2986111111111111 0.0234375 0.06388888888888888
180 0.72265625 0.3574074074074074 0.1109375 0.1259259259259259
48 0.721875 0.18703703703703703 0.11666666666666667 0.2074074074074074
145 0.5330729166666667 0.2986111111111111 0.0234375 0.06388888888888888
180 0.72265625 0.3574074074074074 0.1109375 0.1259259259259259
48 0.721875 0.18703703703703703 0.11666666666666667 0.2074074074074074
145 0.5330729166666667 0.2986111111111111 0.0234375 0.06388888888888888
180 0.72265625 0.3574074074074074 0.1109375 0.1259259259259259
48 0.721875 0.18703703703703703 0.11666666666666667 0.2074074074074074
145 0.5330729166666667 0.2986111111111111 0.0234375 0.06388888888888888
180 0.72265625 0.3574074074074074 0.1109375 0.1259259259259259
48 0.721875 0.18703703703703703 0.11666666666666667 0.2074074074074074
145 0.5330729166666667 0.2986111111111111 0.0234375 0.06388888888888888
180 0.72265625 0.3574074074074074 0.1109375 0.1259259259259259
48 0.721875 0.18703703703703703 0.11666666666666667 0.2074074074074074
145 0.5330729166666667 0.2986111111111111 0.0234375 0.06388888888888888
180 0.72265625 0.3574074074074074 0.1109375 0.1259259259259259
