122 0.7770833333333333 0.38935185185185184 0.128125 0.16574074074074074
43 0.5140625 0.27314814814814814 0.019791666666666666 0.03518518518518519
123 0.6052083333333333 0.27361111111111114 0.019791666666666666 0.03425925925925926
122 0.7770833333333333 0.38935185185185184 0.128125 0.16574074074074074
43 0.5140625 0.27314814814814814 0.019791666666666666 0.03518518518518519
123 0.6052083333333333 0.27361111111111114 0.019791666666666666 0.03425925925925926
122 0.7770833333333333 0.38935185185185184 0.128125 0.16574074074074074
43 0.5140625 0.27314814814814814 0.019791666666666666 0.03518518518518519
123 0.6052083333333333 0.27361111111111114 0.019791666666666666 0.03425925925925926
122 0.7770833333333333 0.38935185185185184 0.128125 0.16574074074074074
43 0.5140625 0.27314814814814814 0.019791666666666666 0.03518518518518519
123 0.6052083333333333 0.27361111111111114 0.019791666666666666 0.03425925925925926
122 0.7770833333333333 0.38935185185185184 0.128125 0.16574074074074074
43 0.5140625 0.27314814814814814 0.019791666666666666 0.03518518518518519
123 0.6052083333333333 0.27361111111111114 0.019791666666666666 0.03425925925925926
122 0.7770833333333333 0.38935185185185184 0.128125 0.16574074074074074
43 0.5140625 0.27314814814814814 0.019791666666666666 0.03518518518518519
123 0.6052083333333333 0.27361111111111114 0.019791666666666666 0.03425925925925926
