143 0.6140625 0.2935185185185185 0.021875 0.03888888888888889
136 0.81796875 0.3013888888888889 0.03177083333333333 0.05648148148148148
172 0.8171875 0.36898148148148147 0.03229166666666667 0.0824074074074074
143 0.6140625 0.2935185185185185 0.021875 0.03888888888888889
136 0.81796875 0.3013888888888889 0.03177083333333333 0.05648148148148148
172 0.8171875 0.36898148148148147 0.03229166666666667 0.0824074074074074
143 0.6140625 0.2935185185185185 0.021875 0.03888888888888889
136 0.81796875 0.3013888888888889 0.03177083333333333 0.05648148148148148
172 0.8171875 0.36898148148148147 0.03229166666666667 0.0824074074074074
143 0.6140625 0.2935185185185185 0.021875 0.03888888888888889
136 0.81796875 0.3013888888888889 0.03177083333333333 0.05648148148148148
172 0.8171875 0.36898148148148147 0.03229166666666667 0.0824074074074074
143 0.6140625 0.2935185185185185 0.021875 0.03888888888888889
136 0.81796875 0.3013888888888889 0.03177083333333333 0.05648148148148148
172 0.8171875 0.36898148148148147 0.03229166666666667 0.0824074074074074
143 0.6140625 0.2935185185185185 0.021875 0.03888888888888889
136 0.81796875 0.3013888888888889 0.03177083333333333 0.05648148148148148
172 0.8171875 0.36898148148148147 0.03229166666666667 0.0824074074074074
