38 0.7864583333333334 0.2125 0.08020833333333334 0.14351851851851852
179 0.78515625 0.4064814814814815 0.08072916666666667 0.10555555555555556
179 0.7861979166666667 0.3194444444444444 0.0796875 0.08333333333333333
38 0.7864583333333334 0.2125 0.08020833333333334 0.14351851851851852
179 0.78515625 0.4064814814814815 0.08072916666666667 0.10555555555555556
179 0.7861979166666667 0.3194444444444444 0.0796875 0.08333333333333333
38 0.7864583333333334 0.2125 0.08020833333333334 0.14351851851851852
179 0.78515625 0.4064814814814815 0.08072916666666667 0.10555555555555556
179 0.7861979166666667 0.3194444444444444 0.0796875 0.08333333333333333
38 0.7864583333333334 0.2125 0.08020833333333334 0.14351851851851852
179 0.78515625 0.4064814814814815 0.08072916666666667 0.10555555555555556
179 0.7861979166666667 0.3194444444444444 0.0796875 0.08333333333333333
38 0.7864583333333334 0.2125 0.08020833333333334 0.14351851851851852
179 0.78515625 0.4064814814814815 0.08072916666666667 0.10555555555555556
179 0.7861979166666667 0.3194444444444444 0.0796875 0.08333333333333333
38 0.7864583333333334 0.2125 0.08020833333333334 0.14351851851851852
179 0.78515625 0.4064814814814815 0.08072916666666667 0.10555555555555556
179 0.7861979166666667 0.3194444444444444 0.0796875 0.08333333333333333
