192 0.7140625 0.2037037037037037 0.12604166666666666 0.044444444444444446
189 0.7138020833333333 0.07592592592592592 0.1265625 0.046296296296296294
195 0.7140625 0.16203703703703703 0.12604166666666666 0.044444444444444446
119 0.59140625 0.3143518518518518 0.0234375 0.04351851851851852
193 0.71328125 0.03564814814814815 0.1265625 0.04722222222222222
192 0.7140625 0.2037037037037037 0.12604166666666666 0.044444444444444446
189 0.7138020833333333 0.07592592592592592 0.1265625 0.046296296296296294
195 0.7140625 0.16203703703703703 0.12604166666666666 0.044444444444444446
119 0.59140625 0.3143518518518518 0.0234375 0.04351851851851852
193 0.71328125 0.03564814814814815 0.1265625 0.04722222222222222
192 0.7140625 0.2037037037037037 0.12604166666666666 0.044444444444444446
189 0.7138020833333333 0.07592592592592592 0.1265625 0.046296296296296294
195 0.7140625 0.16203703703703703 0.12604166666666666 0.044444444444444446
119 0.59140625 0.3143518518518518 0.0234375 0.04351851851851852
193 0.71328125 0.03564814814814815 0.1265625 0.04722222222222222
192 0.7140625 0.2037037037037037 0.12604166666666666 0.044444444444444446
189 0.7138020833333333 0.07592592592592592 0.1265625 0.046296296296296294
195 0.7140625 0.16203703703703703 0.12604166666666666 0.044444444444444446
119 0.59140625 0.3143518518518518 0.0234375 0.04351851851851852
193 0.71328125 0.03564814814814815 0.1265625 0.04722222222222222
192 0.7140625 0.2037037037037037 0.12604166666666666 0.044444444444444446
189 0.7138020833333333 0.07592592592592592 0.1265625 0.046296296296296294
195 0.7140625 0.16203703703703703 0.12604166666666666 0.044444444444444446
119 0.59140625 0.3143518518518518 0.0234375 0.04351851851851852
193 0.71328125 0.03564814814814815 0.1265625 0.04722222222222222
192 0.7140625 0.2037037037037037 0.12604166666666666 0.044444444444444446
189 0.7138020833333333 0.07592592592592592 0.1265625 0.046296296296296294
195 0.7140625 0.16203703703703703 0.12604166666666666 0.044444444444444446
119 0.59140625 0.3143518518518518 0.0234375 0.04351851851851852
193 0.71328125 0.03564814814814815 0.1265625 0.04722222222222222
