136 0.7796875 0.2777777777777778 0.08645833333333333 0.1537037037037037
96 0.7315104166666667 0.44537037037037036 0.0421875 0.07407407407407407
136 0.7796875 0.2777777777777778 0.08645833333333333 0.1537037037037037
96 0.7315104166666667 0.44537037037037036 0.0421875 0.07407407407407407
136 0.7796875 0.2777777777777778 0.08645833333333333 0.1537037037037037
96 0.7315104166666667 0.44537037037037036 0.0421875 0.07407407407407407
136 0.7796875 0.2777777777777778 0.08645833333333333 0.1537037037037037
96 0.7315104166666667 0.44537037037037036 0.0421875 0.07407407407407407
136 0.7796875 0.2777777777777778 0.08645833333333333 0.1537037037037037
96 0.7315104166666667 0.44537037037037036 0.0421875 0.07407407407407407
136 0.7796875 0.2777777777777778 0.08645833333333333 0.1537037037037037
96 0.7315104166666667 0.44537037037037036 0.0421875 0.07407407407407407
