157 0.29791666666666666 0.3125 0.07361111111111111 0.05555555555555555
123 0.3 0.2326388888888889 0.07777777777777778 0.10416666666666667
157 0.29791666666666666 0.3125 0.07361111111111111 0.05555555555555555
123 0.3 0.2326388888888889 0.07777777777777778 0.10416666666666667
157 0.29791666666666666 0.3125 0.07361111111111111 0.05555555555555555
123 0.3 0.2326388888888889 0.07777777777777778 0.10416666666666667
157 0.29791666666666666 0.3125 0.07361111111111111 0.05555555555555555
123 0.3 0.2326388888888889 0.07777777777777778 0.10416666666666667
157 0.29791666666666666 0.3125 0.07361111111111111 0.05555555555555555
123 0.3 0.2326388888888889 0.07777777777777778 0.10416666666666667
157 0.29791666666666666 0.3125 0.07361111111111111 0.05555555555555555
123 0.3 0.2326388888888889 0.07777777777777778 0.10416666666666667
