71 0.8127604166666667 0.2037037037037037 0.05260416666666667 0.09814814814814815
43 0.5690104166666666 0.2796296296296296 0.015104166666666667 0.03333333333333333
71 0.8127604166666667 0.2037037037037037 0.05260416666666667 0.09814814814814815
43 0.5690104166666666 0.2796296296296296 0.015104166666666667 0.03333333333333333
71 0.8127604166666667 0.2037037037037037 0.05260416666666667 0.09814814814814815
43 0.5690104166666666 0.2796296296296296 0.015104166666666667 0.03333333333333333
71 0.8127604166666667 0.2037037037037037 0.05260416666666667 0.09814814814814815
43 0.5690104166666666 0.2796296296296296 0.015104166666666667 0.03333333333333333
71 0.8127604166666667 0.2037037037037037 0.05260416666666667 0.09814814814814815
43 0.5690104166666666 0.2796296296296296 0.015104166666666667 0.03333333333333333
71 0.8127604166666667 0.2037037037037037 0.05260416666666667 0.09814814814814815
43 0.5690104166666666 0.2796296296296296 0.015104166666666667 0.03333333333333333
