116 0.48671875 0.2569444444444444 0.11614583333333334 0.22870370370370371
175 0.49375 0.5291666666666667 0.1125 0.10833333333333334
179 0.49140625 0.42083333333333334 0.1140625 0.11203703703703703
116 0.48671875 0.2569444444444444 0.11614583333333334 0.22870370370370371
175 0.49375 0.5291666666666667 0.1125 0.10833333333333334
179 0.49140625 0.42083333333333334 0.1140625 0.11203703703703703
116 0.48671875 0.2569444444444444 0.11614583333333334 0.22870370370370371
175 0.49375 0.5291666666666667 0.1125 0.10833333333333334
179 0.49140625 0.42083333333333334 0.1140625 0.11203703703703703
116 0.48671875 0.2569444444444444 0.11614583333333334 0.22870370370370371
175 0.49375 0.5291666666666667 0.1125 0.10833333333333334
179 0.49140625 0.42083333333333334 0.1140625 0.11203703703703703
116 0.48671875 0.2569444444444444 0.11614583333333334 0.22870370370370371
175 0.49375 0.5291666666666667 0.1125 0.10833333333333334
179 0.49140625 0.42083333333333334 0.1140625 0.11203703703703703
116 0.48671875 0.2569444444444444 0.11614583333333334 0.22870370370370371
175 0.49375 0.5291666666666667 0.1125 0.10833333333333334
179 0.49140625 0.42083333333333334 0.1140625 0.11203703703703703
