77 0.31180555555555556 0.2222222222222222 0.05138888888888889 0.06597222222222222
78 0.31180555555555556 0.2855902777777778 0.04861111111111111 0.0642361111111111
77 0.31180555555555556 0.2222222222222222 0.05138888888888889 0.06597222222222222
78 0.31180555555555556 0.2855902777777778 0.04861111111111111 0.0642361111111111
77 0.31180555555555556 0.2222222222222222 0.05138888888888889 0.06597222222222222
78 0.31180555555555556 0.2855902777777778 0.04861111111111111 0.0642361111111111
77 0.31180555555555556 0.2222222222222222 0.05138888888888889 0.06597222222222222
78 0.31180555555555556 0.2855902777777778 0.04861111111111111 0.0642361111111111
77 0.31180555555555556 0.2222222222222222 0.05138888888888889 0.06597222222222222
78 0.31180555555555556 0.2855902777777778 0.04861111111111111 0.0642361111111111
77 0.31180555555555556 0.2222222222222222 0.05138888888888889 0.06597222222222222
78 0.31180555555555556 0.2855902777777778 0.04861111111111111 0.0642361111111111
