23 0.70625 0.38657407407407407 0.12395833333333334 0.21203703703703702
173 0.7059895833333333 0.5203703703703704 0.0859375 0.07592592592592592
23 0.70625 0.38657407407407407 0.12395833333333334 0.21203703703703702
173 0.7059895833333333 0.5203703703703704 0.0859375 0.07592592592592592
23 0.70625 0.38657407407407407 0.12395833333333334 0.21203703703703702
173 0.7059895833333333 0.5203703703703704 0.0859375 0.07592592592592592
23 0.70625 0.38657407407407407 0.12395833333333334 0.21203703703703702
173 0.7059895833333333 0.5203703703703704 0.0859375 0.07592592592592592
23 0.70625 0.38657407407407407 0.12395833333333334 0.21203703703703702
173 0.7059895833333333 0.5203703703703704 0.0859375 0.07592592592592592
23 0.70625 0.38657407407407407 0.12395833333333334 0.21203703703703702
173 0.7059895833333333 0.5203703703703704 0.0859375 0.07592592592592592
