87 0.13723958333333333 0.4300925925925926 0.030729166666666665 0.05462962962962963
87 0.3497395833333333 0.40694444444444444 0.0265625 0.049074074074074076
87 0.25677083333333334 0.41944444444444445 0.029166666666666667 0.05185185185185185
74 0.35052083333333334 0.3537037037037037 0.03125 0.05925925925925926
87 0.13723958333333333 0.4300925925925926 0.030729166666666665 0.05462962962962963
87 0.3497395833333333 0.40694444444444444 0.0265625 0.049074074074074076
87 0.25677083333333334 0.41944444444444445 0.029166666666666667 0.05185185185185185
74 0.35052083333333334 0.3537037037037037 0.03125 0.05925925925925926
87 0.13723958333333333 0.4300925925925926 0.030729166666666665 0.05462962962962963
87 0.3497395833333333 0.40694444444444444 0.0265625 0.049074074074074076
87 0.25677083333333334 0.41944444444444445 0.029166666666666667 0.05185185185185185
74 0.35052083333333334 0.3537037037037037 0.03125 0.05925925925925926
87 0.13723958333333333 0.4300925925925926 0.030729166666666665 0.05462962962962963
87 0.3497395833333333 0.40694444444444444 0.0265625 0.049074074074074076
87 0.25677083333333334 0.41944444444444445 0.029166666666666667 0.05185185185185185
74 0.35052083333333334 0.3537037037037037 0.03125 0.05925925925925926
87 0.13723958333333333 0.4300925925925926 0.030729166666666665 0.05462962962962963
87 0.3497395833333333 0.40694444444444444 0.0265625 0.049074074074074076
87 0.25677083333333334 0.41944444444444445 0.029166666666666667 0.05185185185185185
74 0.35052083333333334 0.3537037037037037 0.03125 0.05925925925925926
