194 0.76796875 0.11018518518518519 0.14114583333333333 0.053703703703703705
119 0.5268229166666667 0.20787037037037037 0.025520833333333333 0.04537037037037037
194 0.76796875 0.11018518518518519 0.14114583333333333 0.053703703703703705
119 0.5268229166666667 0.20787037037037037 0.025520833333333333 0.04537037037037037
194 0.76796875 0.11018518518518519 0.14114583333333333 0.053703703703703705
119 0.5268229166666667 0.20787037037037037 0.025520833333333333 0.04537037037037037
194 0.76796875 0.11018518518518519 0.14114583333333333 0.053703703703703705
119 0.5268229166666667 0.20787037037037037 0.025520833333333333 0.04537037037037037
194 0.76796875 0.11018518518518519 0.14114583333333333 0.053703703703703705
119 0.5268229166666667 0.20787037037037037 0.025520833333333333 0.04537037037037037
194 0.76796875 0.11018518518518519 0.14114583333333333 0.053703703703703705
119 0.5268229166666667 0.20787037037037037 0.025520833333333333 0.04537037037037037
