122 0.7994791666666666 0.3398148148148148 0.121875 0.16111111111111112
43 0.6838541666666667 0.33101851851851855 0.04791666666666667 0.08611111111111111
122 0.7994791666666666 0.3398148148148148 0.121875 0.16111111111111112
43 0.6838541666666667 0.33101851851851855 0.04791666666666667 0.08611111111111111
122 0.7994791666666666 0.3398148148148148 0.121875 0.16111111111111112
43 0.6838541666666667 0.33101851851851855 0.04791666666666667 0.08611111111111111
122 0.7994791666666666 0.3398148148148148 0.121875 0.16111111111111112
43 0.6838541666666667 0.33101851851851855 0.04791666666666667 0.08611111111111111
122 0.7994791666666666 0.3398148148148148 0.121875 0.16111111111111112
43 0.6838541666666667 0.33101851851851855 0.04791666666666667 0.08611111111111111
122 0.7994791666666666 0.3398148148148148 0.121875 0.16111111111111112
43 0.6838541666666667 0.33101851851851855 0.04791666666666667 0.08611111111111111
