41 0.5159722222222223 0.3263888888888889 0.09583333333333334 0.12152777777777778
179 0.5041666666666667 0.4166666666666667 0.1 0.08333333333333333
108 0.5277777777777778 0.2048611111111111 0.10555555555555556 0.1423611111111111
41 0.5159722222222223 0.3263888888888889 0.09583333333333334 0.12152777777777778
179 0.5041666666666667 0.4166666666666667 0.1 0.08333333333333333
108 0.5277777777777778 0.2048611111111111 0.10555555555555556 0.1423611111111111
41 0.5159722222222223 0.3263888888888889 0.09583333333333334 0.12152777777777778
179 0.5041666666666667 0.4166666666666667 0.1 0.08333333333333333
108 0.5277777777777778 0.2048611111111111 0.10555555555555556 0.1423611111111111
41 0.5159722222222223 0.3263888888888889 0.09583333333333334 0.12152777777777778
179 0.5041666666666667 0.4166666666666667 0.1 0.08333333333333333
108 0.5277777777777778 0.2048611111111111 0.10555555555555556 0.1423611111111111
41 0.5159722222222223 0.3263888888888889 0.09583333333333334 0.12152777777777778
179 0.5041666666666667 0.4166666666666667 0.1 0.08333333333333333
108 0.5277777777777778 0.2048611111111111 0.10555555555555556 0.1423611111111111
41 0.5159722222222223 0.3263888888888889 0.09583333333333334 0.12152777777777778
179 0.5041666666666667 0.4166666666666667 0.1 0.08333333333333333
108 0.5277777777777778 0.2048611111111111 0.10555555555555556 0.1423611111111111
