12 0.75546875 0.24814814814814815 0.1265625 0.20555555555555555
173 0.75390625 0.38472222222222224 0.0859375 0.06944444444444445
12 0.75546875 0.24814814814814815 0.1265625 0.20555555555555555
173 0.75390625 0.38472222222222224 0.0859375 0.06944444444444445
12 0.75546875 0.24814814814814815 0.1265625 0.20555555555555555
173 0.75390625 0.38472222222222224 0.0859375 0.06944444444444445
12 0.75546875 0.24814814814814815 0.1265625 0.20555555555555555
173 0.75390625 0.38472222222222224 0.0859375 0.06944444444444445
12 0.75546875 0.24814814814814815 0.1265625 0.20555555555555555
173 0.75390625 0.38472222222222224 0.0859375 0.06944444444444445
12 0.75546875 0.24814814814814815 0.1265625 0.20555555555555555
173 0.75390625 0.38472222222222224 0.0859375 0.06944444444444445
