77 0.5090277777777777 0.3975694444444444 0.05138888888888889 0.06597222222222222
179 0.50625 0.4592013888888889 0.04861111111111111 0.05381944444444445
78 0.5118055555555555 0.3298611111111111 0.04861111111111111 0.06597222222222222
77 0.5090277777777777 0.3975694444444444 0.05138888888888889 0.06597222222222222
179 0.50625 0.4592013888888889 0.04861111111111111 0.05381944444444445
78 0.5118055555555555 0.3298611111111111 0.04861111111111111 0.06597222222222222
77 0.5090277777777777 0.3975694444444444 0.05138888888888889 0.06597222222222222
179 0.50625 0.4592013888888889 0.04861111111111111 0.05381944444444445
78 0.5118055555555555 0.3298611111111111 0.04861111111111111 0.06597222222222222
77 0.5090277777777777 0.3975694444444444 0.05138888888888889 0.06597222222222222
179 0.50625 0.4592013888888889 0.04861111111111111 0.05381944444444445
78 0.5118055555555555 0.3298611111111111 0.04861111111111111 0.06597222222222222
77 0.5090277777777777 0.3975694444444444 0.05138888888888889 0.06597222222222222
179 0.50625 0.4592013888888889 0.04861111111111111 0.05381944444444445
78 0.5118055555555555 0.3298611111111111 0.04861111111111111 0.06597222222222222
77 0.5090277777777777 0.3975694444444444 0.05138888888888889 0.06597222222222222
179 0.50625 0.4592013888888889 0.04861111111111111 0.05381944444444445
78 0.5118055555555555 0.3298611111111111 0.04861111111111111 0.06597222222222222
