116 0.72265625 0.23657407407407408 0.0921875 0.1712962962962963
179 0.7221354166666667 0.36435185185185187 0.09114583333333333 0.08425925925925926
179 0.7216145833333333 0.4486111111111111 0.08802083333333334 0.0712962962962963
117 0.48489583333333336 0.3175925925925926 0.016666666666666666 0.02962962962962963
116 0.72265625 0.23657407407407408 0.0921875 0.1712962962962963
179 0.7221354166666667 0.36435185185185187 0.09114583333333333 0.08425925925925926
179 0.7216145833333333 0.4486111111111111 0.08802083333333334 0.0712962962962963
117 0.48489583333333336 0.3175925925925926 0.016666666666666666 0.02962962962962963
116 0.72265625 0.23657407407407408 0.0921875 0.1712962962962963
179 0.7221354166666667 0.36435185185185187 0.09114583333333333 0.08425925925925926
179 0.7216145833333333 0.4486111111111111 0.08802083333333334 0.0712962962962963
117 0.48489583333333336 0.3175925925925926 0.016666666666666666 0.02962962962962963
116 0.72265625 0.23657407407407408 0.0921875 0.1712962962962963
179 0.7221354166666667 0.36435185185185187 0.09114583333333333 0.08425925925925926
179 0.7216145833333333 0.4486111111111111 0.08802083333333334 0.0712962962962963
117 0.48489583333333336 0.3175925925925926 0.016666666666666666 0.02962962962962963
116 0.72265625 0.23657407407407408 0.0921875 0.1712962962962963
179 0.7221354166666667 0.36435185185185187 0.09114583333333333 0.08425925925925926
179 0.7216145833333333 0.4486111111111111 0.08802083333333334 0.0712962962962963
117 0.48489583333333336 0.3175925925925926 0.016666666666666666 0.02962962962962963
116 0.72265625 0.23657407407407408 0.0921875 0.1712962962962963
179 0.7221354166666667 0.36435185185185187 0.09114583333333333 0.08425925925925926
179 0.7216145833333333 0.4486111111111111 0.08802083333333334 0.0712962962962963
117 0.48489583333333336 0.3175925925925926 0.016666666666666666 0.02962962962962963
