75 0.75390625 0.6296296296296297 0.10260416666666666 0.18703703703703703
173 0.6794270833333333 0.43194444444444446 0.05677083333333333 0.05462962962962963
13 0.68046875 0.3435185185185185 0.0796875 0.14629629629629629
75 0.75390625 0.6296296296296297 0.10260416666666666 0.18703703703703703
173 0.6794270833333333 0.43194444444444446 0.05677083333333333 0.05462962962962963
13 0.68046875 0.3435185185185185 0.0796875 0.14629629629629629
75 0.75390625 0.6296296296296297 0.10260416666666666 0.18703703703703703
173 0.6794270833333333 0.43194444444444446 0.05677083333333333 0.05462962962962963
13 0.68046875 0.3435185185185185 0.0796875 0.14629629629629629
75 0.75390625 0.6296296296296297 0.10260416666666666 0.18703703703703703
173 0.6794270833333333 0.43194444444444446 0.05677083333333333 0.05462962962962963
13 0.68046875 0.3435185185185185 0.0796875 0.14629629629629629
75 0.75390625 0.6296296296296297 0.10260416666666666 0.18703703703703703
173 0.6794270833333333 0.43194444444444446 0.05677083333333333 0.05462962962962963
13 0.68046875 0.3435185185185185 0.0796875 0.14629629629629629
75 0.75390625 0.6296296296296297 0.10260416666666666 0.18703703703703703
173 0.6794270833333333 0.43194444444444446 0.05677083333333333 0.05462962962962963
13 0.68046875 0.3435185185185185 0.0796875 0.14629629629629629
