157 0.2388888888888889 0.3142361111111111 0.075 0.0625
123 0.24027777777777778 0.2282986111111111 0.08055555555555556 0.109375
157 0.2388888888888889 0.3142361111111111 0.075 0.0625
123 0.24027777777777778 0.2282986111111111 0.08055555555555556 0.109375
157 0.2388888888888889 0.3142361111111111 0.075 0.0625
123 0.24027777777777778 0.2282986111111111 0.08055555555555556 0.109375
157 0.2388888888888889 0.3142361111111111 0.075 0.0625
123 0.24027777777777778 0.2282986111111111 0.08055555555555556 0.109375
157 0.2388888888888889 0.3142361111111111 0.075 0.0625
123 0.24027777777777778 0.2282986111111111 0.08055555555555556 0.109375
157 0.2388888888888889 0.3142361111111111 0.075 0.0625
123 0.24027777777777778 0.2282986111111111 0.08055555555555556 0.109375
