93 0.09322916666666667 0.33055555555555555 0.030208333333333334 0.07407407407407407
59 0.7598958333333333 0.30324074074074076 0.040625 0.075
93 0.66796875 0.30462962962962964 0.033854166666666664 0.07962962962962963
143 0.6184895833333334 0.2796296296296296 0.058854166666666666 0.09444444444444444
175 0.7596354166666667 0.3587962962962963 0.0421875 0.03981481481481482
93 0.09322916666666667 0.33055555555555555 0.030208333333333334 0.07407407407407407
59 0.7598958333333333 0.30324074074074076 0.040625 0.075
93 0.66796875 0.30462962962962964 0.033854166666666664 0.07962962962962963
143 0.6184895833333334 0.2796296296296296 0.058854166666666666 0.09444444444444444
175 0.7596354166666667 0.3587962962962963 0.0421875 0.03981481481481482
93 0.09322916666666667 0.33055555555555555 0.030208333333333334 0.07407407407407407
59 0.7598958333333333 0.30324074074074076 0.040625 0.075
93 0.66796875 0.30462962962962964 0.033854166666666664 0.07962962962962963
143 0.6184895833333334 0.2796296296296296 0.058854166666666666 0.09444444444444444
175 0.7596354166666667 0.3587962962962963 0.0421875 0.03981481481481482
93 0.09322916666666667 0.33055555555555555 0.030208333333333334 0.07407407407407407
59 0.7598958333333333 0.30324074074074076 0.040625 0.075
93 0.66796875 0.30462962962962964 0.033854166666666664 0.07962962962962963
143 0.6184895833333334 0.2796296296296296 0.058854166666666666 0.09444444444444444
175 0.7596354166666667 0.3587962962962963 0.0421875 0.03981481481481482
93 0.09322916666666667 0.33055555555555555 0.030208333333333334 0.07407407407407407
59 0.7598958333333333 0.30324074074074076 0.040625 0.075
93 0.66796875 0.30462962962962964 0.033854166666666664 0.07962962962962963
143 0.6184895833333334 0.2796296296296296 0.058854166666666666 0.09444444444444444
175 0.7596354166666667 0.3587962962962963 0.0421875 0.03981481481481482
93 0.09322916666666667 0.33055555555555555 0.030208333333333334 0.07407407407407407
59 0.7598958333333333 0.30324074074074076 0.040625 0.075
93 0.66796875 0.30462962962962964 0.033854166666666664 0.07962962962962963
143 0.6184895833333334 0.2796296296296296 0.058854166666666666 0.09444444444444444
175 0.7596354166666667 0.3587962962962963 0.0421875 0.03981481481481482
