172 0.7895833333333333 0.24305555555555555 0.051041666666666666 0.12314814814814815
53 0.7893229166666667 0.125 0.0640625 0.12037037037037036
196 0.60625 0.2175925925925926 0.05 0.08333333333333333
172 0.7895833333333333 0.24305555555555555 0.051041666666666666 0.12314814814814815
53 0.7893229166666667 0.125 0.0640625 0.12037037037037036
196 0.60625 0.2175925925925926 0.05 0.08333333333333333
172 0.7895833333333333 0.24305555555555555 0.051041666666666666 0.12314814814814815
53 0.7893229166666667 0.125 0.0640625 0.12037037037037036
196 0.60625 0.2175925925925926 0.05 0.08333333333333333
172 0.7895833333333333 0.24305555555555555 0.051041666666666666 0.12314814814814815
53 0.7893229166666667 0.125 0.0640625 0.12037037037037036
196 0.60625 0.2175925925925926 0.05 0.08333333333333333
172 0.7895833333333333 0.24305555555555555 0.051041666666666666 0.12314814814814815
53 0.7893229166666667 0.125 0.0640625 0.12037037037037036
196 0.60625 0.2175925925925926 0.05 0.08333333333333333
172 0.7895833333333333 0.24305555555555555 0.051041666666666666 0.12314814814814815
53 0.7893229166666667 0.125 0.0640625 0.12037037037037036
196 0.60625 0.2175925925925926 0.05 0.08333333333333333
