195 0.64609375 0.23333333333333334 0.1015625 0.03518518518518519
191 0.6447916666666667 0.09722222222222222 0.10104166666666667 0.03333333333333333
191 0.6442708333333333 0.06435185185185185 0.10208333333333333 0.03425925925925926
191 0.6440104166666667 0.031018518518518518 0.1015625 0.03425925925925926
192 0.64609375 0.1986111111111111 0.1015625 0.032407407407407406
192 0.6455729166666667 0.13148148148148148 0.1015625 0.03333333333333333
192 0.6458333333333334 0.1638888888888889 0.10104166666666667 0.03333333333333333
195 0.64609375 0.23333333333333334 0.1015625 0.03518518518518519
191 0.6447916666666667 0.09722222222222222 0.10104166666666667 0.03333333333333333
191 0.6442708333333333 0.06435185185185185 0.10208333333333333 0.03425925925925926
191 0.6440104166666667 0.031018518518518518 0.1015625 0.03425925925925926
192 0.64609375 0.1986111111111111 0.1015625 0.032407407407407406
192 0.6455729166666667 0.13148148148148148 0.1015625 0.03333333333333333
192 0.6458333333333334 0.1638888888888889 0.10104166666666667 0.03333333333333333
195 0.64609375 0.23333333333333334 0.1015625 0.03518518518518519
191 0.6447916666666667 0.09722222222222222 0.10104166666666667 0.03333333333333333
191 0.6442708333333333 0.06435185185185185 0.10208333333333333 0.03425925925925926
191 0.6440104166666667 0.031018518518518518 0.1015625 0.03425925925925926
192 0.64609375 0.1986111111111111 0.1015625 0.032407407407407406
192 0.6455729166666667 0.13148148148148148 0.1015625 0.03333333333333333
192 0.6458333333333334 0.1638888888888889 0.10104166666666667 0.03333333333333333
195 0.64609375 0.23333333333333334 0.1015625 0.03518518518518519
191 0.6447916666666667 0.09722222222222222 0.10104166666666667 0.03333333333333333
191 0.6442708333333333 0.06435185185185185 0.10208333333333333 0.03425925925925926
191 0.6440104166666667 0.031018518518518518 0.1015625 0.03425925925925926
192 0.64609375 0.1986111111111111 0.1015625 0.032407407407407406
192 0.6455729166666667 0.13148148148148148 0.1015625 0.03333333333333333
192 0.6458333333333334 0.1638888888888889 0.10104166666666667 0.03333333333333333
195 0.64609375 0.23333333333333334 0.1015625 0.03518518518518519
191 0.6447916666666667 0.09722222222222222 0.10104166666666667 0.03333333333333333
191 0.6442708333333333 0.06435185185185185 0.10208333333333333 0.03425925925925926
191 0.6440104166666667 0.031018518518518518 0.1015625 0.03425925925925926
192 0.64609375 0.1986111111111111 0.1015625 0.032407407407407406
192 0.6455729166666667 0.13148148148148148 0.1015625 0.03333333333333333
192 0.6458333333333334 0.1638888888888889 0.10104166666666667 0.03333333333333333
195 0.64609375 0.23333333333333334 0.1015625 0.03518518518518519
191 0.6447916666666667 0.09722222222222222 0.10104166666666667 0.03333333333333333
191 0.6442708333333333 0.06435185185185185 0.10208333333333333 0.03425925925925926
191 0.6440104166666667 0.031018518518518518 0.1015625 0.03425925925925926
192 0.64609375 0.1986111111111111 0.1015625 0.032407407407407406
192 0.6455729166666667 0.13148148148148148 0.1015625 0.03333333333333333
192 0.6458333333333334 0.1638888888888889 0.10104166666666667 0.03333333333333333
