75 0.5330729166666667 0.31712962962962965 0.0265625 0.04722222222222222
37 0.9447916666666667 0.32222222222222224 0.036458333333333336 0.05925925925925926
136 0.3606770833333333 0.1712962962962963 0.0171875 0.03148148148148148
186 0.54921875 0.38287037037037036 0.015104166666666667 0.075
74 0.5583333333333333 0.31666666666666665 0.026041666666666668 0.046296296296296294
75 0.5330729166666667 0.31712962962962965 0.0265625 0.04722222222222222
37 0.9447916666666667 0.32222222222222224 0.036458333333333336 0.05925925925925926
136 0.3606770833333333 0.1712962962962963 0.0171875 0.03148148148148148
186 0.54921875 0.38287037037037036 0.015104166666666667 0.075
74 0.5583333333333333 0.31666666666666665 0.026041666666666668 0.046296296296296294
