121 0.8111979166666666 0.29074074074074074 0.10677083333333333 0.13333333333333333
142 0.553125 0.30092592592592593 0.017708333333333333 0.03148148148148148
121 0.8111979166666666 0.29074074074074074 0.10677083333333333 0.13333333333333333
142 0.553125 0.30092592592592593 0.017708333333333333 0.03148148148148148
121 0.8111979166666666 0.29074074074074074 0.10677083333333333 0.13333333333333333
142 0.553125 0.30092592592592593 0.017708333333333333 0.03148148148148148
121 0.8111979166666666 0.29074074074074074 0.10677083333333333 0.13333333333333333
142 0.553125 0.30092592592592593 0.017708333333333333 0.03148148148148148
121 0.8111979166666666 0.29074074074074074 0.10677083333333333 0.13333333333333333
142 0.553125 0.30092592592592593 0.017708333333333333 0.03148148148148148
121 0.8111979166666666 0.29074074074074074 0.10677083333333333 0.13333333333333333
142 0.553125 0.30092592592592593 0.017708333333333333 0.03148148148148148
