93 0.8252604166666667 0.2412037037037037 0.13697916666666668 0.38425925925925924
155 0.8182291666666667 0.3962962962962963 0.12395833333333334 0.07222222222222222
93 0.8252604166666667 0.2412037037037037 0.13697916666666668 0.38425925925925924
155 0.8182291666666667 0.3962962962962963 0.12395833333333334 0.07222222222222222
93 0.8252604166666667 0.2412037037037037 0.13697916666666668 0.38425925925925924
155 0.8182291666666667 0.3962962962962963 0.12395833333333334 0.07222222222222222
93 0.8252604166666667 0.2412037037037037 0.13697916666666668 0.38425925925925924
155 0.8182291666666667 0.3962962962962963 0.12395833333333334 0.07222222222222222
93 0.8252604166666667 0.2412037037037037 0.13697916666666668 0.38425925925925924
155 0.8182291666666667 0.3962962962962963 0.12395833333333334 0.07222222222222222
