195 0.7096354166666666 0.10231481481481482 0.1765625 0.05648148148148148
195 0.7104166666666667 0.16064814814814815 0.17604166666666668 0.05648148148148148
195 0.7096354166666666 0.10231481481481482 0.1765625 0.05648148148148148
195 0.7104166666666667 0.16064814814814815 0.17604166666666668 0.05648148148148148
195 0.7096354166666666 0.10231481481481482 0.1765625 0.05648148148148148
195 0.7104166666666667 0.16064814814814815 0.17604166666666668 0.05648148148148148
195 0.7096354166666666 0.10231481481481482 0.1765625 0.05648148148148148
195 0.7104166666666667 0.16064814814814815 0.17604166666666668 0.05648148148148148
195 0.7096354166666666 0.10231481481481482 0.1765625 0.05648148148148148
195 0.7104166666666667 0.16064814814814815 0.17604166666666668 0.05648148148148148
