191 0.8955729166666667 0.1912037037037037 0.18385416666666668 0.06944444444444445
192 0.8958333333333334 0.12731481481481483 0.184375 0.0712962962962963
37 0.7591145833333334 0.19398148148148148 0.05364583333333333 0.08425925925925926
76 0.76015625 0.2625 0.0359375 0.06388888888888888
69 0.3796875 0.32731481481481484 0.021875 0.03981481481481482
191 0.8955729166666667 0.1912037037037037 0.18385416666666668 0.06944444444444445
192 0.8958333333333334 0.12731481481481483 0.184375 0.0712962962962963
37 0.7591145833333334 0.19398148148148148 0.05364583333333333 0.08425925925925926
76 0.76015625 0.2625 0.0359375 0.06388888888888888
69 0.3796875 0.32731481481481484 0.021875 0.03981481481481482
