170 0.7596354166666667 0.44027777777777777 0.0984375 0.10092592592592593
86 0.490625 0.3425925925925926 0.028125 0.05740740740740741
86 0.44505208333333335 0.3148148148148148 0.0265625 0.044444444444444446
35 0.76015625 0.2777777777777778 0.1453125 0.2518518518518518
86 0.38046875 0.30324074074074076 0.018229166666666668 0.032407407407407406
170 0.7596354166666667 0.44027777777777777 0.0984375 0.10092592592592593
86 0.490625 0.3425925925925926 0.028125 0.05740740740740741
86 0.44505208333333335 0.3148148148148148 0.0265625 0.044444444444444446
35 0.76015625 0.2777777777777778 0.1453125 0.2518518518518518
86 0.38046875 0.30324074074074076 0.018229166666666668 0.032407407407407406
