122 0.8213541666666667 0.2898148148148148 0.084375 0.1
167 0.6856770833333333 0.3 0.027604166666666666 0.053703703703703705
43 0.6854166666666667 0.24861111111111112 0.027083333333333334 0.05277777777777778
122 0.8213541666666667 0.2898148148148148 0.084375 0.1
167 0.6856770833333333 0.3 0.027604166666666666 0.053703703703703705
43 0.6854166666666667 0.24861111111111112 0.027083333333333334 0.05277777777777778
122 0.8213541666666667 0.2898148148148148 0.084375 0.1
167 0.6856770833333333 0.3 0.027604166666666666 0.053703703703703705
43 0.6854166666666667 0.24861111111111112 0.027083333333333334 0.05277777777777778
122 0.8213541666666667 0.2898148148148148 0.084375 0.1
167 0.6856770833333333 0.3 0.027604166666666666 0.053703703703703705
43 0.6854166666666667 0.24861111111111112 0.027083333333333334 0.05277777777777778
122 0.8213541666666667 0.2898148148148148 0.084375 0.1
167 0.6856770833333333 0.3 0.027604166666666666 0.053703703703703705
43 0.6854166666666667 0.24861111111111112 0.027083333333333334 0.05277777777777778
122 0.8213541666666667 0.2898148148148148 0.084375 0.1
167 0.6856770833333333 0.3 0.027604166666666666 0.053703703703703705
43 0.6854166666666667 0.24861111111111112 0.027083333333333334 0.05277777777777778
