187 0.5652777777777778 0.2152777777777778 0.20555555555555555 0.05555555555555555
187 0.5638888888888889 0.16666666666666666 0.20555555555555555 0.052083333333333336
188 0.5673611111111111 0.2612847222222222 0.20694444444444443 0.05381944444444445
188 0.5680555555555555 0.3133680555555556 0.20555555555555555 0.05381944444444445
193 0.5631944444444444 0.11631944444444445 0.20972222222222223 0.059027777777777776
193 0.5631944444444444 0.06770833333333333 0.20972222222222223 0.059027777777777776
187 0.5652777777777778 0.2152777777777778 0.20555555555555555 0.05555555555555555
187 0.5638888888888889 0.16666666666666666 0.20555555555555555 0.052083333333333336
188 0.5673611111111111 0.2612847222222222 0.20694444444444443 0.05381944444444445
188 0.5680555555555555 0.3133680555555556 0.20555555555555555 0.05381944444444445
193 0.5631944444444444 0.11631944444444445 0.20972222222222223 0.059027777777777776
193 0.5631944444444444 0.06770833333333333 0.20972222222222223 0.059027777777777776
187 0.5652777777777778 0.2152777777777778 0.20555555555555555 0.05555555555555555
187 0.5638888888888889 0.16666666666666666 0.20555555555555555 0.052083333333333336
188 0.5673611111111111 0.2612847222222222 0.20694444444444443 0.05381944444444445
188 0.5680555555555555 0.3133680555555556 0.20555555555555555 0.05381944444444445
193 0.5631944444444444 0.11631944444444445 0.20972222222222223 0.059027777777777776
193 0.5631944444444444 0.06770833333333333 0.20972222222222223 0.059027777777777776
187 0.5652777777777778 0.2152777777777778 0.20555555555555555 0.05555555555555555
187 0.5638888888888889 0.16666666666666666 0.20555555555555555 0.052083333333333336
188 0.5673611111111111 0.2612847222222222 0.20694444444444443 0.05381944444444445
188 0.5680555555555555 0.3133680555555556 0.20555555555555555 0.05381944444444445
193 0.5631944444444444 0.11631944444444445 0.20972222222222223 0.059027777777777776
193 0.5631944444444444 0.06770833333333333 0.20972222222222223 0.059027777777777776
187 0.5652777777777778 0.2152777777777778 0.20555555555555555 0.05555555555555555
187 0.5638888888888889 0.16666666666666666 0.20555555555555555 0.052083333333333336
188 0.5673611111111111 0.2612847222222222 0.20694444444444443 0.05381944444444445
188 0.5680555555555555 0.3133680555555556 0.20555555555555555 0.05381944444444445
193 0.5631944444444444 0.11631944444444445 0.20972222222222223 0.059027777777777776
193 0.5631944444444444 0.06770833333333333 0.20972222222222223 0.059027777777777776
187 0.5652777777777778 0.2152777777777778 0.20555555555555555 0.05555555555555555
187 0.5638888888888889 0.16666666666666666 0.20555555555555555 0.052083333333333336
188 0.5673611111111111 0.2612847222222222 0.20694444444444443 0.05381944444444445
188 0.5680555555555555 0.3133680555555556 0.20555555555555555 0.05381944444444445
193 0.5631944444444444 0.11631944444444445 0.20972222222222223 0.059027777777777776
193 0.5631944444444444 0.06770833333333333 0.20972222222222223 0.059027777777777776
