45 0.66171875 0.36157407407407405 0.0953125 0.175
81 0.6588541666666666 0.5375 0.09479166666666666 0.175
45 0.66171875 0.36157407407407405 0.0953125 0.175
81 0.6588541666666666 0.5375 0.09479166666666666 0.175
45 0.66171875 0.36157407407407405 0.0953125 0.175
81 0.6588541666666666 0.5375 0.09479166666666666 0.175
45 0.66171875 0.36157407407407405 0.0953125 0.175
81 0.6588541666666666 0.5375 0.09479166666666666 0.175
45 0.66171875 0.36157407407407405 0.0953125 0.175
81 0.6588541666666666 0.5375 0.09479166666666666 0.175
45 0.66171875 0.36157407407407405 0.0953125 0.175
81 0.6588541666666666 0.5375 0.09479166666666666 0.175
