125 0.8434895833333333 0.15648148148148147 0.044270833333333336 0.08518518518518518
177 0.84375 0.21296296296296297 0.04375 0.027777777777777776
129 0.8424479166666666 0.2884259259259259 0.0453125 0.13055555555555556
125 0.8434895833333333 0.15648148148148147 0.044270833333333336 0.08518518518518518
177 0.84375 0.21296296296296297 0.04375 0.027777777777777776
129 0.8424479166666666 0.2884259259259259 0.0453125 0.13055555555555556
125 0.8434895833333333 0.15648148148148147 0.044270833333333336 0.08518518518518518
177 0.84375 0.21296296296296297 0.04375 0.027777777777777776
129 0.8424479166666666 0.2884259259259259 0.0453125 0.13055555555555556
125 0.8434895833333333 0.15648148148148147 0.044270833333333336 0.08518518518518518
177 0.84375 0.21296296296296297 0.04375 0.027777777777777776
129 0.8424479166666666 0.2884259259259259 0.0453125 0.13055555555555556
125 0.8434895833333333 0.15648148148148147 0.044270833333333336 0.08518518518518518
177 0.84375 0.21296296296296297 0.04375 0.027777777777777776
129 0.8424479166666666 0.2884259259259259 0.0453125 0.13055555555555556
125 0.8434895833333333 0.15648148148148147 0.044270833333333336 0.08518518518518518
177 0.84375 0.21296296296296297 0.04375 0.027777777777777776
129 0.8424479166666666 0.2884259259259259 0.0453125 0.13055555555555556
