158 0.4638888888888889 0.3567708333333333 0.09722222222222222 0.0642361111111111
59 0.4701388888888889 0.16319444444444445 0.09861111111111111 0.13194444444444445
179 0.4666666666666667 0.2769097222222222 0.1 0.08506944444444445
158 0.4638888888888889 0.3567708333333333 0.09722222222222222 0.0642361111111111
59 0.4701388888888889 0.16319444444444445 0.09861111111111111 0.13194444444444445
179 0.4666666666666667 0.2769097222222222 0.1 0.08506944444444445
158 0.4638888888888889 0.3567708333333333 0.09722222222222222 0.0642361111111111
59 0.4701388888888889 0.16319444444444445 0.09861111111111111 0.13194444444444445
179 0.4666666666666667 0.2769097222222222 0.1 0.08506944444444445
158 0.4638888888888889 0.3567708333333333 0.09722222222222222 0.0642361111111111
59 0.4701388888888889 0.16319444444444445 0.09861111111111111 0.13194444444444445
179 0.4666666666666667 0.2769097222222222 0.1 0.08506944444444445
158 0.4638888888888889 0.3567708333333333 0.09722222222222222 0.0642361111111111
59 0.4701388888888889 0.16319444444444445 0.09861111111111111 0.13194444444444445
179 0.4666666666666667 0.2769097222222222 0.1 0.08506944444444445
158 0.4638888888888889 0.3567708333333333 0.09722222222222222 0.0642361111111111
59 0.4701388888888889 0.16319444444444445 0.09861111111111111 0.13194444444444445
179 0.4666666666666667 0.2769097222222222 0.1 0.08506944444444445
