158 0.5722222222222222 0.4522569444444444 0.11388888888888889 0.08506944444444445
59 0.58125 0.2743055555555556 0.11527777777777778 0.1527777777777778
158 0.5722222222222222 0.4522569444444444 0.11388888888888889 0.08506944444444445
59 0.58125 0.2743055555555556 0.11527777777777778 0.1527777777777778
158 0.5722222222222222 0.4522569444444444 0.11388888888888889 0.08506944444444445
59 0.58125 0.2743055555555556 0.11527777777777778 0.1527777777777778
158 0.5722222222222222 0.4522569444444444 0.11388888888888889 0.08506944444444445
59 0.58125 0.2743055555555556 0.11527777777777778 0.1527777777777778
158 0.5722222222222222 0.4522569444444444 0.11388888888888889 0.08506944444444445
59 0.58125 0.2743055555555556 0.11527777777777778 0.1527777777777778
158 0.5722222222222222 0.4522569444444444 0.11388888888888889 0.08506944444444445
59 0.58125 0.2743055555555556 0.11527777777777778 0.1527777777777778
