191 0.7880208333333333 0.08472222222222223 0.121875 0.049074074074074076
191 0.78828125 0.04212962962962963 0.12239583333333333 0.05277777777777778
191 0.7880208333333333 0.08472222222222223 0.121875 0.049074074074074076
191 0.78828125 0.04212962962962963 0.12239583333333333 0.05277777777777778
191 0.7880208333333333 0.08472222222222223 0.121875 0.049074074074074076
191 0.78828125 0.04212962962962963 0.12239583333333333 0.05277777777777778
191 0.7880208333333333 0.08472222222222223 0.121875 0.049074074074074076
191 0.78828125 0.04212962962962963 0.12239583333333333 0.05277777777777778
191 0.7880208333333333 0.08472222222222223 0.121875 0.049074074074074076
191 0.78828125 0.04212962962962963 0.12239583333333333 0.05277777777777778
191 0.7880208333333333 0.08472222222222223 0.121875 0.049074074074074076
191 0.78828125 0.04212962962962963 0.12239583333333333 0.05277777777777778
