122 0.8119791666666667 0.3472222222222222 0.10625 0.13333333333333333
43 0.70859375 0.34814814814814815 0.07552083333333333 0.13703703703703704
122 0.8119791666666667 0.3472222222222222 0.10625 0.13333333333333333
43 0.70859375 0.34814814814814815 0.07552083333333333 0.13703703703703704
122 0.8119791666666667 0.3472222222222222 0.10625 0.13333333333333333
43 0.70859375 0.34814814814814815 0.07552083333333333 0.13703703703703704
122 0.8119791666666667 0.3472222222222222 0.10625 0.13333333333333333
43 0.70859375 0.34814814814814815 0.07552083333333333 0.13703703703703704
122 0.8119791666666667 0.3472222222222222 0.10625 0.13333333333333333
43 0.70859375 0.34814814814814815 0.07552083333333333 0.13703703703703704
122 0.8119791666666667 0.3472222222222222 0.10625 0.13333333333333333
43 0.70859375 0.34814814814814815 0.07552083333333333 0.13703703703703704
