163 0.81328125 0.23472222222222222 0.06822916666666666 0.1287037037037037
119 0.8161458333333333 0.09444444444444444 0.09270833333333334 0.16666666666666666
136 0.68671875 0.2824074074074074 0.034895833333333334 0.06296296296296296
163 0.81328125 0.23472222222222222 0.06822916666666666 0.1287037037037037
119 0.8161458333333333 0.09444444444444444 0.09270833333333334 0.16666666666666666
136 0.68671875 0.2824074074074074 0.034895833333333334 0.06296296296296296
163 0.81328125 0.23472222222222222 0.06822916666666666 0.1287037037037037
119 0.8161458333333333 0.09444444444444444 0.09270833333333334 0.16666666666666666
136 0.68671875 0.2824074074074074 0.034895833333333334 0.06296296296296296
163 0.81328125 0.23472222222222222 0.06822916666666666 0.1287037037037037
119 0.8161458333333333 0.09444444444444444 0.09270833333333334 0.16666666666666666
136 0.68671875 0.2824074074074074 0.034895833333333334 0.06296296296296296
163 0.81328125 0.23472222222222222 0.06822916666666666 0.1287037037037037
119 0.8161458333333333 0.09444444444444444 0.09270833333333334 0.16666666666666666
136 0.68671875 0.2824074074074074 0.034895833333333334 0.06296296296296296
163 0.81328125 0.23472222222222222 0.06822916666666666 0.1287037037037037
119 0.8161458333333333 0.09444444444444444 0.09270833333333334 0.16666666666666666
136 0.68671875 0.2824074074074074 0.034895833333333334 0.06296296296296296
