195 0.6986979166666667 0.11944444444444445 0.1171875 0.03888888888888889
195 0.69921875 0.1597222222222222 0.11614583333333334 0.03981481481481482
195 0.7002604166666667 0.2 0.11614583333333334 0.03888888888888889
195 0.6979166666666666 0.08009259259259259 0.11666666666666667 0.03796296296296296
195 0.6971354166666667 0.041666666666666664 0.1171875 0.040740740740740744
195 0.6986979166666667 0.11944444444444445 0.1171875 0.03888888888888889
195 0.69921875 0.1597222222222222 0.11614583333333334 0.03981481481481482
195 0.7002604166666667 0.2 0.11614583333333334 0.03888888888888889
195 0.6979166666666666 0.08009259259259259 0.11666666666666667 0.03796296296296296
195 0.6971354166666667 0.041666666666666664 0.1171875 0.040740740740740744
195 0.6986979166666667 0.11944444444444445 0.1171875 0.03888888888888889
195 0.69921875 0.1597222222222222 0.11614583333333334 0.03981481481481482
195 0.7002604166666667 0.2 0.11614583333333334 0.03888888888888889
195 0.6979166666666666 0.08009259259259259 0.11666666666666667 0.03796296296296296
195 0.6971354166666667 0.041666666666666664 0.1171875 0.040740740740740744
195 0.6986979166666667 0.11944444444444445 0.1171875 0.03888888888888889
195 0.69921875 0.1597222222222222 0.11614583333333334 0.03981481481481482
195 0.7002604166666667 0.2 0.11614583333333334 0.03888888888888889
195 0.6979166666666666 0.08009259259259259 0.11666666666666667 0.03796296296296296
195 0.6971354166666667 0.041666666666666664 0.1171875 0.040740740740740744
195 0.6986979166666667 0.11944444444444445 0.1171875 0.03888888888888889
195 0.69921875 0.1597222222222222 0.11614583333333334 0.03981481481481482
195 0.7002604166666667 0.2 0.11614583333333334 0.03888888888888889
195 0.6979166666666666 0.08009259259259259 0.11666666666666667 0.03796296296296296
195 0.6971354166666667 0.041666666666666664 0.1171875 0.040740740740740744
195 0.6986979166666667 0.11944444444444445 0.1171875 0.03888888888888889
195 0.69921875 0.1597222222222222 0.11614583333333334 0.03981481481481482
195 0.7002604166666667 0.2 0.11614583333333334 0.03888888888888889
195 0.6979166666666666 0.08009259259259259 0.11666666666666667 0.03796296296296296
195 0.6971354166666667 0.041666666666666664 0.1171875 0.040740740740740744
