135 0.8153645833333333 0.2101851851851852 0.0234375 0.06851851851851852
148 0.8247395833333333 0.14583333333333334 0.1265625 0.0712962962962963
135 0.8153645833333333 0.2101851851851852 0.0234375 0.06851851851851852
148 0.8247395833333333 0.14583333333333334 0.1265625 0.0712962962962963
135 0.8153645833333333 0.2101851851851852 0.0234375 0.06851851851851852
148 0.8247395833333333 0.14583333333333334 0.1265625 0.0712962962962963
135 0.8153645833333333 0.2101851851851852 0.0234375 0.06851851851851852
148 0.8247395833333333 0.14583333333333334 0.1265625 0.0712962962962963
135 0.8153645833333333 0.2101851851851852 0.0234375 0.06851851851851852
148 0.8247395833333333 0.14583333333333334 0.1265625 0.0712962962962963
135 0.8153645833333333 0.2101851851851852 0.0234375 0.06851851851851852
148 0.8247395833333333 0.14583333333333334 0.1265625 0.0712962962962963
