157 0.8796875 0.34444444444444444 0.019791666666666666 0.03333333333333333
123 0.8830729166666667 0.3023148148148148 0.0203125 0.05092592592592592
123 0.9791666666666666 0.19814814814814816 0.041666666666666664 0.17592592592592593
157 0.8796875 0.34444444444444444 0.019791666666666666 0.03333333333333333
123 0.8830729166666667 0.3023148148148148 0.0203125 0.05092592592592592
123 0.9791666666666666 0.19814814814814816 0.041666666666666664 0.17592592592592593
157 0.8796875 0.34444444444444444 0.019791666666666666 0.03333333333333333
123 0.8830729166666667 0.3023148148148148 0.0203125 0.05092592592592592
123 0.9791666666666666 0.19814814814814816 0.041666666666666664 0.17592592592592593
157 0.8796875 0.34444444444444444 0.019791666666666666 0.03333333333333333
123 0.8830729166666667 0.3023148148148148 0.0203125 0.05092592592592592
123 0.9791666666666666 0.19814814814814816 0.041666666666666664 0.17592592592592593
157 0.8796875 0.34444444444444444 0.019791666666666666 0.03333333333333333
123 0.8830729166666667 0.3023148148148148 0.0203125 0.05092592592592592
123 0.9791666666666666 0.19814814814814816 0.041666666666666664 0.17592592592592593
157 0.8796875 0.34444444444444444 0.019791666666666666 0.03333333333333333
123 0.8830729166666667 0.3023148148148148 0.0203125 0.05092592592592592
123 0.9791666666666666 0.19814814814814816 0.041666666666666664 0.17592592592592593
