116 0.81953125 0.17592592592592593 0.049479166666666664 0.09814814814814815
4 0.86015625 0.2162037037037037 0.03177083333333333 0.08611111111111111
179 0.8200520833333333 0.24953703703703703 0.0484375 0.05092592592592592
116 0.81953125 0.17592592592592593 0.049479166666666664 0.09814814814814815
4 0.86015625 0.2162037037037037 0.03177083333333333 0.08611111111111111
179 0.8200520833333333 0.24953703703703703 0.0484375 0.05092592592592592
116 0.81953125 0.17592592592592593 0.049479166666666664 0.09814814814814815
4 0.86015625 0.2162037037037037 0.03177083333333333 0.08611111111111111
179 0.8200520833333333 0.24953703703703703 0.0484375 0.05092592592592592
116 0.81953125 0.17592592592592593 0.049479166666666664 0.09814814814814815
4 0.86015625 0.2162037037037037 0.03177083333333333 0.08611111111111111
179 0.8200520833333333 0.24953703703703703 0.0484375 0.05092592592592592
116 0.81953125 0.17592592592592593 0.049479166666666664 0.09814814814814815
4 0.86015625 0.2162037037037037 0.03177083333333333 0.08611111111111111
179 0.8200520833333333 0.24953703703703703 0.0484375 0.05092592592592592
