191 0.678125 0.20879629629629629 0.14270833333333333 0.0712962962962963
191 0.6802083333333333 0.16203703703703703 0.14270833333333333 0.07222222222222222
193 0.6822916666666666 0.11574074074074074 0.14270833333333333 0.07222222222222222
193 0.6841145833333333 0.0699074074074074 0.1421875 0.0712962962962963
47 0.4786458333333333 0.2851851851851852 0.01875 0.03333333333333333
191 0.678125 0.20879629629629629 0.14270833333333333 0.0712962962962963
191 0.6802083333333333 0.16203703703703703 0.14270833333333333 0.07222222222222222
193 0.6822916666666666 0.11574074074074074 0.14270833333333333 0.07222222222222222
193 0.6841145833333333 0.0699074074074074 0.1421875 0.0712962962962963
47 0.4786458333333333 0.2851851851851852 0.01875 0.03333333333333333
191 0.678125 0.20879629629629629 0.14270833333333333 0.0712962962962963
191 0.6802083333333333 0.16203703703703703 0.14270833333333333 0.07222222222222222
193 0.6822916666666666 0.11574074074074074 0.14270833333333333 0.07222222222222222
193 0.6841145833333333 0.0699074074074074 0.1421875 0.0712962962962963
47 0.4786458333333333 0.2851851851851852 0.01875 0.03333333333333333
191 0.678125 0.20879629629629629 0.14270833333333333 0.0712962962962963
191 0.6802083333333333 0.16203703703703703 0.14270833333333333 0.07222222222222222
193 0.6822916666666666 0.11574074074074074 0.14270833333333333 0.07222222222222222
193 0.6841145833333333 0.0699074074074074 0.1421875 0.0712962962962963
47 0.4786458333333333 0.2851851851851852 0.01875 0.03333333333333333
191 0.678125 0.20879629629629629 0.14270833333333333 0.0712962962962963
191 0.6802083333333333 0.16203703703703703 0.14270833333333333 0.07222222222222222
193 0.6822916666666666 0.11574074074074074 0.14270833333333333 0.07222222222222222
193 0.6841145833333333 0.0699074074074074 0.1421875 0.0712962962962963
47 0.4786458333333333 0.2851851851851852 0.01875 0.03333333333333333
191 0.678125 0.20879629629629629 0.14270833333333333 0.0712962962962963
191 0.6802083333333333 0.16203703703703703 0.14270833333333333 0.07222222222222222
193 0.6822916666666666 0.11574074074074074 0.14270833333333333 0.07222222222222222
193 0.6841145833333333 0.0699074074074074 0.1421875 0.0712962962962963
47 0.4786458333333333 0.2851851851851852 0.01875 0.03333333333333333
