44 0.6119791666666666 0.3458333333333333 0.040625 0.07685185185185185
155 0.6111979166666667 0.4027777777777778 0.04114583333333333 0.03333333333333333
44 0.6119791666666666 0.3458333333333333 0.040625 0.07685185185185185
155 0.6111979166666667 0.4027777777777778 0.04114583333333333 0.03333333333333333
44 0.6119791666666666 0.3458333333333333 0.040625 0.07685185185185185
155 0.6111979166666667 0.4027777777777778 0.04114583333333333 0.03333333333333333
44 0.6119791666666666 0.3458333333333333 0.040625 0.07685185185185185
155 0.6111979166666667 0.4027777777777778 0.04114583333333333 0.03333333333333333
44 0.6119791666666666 0.3458333333333333 0.040625 0.07685185185185185
155 0.6111979166666667 0.4027777777777778 0.04114583333333333 0.03333333333333333
44 0.6119791666666666 0.3458333333333333 0.040625 0.07685185185185185
155 0.6111979166666667 0.4027777777777778 0.04114583333333333 0.03333333333333333
