87 0.1421875 0.4810185185185185 0.04479166666666667 0.0824074074074074
134 0.6453125 0.29259259259259257 0.016666666666666666 0.044444444444444446
123 0.8471354166666667 0.33240740740740743 0.0171875 0.040740740740740744
52 0.8453125 0.3958333333333333 0.017708333333333333 0.041666666666666664
74 0.14192708333333334 0.39675925925925926 0.05260416666666667 0.09537037037037037
87 0.1421875 0.4810185185185185 0.04479166666666667 0.0824074074074074
134 0.6453125 0.29259259259259257 0.016666666666666666 0.044444444444444446
123 0.8471354166666667 0.33240740740740743 0.0171875 0.040740740740740744
52 0.8453125 0.3958333333333333 0.017708333333333333 0.041666666666666664
74 0.14192708333333334 0.39675925925925926 0.05260416666666667 0.09537037037037037
