177 0.8234375 0.3282407407407407 0.06770833333333333 0.058333333333333334
123 0.8197916666666667 0.2361111111111111 0.071875 0.12222222222222222
177 0.8234375 0.3282407407407407 0.06770833333333333 0.058333333333333334
123 0.8197916666666667 0.2361111111111111 0.071875 0.12222222222222222
177 0.8234375 0.3282407407407407 0.06770833333333333 0.058333333333333334
123 0.8197916666666667 0.2361111111111111 0.071875 0.12222222222222222
177 0.8234375 0.3282407407407407 0.06770833333333333 0.058333333333333334
123 0.8197916666666667 0.2361111111111111 0.071875 0.12222222222222222
177 0.8234375 0.3282407407407407 0.06770833333333333 0.058333333333333334
123 0.8197916666666667 0.2361111111111111 0.071875 0.12222222222222222
177 0.8234375 0.3282407407407407 0.06770833333333333 0.058333333333333334
123 0.8197916666666667 0.2361111111111111 0.071875 0.12222222222222222
