167 0.71796875 0.27175925925925926 0.08802083333333334 0.16018518518518518
43 0.7203125 0.11990740740740741 0.0875 0.15462962962962962
167 0.71796875 0.27175925925925926 0.08802083333333334 0.16018518518518518
43 0.7203125 0.11990740740740741 0.0875 0.15462962962962962
167 0.71796875 0.27175925925925926 0.08802083333333334 0.16018518518518518
43 0.7203125 0.11990740740740741 0.0875 0.15462962962962962
167 0.71796875 0.27175925925925926 0.08802083333333334 0.16018518518518518
43 0.7203125 0.11990740740740741 0.0875 0.15462962962962962
167 0.71796875 0.27175925925925926 0.08802083333333334 0.16018518518518518
43 0.7203125 0.11990740740740741 0.0875 0.15462962962962962
167 0.71796875 0.27175925925925926 0.08802083333333334 0.16018518518518518
43 0.7203125 0.11990740740740741 0.0875 0.15462962962962962
