73 0.6169270833333333 0.2763888888888889 0.0390625 0.06944444444444445
179 0.61640625 0.3277777777777778 0.03802083333333333 0.03333333333333333
73 0.6169270833333333 0.2763888888888889 0.0390625 0.06944444444444445
179 0.61640625 0.3277777777777778 0.03802083333333333 0.03333333333333333
73 0.6169270833333333 0.2763888888888889 0.0390625 0.06944444444444445
179 0.61640625 0.3277777777777778 0.03802083333333333 0.03333333333333333
73 0.6169270833333333 0.2763888888888889 0.0390625 0.06944444444444445
179 0.61640625 0.3277777777777778 0.03802083333333333 0.03333333333333333
73 0.6169270833333333 0.2763888888888889 0.0390625 0.06944444444444445
179 0.61640625 0.3277777777777778 0.03802083333333333 0.03333333333333333
73 0.6169270833333333 0.2763888888888889 0.0390625 0.06944444444444445
179 0.61640625 0.3277777777777778 0.03802083333333333 0.03333333333333333
