12 0.7625 0.38055555555555554 0.10833333333333334 0.17962962962962964
23 0.5083333333333333 0.29953703703703705 0.030208333333333334 0.049074074074074076
12 0.7625 0.38055555555555554 0.10833333333333334 0.17962962962962964
23 0.5083333333333333 0.29953703703703705 0.030208333333333334 0.049074074074074076
12 0.7625 0.38055555555555554 0.10833333333333334 0.17962962962962964
23 0.5083333333333333 0.29953703703703705 0.030208333333333334 0.049074074074074076
12 0.7625 0.38055555555555554 0.10833333333333334 0.17962962962962964
23 0.5083333333333333 0.29953703703703705 0.030208333333333334 0.049074074074074076
12 0.7625 0.38055555555555554 0.10833333333333334 0.17962962962962964
23 0.5083333333333333 0.29953703703703705 0.030208333333333334 0.049074074074074076
12 0.7625 0.38055555555555554 0.10833333333333334 0.17962962962962964
23 0.5083333333333333 0.29953703703703705 0.030208333333333334 0.049074074074074076
