41 0.9520833333333333 0.3597222222222222 0.028125 0.06388888888888888
179 0.9458333333333333 0.4074074074074074 0.036458333333333336 0.04814814814814815
123 0.35052083333333334 0.25277777777777777 0.021875 0.040740740740740744
41 0.9520833333333333 0.3597222222222222 0.028125 0.06388888888888888
179 0.9458333333333333 0.4074074074074074 0.036458333333333336 0.04814814814814815
123 0.35052083333333334 0.25277777777777777 0.021875 0.040740740740740744
41 0.9520833333333333 0.3597222222222222 0.028125 0.06388888888888888
179 0.9458333333333333 0.4074074074074074 0.036458333333333336 0.04814814814814815
123 0.35052083333333334 0.25277777777777777 0.021875 0.040740740740740744
41 0.9520833333333333 0.3597222222222222 0.028125 0.06388888888888888
179 0.9458333333333333 0.4074074074074074 0.036458333333333336 0.04814814814814815
123 0.35052083333333334 0.25277777777777777 0.021875 0.040740740740740744
41 0.9520833333333333 0.3597222222222222 0.028125 0.06388888888888888
179 0.9458333333333333 0.4074074074074074 0.036458333333333336 0.04814814814814815
123 0.35052083333333334 0.25277777777777777 0.021875 0.040740740740740744
