77 0.90546875 0.39490740740740743 0.0171875 0.028703703703703703
78 0.9083333333333333 0.3675925925925926 0.015625 0.027777777777777776
77 0.90546875 0.39490740740740743 0.0171875 0.028703703703703703
78 0.9083333333333333 0.3675925925925926 0.015625 0.027777777777777776
77 0.90546875 0.39490740740740743 0.0171875 0.028703703703703703
78 0.9083333333333333 0.3675925925925926 0.015625 0.027777777777777776
77 0.90546875 0.39490740740740743 0.0171875 0.028703703703703703
78 0.9083333333333333 0.3675925925925926 0.015625 0.027777777777777776
77 0.90546875 0.39490740740740743 0.0171875 0.028703703703703703
78 0.9083333333333333 0.3675925925925926 0.015625 0.027777777777777776
77 0.90546875 0.39490740740740743 0.0171875 0.028703703703703703
78 0.9083333333333333 0.3675925925925926 0.015625 0.027777777777777776
