87 0.17317708333333334 0.4425925925925926 0.0390625 0.06851851851851852
87 0.4354166666666667 0.39490740740740743 0.026041666666666668 0.04722222222222222
87 0.17317708333333334 0.4425925925925926 0.0390625 0.06851851851851852
87 0.4354166666666667 0.39490740740740743 0.026041666666666668 0.04722222222222222
87 0.17317708333333334 0.4425925925925926 0.0390625 0.06851851851851852
87 0.4354166666666667 0.39490740740740743 0.026041666666666668 0.04722222222222222
87 0.17317708333333334 0.4425925925925926 0.0390625 0.06851851851851852
87 0.4354166666666667 0.39490740740740743 0.026041666666666668 0.04722222222222222
87 0.17317708333333334 0.4425925925925926 0.0390625 0.06851851851851852
87 0.4354166666666667 0.39490740740740743 0.026041666666666668 0.04722222222222222
87 0.17317708333333334 0.4425925925925926 0.0390625 0.06851851851851852
87 0.4354166666666667 0.39490740740740743 0.026041666666666668 0.04722222222222222
