158 0.7989583333333333 0.43425925925925923 0.06041666666666667 0.05925925925925926
59 0.8013020833333333 0.35 0.058854166666666666 0.1111111111111111
158 0.7989583333333333 0.43425925925925923 0.06041666666666667 0.05925925925925926
59 0.8013020833333333 0.35 0.058854166666666666 0.1111111111111111
158 0.7989583333333333 0.43425925925925923 0.06041666666666667 0.05925925925925926
59 0.8013020833333333 0.35 0.058854166666666666 0.1111111111111111
158 0.7989583333333333 0.43425925925925923 0.06041666666666667 0.05925925925925926
59 0.8013020833333333 0.35 0.058854166666666666 0.1111111111111111
158 0.7989583333333333 0.43425925925925923 0.06041666666666667 0.05925925925925926
59 0.8013020833333333 0.35 0.058854166666666666 0.1111111111111111
158 0.7989583333333333 0.43425925925925923 0.06041666666666667 0.05925925925925926
59 0.8013020833333333 0.35 0.058854166666666666 0.1111111111111111
