157 0.9580729166666667 0.37916666666666665 0.030729166666666665 0.04722222222222222
123 0.9611979166666667 0.3194444444444444 0.0328125 0.07777777777777778
157 0.9580729166666667 0.37916666666666665 0.030729166666666665 0.04722222222222222
123 0.9611979166666667 0.3194444444444444 0.0328125 0.07777777777777778
157 0.9580729166666667 0.37916666666666665 0.030729166666666665 0.04722222222222222
123 0.9611979166666667 0.3194444444444444 0.0328125 0.07777777777777778
157 0.9580729166666667 0.37916666666666665 0.030729166666666665 0.04722222222222222
123 0.9611979166666667 0.3194444444444444 0.0328125 0.07777777777777778
157 0.9580729166666667 0.37916666666666665 0.030729166666666665 0.04722222222222222
123 0.9611979166666667 0.3194444444444444 0.0328125 0.07777777777777778
157 0.9580729166666667 0.37916666666666665 0.030729166666666665 0.04722222222222222
123 0.9611979166666667 0.3194444444444444 0.0328125 0.07777777777777778
