181 0.225 0.6605902777777778 0.14722222222222223 0.3697916666666667
15 0.15416666666666667 0.16145833333333334 0.1361111111111111 0.3125
39 0.27708333333333335 0.3862847222222222 0.059722222222222225 0.1996527777777778
173 0.17222222222222222 0.5286458333333334 0.1 0.1857638888888889
179 0.16319444444444445 0.390625 0.10138888888888889 0.1875
181 0.225 0.6605902777777778 0.14722222222222223 0.3697916666666667
15 0.15416666666666667 0.16145833333333334 0.1361111111111111 0.3125
39 0.27708333333333335 0.3862847222222222 0.059722222222222225 0.1996527777777778
173 0.17222222222222222 0.5286458333333334 0.1 0.1857638888888889
179 0.16319444444444445 0.390625 0.10138888888888889 0.1875
