65 0.8541666666666666 0.30648148148148147 0.0375 0.07407407407407407
147 0.6088541666666667 0.2388888888888889 0.04895833333333333 0.06666666666666667
65 0.8541666666666666 0.30648148148148147 0.0375 0.07407407407407407
147 0.6088541666666667 0.2388888888888889 0.04895833333333333 0.06666666666666667
65 0.8541666666666666 0.30648148148148147 0.0375 0.07407407407407407
147 0.6088541666666667 0.2388888888888889 0.04895833333333333 0.06666666666666667
65 0.8541666666666666 0.30648148148148147 0.0375 0.07407407407407407
147 0.6088541666666667 0.2388888888888889 0.04895833333333333 0.06666666666666667
65 0.8541666666666666 0.30648148148148147 0.0375 0.07407407407407407
147 0.6088541666666667 0.2388888888888889 0.04895833333333333 0.06666666666666667
65 0.8541666666666666 0.30648148148148147 0.0375 0.07407407407407407
147 0.6088541666666667 0.2388888888888889 0.04895833333333333 0.06666666666666667
