79 0.7260416666666667 0.3731481481481482 0.10208333333333333 0.18518518518518517
179 0.7268229166666667 0.5268518518518519 0.10260416666666666 0.1259259259259259
79 0.7260416666666667 0.3731481481481482 0.10208333333333333 0.18518518518518517
179 0.7268229166666667 0.5268518518518519 0.10260416666666666 0.1259259259259259
79 0.7260416666666667 0.3731481481481482 0.10208333333333333 0.18518518518518517
179 0.7268229166666667 0.5268518518518519 0.10260416666666666 0.1259259259259259
79 0.7260416666666667 0.3731481481481482 0.10208333333333333 0.18518518518518517
179 0.7268229166666667 0.5268518518518519 0.10260416666666666 0.1259259259259259
79 0.7260416666666667 0.3731481481481482 0.10208333333333333 0.18518518518518517
179 0.7268229166666667 0.5268518518518519 0.10260416666666666 0.1259259259259259
79 0.7260416666666667 0.3731481481481482 0.10208333333333333 0.18518518518518517
179 0.7268229166666667 0.5268518518518519 0.10260416666666666 0.1259259259259259
