14 0.7421875 0.40925925925925927 0.11354166666666667 0.19814814814814816
147 0.5083333333333333 0.30416666666666664 0.027083333333333334 0.05277777777777778
14 0.7421875 0.40925925925925927 0.11354166666666667 0.19814814814814816
147 0.5083333333333333 0.30416666666666664 0.027083333333333334 0.05277777777777778
14 0.7421875 0.40925925925925927 0.11354166666666667 0.19814814814814816
147 0.5083333333333333 0.30416666666666664 0.027083333333333334 0.05277777777777778
14 0.7421875 0.40925925925925927 0.11354166666666667 0.19814814814814816
147 0.5083333333333333 0.30416666666666664 0.027083333333333334 0.05277777777777778
14 0.7421875 0.40925925925925927 0.11354166666666667 0.19814814814814816
147 0.5083333333333333 0.30416666666666664 0.027083333333333334 0.05277777777777778
14 0.7421875 0.40925925925925927 0.11354166666666667 0.19814814814814816
147 0.5083333333333333 0.30416666666666664 0.027083333333333334 0.05277777777777778
