94 0.8247395833333333 0.21712962962962962 0.08697916666666666 0.24351851851851852
174 0.8208333333333333 0.3912037037037037 0.08645833333333333 0.11018518518518519
62 0.20598958333333334 0.28194444444444444 0.018229166666666668 0.03796296296296296
62 0.375 0.2662037037037037 0.019791666666666666 0.03425925925925926
94 0.8247395833333333 0.21712962962962962 0.08697916666666666 0.24351851851851852
174 0.8208333333333333 0.3912037037037037 0.08645833333333333 0.11018518518518519
62 0.20598958333333334 0.28194444444444444 0.018229166666666668 0.03796296296296296
62 0.375 0.2662037037037037 0.019791666666666666 0.03425925925925926
94 0.8247395833333333 0.21712962962962962 0.08697916666666666 0.24351851851851852
174 0.8208333333333333 0.3912037037037037 0.08645833333333333 0.11018518518518519
62 0.20598958333333334 0.28194444444444444 0.018229166666666668 0.03796296296296296
62 0.375 0.2662037037037037 0.019791666666666666 0.03425925925925926
94 0.8247395833333333 0.21712962962962962 0.08697916666666666 0.24351851851851852
174 0.8208333333333333 0.3912037037037037 0.08645833333333333 0.11018518518518519
62 0.20598958333333334 0.28194444444444444 0.018229166666666668 0.03796296296296296
62 0.375 0.2662037037037037 0.019791666666666666 0.03425925925925926
94 0.8247395833333333 0.21712962962962962 0.08697916666666666 0.24351851851851852
174 0.8208333333333333 0.3912037037037037 0.08645833333333333 0.11018518518518519
62 0.20598958333333334 0.28194444444444444 0.018229166666666668 0.03796296296296296
62 0.375 0.2662037037037037 0.019791666666666666 0.03425925925925926
94 0.8247395833333333 0.21712962962962962 0.08697916666666666 0.24351851851851852
174 0.8208333333333333 0.3912037037037037 0.08645833333333333 0.11018518518518519
62 0.20598958333333334 0.28194444444444444 0.018229166666666668 0.03796296296296296
62 0.375 0.2662037037037037 0.019791666666666666 0.03425925925925926
