47 0.8223958333333333 0.33055555555555555 0.053125 0.09814814814814815
123 0.22734375 0.33101851851851855 0.019270833333333334 0.06018518518518518
47 0.8223958333333333 0.33055555555555555 0.053125 0.09814814814814815
123 0.22734375 0.33101851851851855 0.019270833333333334 0.06018518518518518
47 0.8223958333333333 0.33055555555555555 0.053125 0.09814814814814815
123 0.22734375 0.33101851851851855 0.019270833333333334 0.06018518518518518
47 0.8223958333333333 0.33055555555555555 0.053125 0.09814814814814815
123 0.22734375 0.33101851851851855 0.019270833333333334 0.06018518518518518
47 0.8223958333333333 0.33055555555555555 0.053125 0.09814814814814815
123 0.22734375 0.33101851851851855 0.019270833333333334 0.06018518518518518
47 0.8223958333333333 0.33055555555555555 0.053125 0.09814814814814815
123 0.22734375 0.33101851851851855 0.019270833333333334 0.06018518518518518
