75 0.12682291666666667 0.34814814814814815 0.030729166666666665 0.053703703703703705
186 0.12786458333333334 0.41712962962962963 0.018229166666666668 0.08425925925925926
48 0.08932291666666667 0.3087962962962963 0.022395833333333334 0.049074074074074076
75 0.12682291666666667 0.34814814814814815 0.030729166666666665 0.053703703703703705
186 0.12786458333333334 0.41712962962962963 0.018229166666666668 0.08425925925925926
48 0.08932291666666667 0.3087962962962963 0.022395833333333334 0.049074074074074076
75 0.12682291666666667 0.34814814814814815 0.030729166666666665 0.053703703703703705
186 0.12786458333333334 0.41712962962962963 0.018229166666666668 0.08425925925925926
48 0.08932291666666667 0.3087962962962963 0.022395833333333334 0.049074074074074076
75 0.12682291666666667 0.34814814814814815 0.030729166666666665 0.053703703703703705
186 0.12786458333333334 0.41712962962962963 0.018229166666666668 0.08425925925925926
48 0.08932291666666667 0.3087962962962963 0.022395833333333334 0.049074074074074076
75 0.12682291666666667 0.34814814814814815 0.030729166666666665 0.053703703703703705
186 0.12786458333333334 0.41712962962962963 0.018229166666666668 0.08425925925925926
48 0.08932291666666667 0.3087962962962963 0.022395833333333334 0.049074074074074076
75 0.12682291666666667 0.34814814814814815 0.030729166666666665 0.053703703703703705
186 0.12786458333333334 0.41712962962962963 0.018229166666666668 0.08425925925925926
48 0.08932291666666667 0.3087962962962963 0.022395833333333334 0.049074074074074076
