157 0.9309895833333334 0.30833333333333335 0.033854166666666664 0.04259259259259259
179 0.9302083333333333 0.3486111111111111 0.034375 0.03425925925925926
123 0.9307291666666667 0.2462962962962963 0.035416666666666666 0.07592592592592592
157 0.9309895833333334 0.30833333333333335 0.033854166666666664 0.04259259259259259
179 0.9302083333333333 0.3486111111111111 0.034375 0.03425925925925926
123 0.9307291666666667 0.2462962962962963 0.035416666666666666 0.07592592592592592
157 0.9309895833333334 0.30833333333333335 0.033854166666666664 0.04259259259259259
179 0.9302083333333333 0.3486111111111111 0.034375 0.03425925925925926
123 0.9307291666666667 0.2462962962962963 0.035416666666666666 0.07592592592592592
157 0.9309895833333334 0.30833333333333335 0.033854166666666664 0.04259259259259259
179 0.9302083333333333 0.3486111111111111 0.034375 0.03425925925925926
123 0.9307291666666667 0.2462962962962963 0.035416666666666666 0.07592592592592592
157 0.9309895833333334 0.30833333333333335 0.033854166666666664 0.04259259259259259
179 0.9302083333333333 0.3486111111111111 0.034375 0.03425925925925926
123 0.9307291666666667 0.2462962962962963 0.035416666666666666 0.07592592592592592
157 0.9309895833333334 0.30833333333333335 0.033854166666666664 0.04259259259259259
179 0.9302083333333333 0.3486111111111111 0.034375 0.03425925925925926
123 0.9307291666666667 0.2462962962962963 0.035416666666666666 0.07592592592592592
