195 0.8309895833333333 0.07916666666666666 0.11510416666666666 0.041666666666666664
195 0.8315104166666667 0.1175925925925926 0.11510416666666666 0.044444444444444446
196 0.26927083333333335 0.19212962962962962 0.07291666666666667 0.11574074074074074
195 0.8309895833333333 0.07916666666666666 0.11510416666666666 0.041666666666666664
195 0.8315104166666667 0.1175925925925926 0.11510416666666666 0.044444444444444446
196 0.26927083333333335 0.19212962962962962 0.07291666666666667 0.11574074074074074
195 0.8309895833333333 0.07916666666666666 0.11510416666666666 0.041666666666666664
195 0.8315104166666667 0.1175925925925926 0.11510416666666666 0.044444444444444446
196 0.26927083333333335 0.19212962962962962 0.07291666666666667 0.11574074074074074
195 0.8309895833333333 0.07916666666666666 0.11510416666666666 0.041666666666666664
195 0.8315104166666667 0.1175925925925926 0.11510416666666666 0.044444444444444446
196 0.26927083333333335 0.19212962962962962 0.07291666666666667 0.11574074074074074
195 0.8309895833333333 0.07916666666666666 0.11510416666666666 0.041666666666666664
195 0.8315104166666667 0.1175925925925926 0.11510416666666666 0.044444444444444446
196 0.26927083333333335 0.19212962962962962 0.07291666666666667 0.11574074074074074
195 0.8309895833333333 0.07916666666666666 0.11510416666666666 0.041666666666666664
195 0.8315104166666667 0.1175925925925926 0.11510416666666666 0.044444444444444446
196 0.26927083333333335 0.19212962962962962 0.07291666666666667 0.11574074074074074
