155 0.7776041666666667 0.40046296296296297 0.10520833333333333 0.0824074074074074
22 0.7778645833333333 0.23287037037037037 0.15677083333333333 0.25092592592592594
155 0.7776041666666667 0.40046296296296297 0.10520833333333333 0.0824074074074074
22 0.7778645833333333 0.23287037037037037 0.15677083333333333 0.25092592592592594
155 0.7776041666666667 0.40046296296296297 0.10520833333333333 0.0824074074074074
22 0.7778645833333333 0.23287037037037037 0.15677083333333333 0.25092592592592594
155 0.7776041666666667 0.40046296296296297 0.10520833333333333 0.0824074074074074
22 0.7778645833333333 0.23287037037037037 0.15677083333333333 0.25092592592592594
155 0.7776041666666667 0.40046296296296297 0.10520833333333333 0.0824074074074074
22 0.7778645833333333 0.23287037037037037 0.15677083333333333 0.25092592592592594
155 0.7776041666666667 0.40046296296296297 0.10520833333333333 0.0824074074074074
22 0.7778645833333333 0.23287037037037037 0.15677083333333333 0.25092592592592594
