174 0.91484375 0.3763888888888889 0.06197916666666667 0.07685185185185185
94 0.9239583333333333 0.26666666666666666 0.07083333333333333 0.16666666666666666
174 0.91484375 0.3763888888888889 0.06197916666666667 0.07685185185185185
94 0.9239583333333333 0.26666666666666666 0.07083333333333333 0.16666666666666666
174 0.91484375 0.3763888888888889 0.06197916666666667 0.07685185185185185
94 0.9239583333333333 0.26666666666666666 0.07083333333333333 0.16666666666666666
174 0.91484375 0.3763888888888889 0.06197916666666667 0.07685185185185185
94 0.9239583333333333 0.26666666666666666 0.07083333333333333 0.16666666666666666
174 0.91484375 0.3763888888888889 0.06197916666666667 0.07685185185185185
94 0.9239583333333333 0.26666666666666666 0.07083333333333333 0.16666666666666666
174 0.91484375 0.3763888888888889 0.06197916666666667 0.07685185185185185
94 0.9239583333333333 0.26666666666666666 0.07083333333333333 0.16666666666666666
