157 0.29348958333333336 0.3388888888888889 0.12135416666666667 0.13148148148148148
123 0.29453125 0.16620370370370371 0.12135416666666667 0.22314814814814815
157 0.29348958333333336 0.3388888888888889 0.12135416666666667 0.13148148148148148
123 0.29453125 0.16620370370370371 0.12135416666666667 0.22314814814814815
157 0.29348958333333336 0.3388888888888889 0.12135416666666667 0.13148148148148148
123 0.29453125 0.16620370370370371 0.12135416666666667 0.22314814814814815
157 0.29348958333333336 0.3388888888888889 0.12135416666666667 0.13148148148148148
123 0.29453125 0.16620370370370371 0.12135416666666667 0.22314814814814815
157 0.29348958333333336 0.3388888888888889 0.12135416666666667 0.13148148148148148
123 0.29453125 0.16620370370370371 0.12135416666666667 0.22314814814814815
157 0.29348958333333336 0.3388888888888889 0.12135416666666667 0.13148148148148148
123 0.29453125 0.16620370370370371 0.12135416666666667 0.22314814814814815
