6 0.7208333333333333 0.4023148148148148 0.13125 0.2101851851851852
62 0.1390625 0.3541666666666667 0.029166666666666667 0.049074074074074076
6 0.7208333333333333 0.4023148148148148 0.13125 0.2101851851851852
62 0.1390625 0.3541666666666667 0.029166666666666667 0.049074074074074076
6 0.7208333333333333 0.4023148148148148 0.13125 0.2101851851851852
62 0.1390625 0.3541666666666667 0.029166666666666667 0.049074074074074076
6 0.7208333333333333 0.4023148148148148 0.13125 0.2101851851851852
62 0.1390625 0.3541666666666667 0.029166666666666667 0.049074074074074076
6 0.7208333333333333 0.4023148148148148 0.13125 0.2101851851851852
62 0.1390625 0.3541666666666667 0.029166666666666667 0.049074074074074076
6 0.7208333333333333 0.4023148148148148 0.13125 0.2101851851851852
62 0.1390625 0.3541666666666667 0.029166666666666667 0.049074074074074076
