189 0.5856770833333333 0.19490740740740742 0.0953125 0.03425925925925926
189 0.58515625 0.09675925925925925 0.0953125 0.03611111111111111
189 0.58515625 0.1287037037037037 0.0953125 0.03333333333333333
189 0.58515625 0.16157407407407406 0.0953125 0.03425925925925926
189 0.5848958333333333 0.06481481481481481 0.09583333333333334 0.03888888888888889
194 0.5856770833333333 0.2263888888888889 0.0953125 0.032407407407407406
193 0.5846354166666666 0.03333333333333333 0.09635416666666667 0.037037037037037035
189 0.5856770833333333 0.19490740740740742 0.0953125 0.03425925925925926
189 0.58515625 0.09675925925925925 0.0953125 0.03611111111111111
189 0.58515625 0.1287037037037037 0.0953125 0.03333333333333333
189 0.58515625 0.16157407407407406 0.0953125 0.03425925925925926
189 0.5848958333333333 0.06481481481481481 0.09583333333333334 0.03888888888888889
194 0.5856770833333333 0.2263888888888889 0.0953125 0.032407407407407406
193 0.5846354166666666 0.03333333333333333 0.09635416666666667 0.037037037037037035
