77 0.5423611111111111 0.21788194444444445 0.1125 0.15104166666666666
78 0.5381944444444444 0.3697916666666667 0.10972222222222222 0.14930555555555555
179 0.5361111111111111 0.4722222222222222 0.11388888888888889 0.06597222222222222
77 0.5423611111111111 0.21788194444444445 0.1125 0.15104166666666666
78 0.5381944444444444 0.3697916666666667 0.10972222222222222 0.14930555555555555
179 0.5361111111111111 0.4722222222222222 0.11388888888888889 0.06597222222222222
77 0.5423611111111111 0.21788194444444445 0.1125 0.15104166666666666
78 0.5381944444444444 0.3697916666666667 0.10972222222222222 0.14930555555555555
179 0.5361111111111111 0.4722222222222222 0.11388888888888889 0.06597222222222222
77 0.5423611111111111 0.21788194444444445 0.1125 0.15104166666666666
78 0.5381944444444444 0.3697916666666667 0.10972222222222222 0.14930555555555555
179 0.5361111111111111 0.4722222222222222 0.11388888888888889 0.06597222222222222
77 0.5423611111111111 0.21788194444444445 0.1125 0.15104166666666666
78 0.5381944444444444 0.3697916666666667 0.10972222222222222 0.14930555555555555
179 0.5361111111111111 0.4722222222222222 0.11388888888888889 0.06597222222222222
77 0.5423611111111111 0.21788194444444445 0.1125 0.15104166666666666
78 0.5381944444444444 0.3697916666666667 0.10972222222222222 0.14930555555555555
179 0.5361111111111111 0.4722222222222222 0.11388888888888889 0.06597222222222222
