193 0.7690104166666667 0.13518518518518519 0.1421875 0.046296296296296294
119 0.51484375 0.2222222222222222 0.0265625 0.04814814814814815
193 0.7690104166666667 0.13518518518518519 0.1421875 0.046296296296296294
119 0.51484375 0.2222222222222222 0.0265625 0.04814814814814815
193 0.7690104166666667 0.13518518518518519 0.1421875 0.046296296296296294
119 0.51484375 0.2222222222222222 0.0265625 0.04814814814814815
193 0.7690104166666667 0.13518518518518519 0.1421875 0.046296296296296294
119 0.51484375 0.2222222222222222 0.0265625 0.04814814814814815
193 0.7690104166666667 0.13518518518518519 0.1421875 0.046296296296296294
119 0.51484375 0.2222222222222222 0.0265625 0.04814814814814815
193 0.7690104166666667 0.13518518518518519 0.1421875 0.046296296296296294
119 0.51484375 0.2222222222222222 0.0265625 0.04814814814814815
