176 0.7817708333333333 0.45185185185185184 0.08229166666666667 0.06851851851851852
128 0.7854166666666667 0.30925925925925923 0.08645833333333333 0.22962962962962963
179 0.7786458333333334 0.5115740740740741 0.06979166666666667 0.06574074074074074
176 0.7817708333333333 0.45185185185185184 0.08229166666666667 0.06851851851851852
128 0.7854166666666667 0.30925925925925923 0.08645833333333333 0.22962962962962963
179 0.7786458333333334 0.5115740740740741 0.06979166666666667 0.06574074074074074
176 0.7817708333333333 0.45185185185185184 0.08229166666666667 0.06851851851851852
128 0.7854166666666667 0.30925925925925923 0.08645833333333333 0.22962962962962963
179 0.7786458333333334 0.5115740740740741 0.06979166666666667 0.06574074074074074
176 0.7817708333333333 0.45185185185185184 0.08229166666666667 0.06851851851851852
128 0.7854166666666667 0.30925925925925923 0.08645833333333333 0.22962962962962963
179 0.7786458333333334 0.5115740740740741 0.06979166666666667 0.06574074074074074
176 0.7817708333333333 0.45185185185185184 0.08229166666666667 0.06851851851851852
128 0.7854166666666667 0.30925925925925923 0.08645833333333333 0.22962962962962963
179 0.7786458333333334 0.5115740740740741 0.06979166666666667 0.06574074074074074
176 0.7817708333333333 0.45185185185185184 0.08229166666666667 0.06851851851851852
128 0.7854166666666667 0.30925925925925923 0.08645833333333333 0.22962962962962963
179 0.7786458333333334 0.5115740740740741 0.06979166666666667 0.06574074074074074
