133 0.39652777777777776 0.3637152777777778 0.19027777777777777 0.3767361111111111
179 0.3951388888888889 0.11371527777777778 0.20972222222222223 0.11979166666666667
133 0.39652777777777776 0.3637152777777778 0.19027777777777777 0.3767361111111111
179 0.3951388888888889 0.11371527777777778 0.20972222222222223 0.11979166666666667
133 0.39652777777777776 0.3637152777777778 0.19027777777777777 0.3767361111111111
179 0.3951388888888889 0.11371527777777778 0.20972222222222223 0.11979166666666667
133 0.39652777777777776 0.3637152777777778 0.19027777777777777 0.3767361111111111
179 0.3951388888888889 0.11371527777777778 0.20972222222222223 0.11979166666666667
133 0.39652777777777776 0.3637152777777778 0.19027777777777777 0.3767361111111111
179 0.3951388888888889 0.11371527777777778 0.20972222222222223 0.11979166666666667
133 0.39652777777777776 0.3637152777777778 0.19027777777777777 0.3767361111111111
179 0.3951388888888889 0.11371527777777778 0.20972222222222223 0.11979166666666667
