47 0.76328125 0.30787037037037035 0.07864583333333333 0.1398148148148148
37 0.5145833333333333 0.27546296296296297 0.035416666666666666 0.05648148148148148
179 0.7572916666666667 0.4125 0.07708333333333334 0.08055555555555556
47 0.76328125 0.30787037037037035 0.07864583333333333 0.1398148148148148
37 0.5145833333333333 0.27546296296296297 0.035416666666666666 0.05648148148148148
179 0.7572916666666667 0.4125 0.07708333333333334 0.08055555555555556
47 0.76328125 0.30787037037037035 0.07864583333333333 0.1398148148148148
37 0.5145833333333333 0.27546296296296297 0.035416666666666666 0.05648148148148148
179 0.7572916666666667 0.4125 0.07708333333333334 0.08055555555555556
47 0.76328125 0.30787037037037035 0.07864583333333333 0.1398148148148148
37 0.5145833333333333 0.27546296296296297 0.035416666666666666 0.05648148148148148
179 0.7572916666666667 0.4125 0.07708333333333334 0.08055555555555556
47 0.76328125 0.30787037037037035 0.07864583333333333 0.1398148148148148
37 0.5145833333333333 0.27546296296296297 0.035416666666666666 0.05648148148148148
179 0.7572916666666667 0.4125 0.07708333333333334 0.08055555555555556
47 0.76328125 0.30787037037037035 0.07864583333333333 0.1398148148148148
37 0.5145833333333333 0.27546296296296297 0.035416666666666666 0.05648148148148148
179 0.7572916666666667 0.4125 0.07708333333333334 0.08055555555555556
