191 0.79140625 0.08935185185185185 0.1140625 0.04537037037037037
193 0.7921875 0.16944444444444445 0.11354166666666667 0.046296296296296294
193 0.7919270833333333 0.12962962962962962 0.1140625 0.044444444444444446
150 0.5677083333333334 0.29814814814814816 0.029166666666666667 0.05185185185185185
193 0.7921875 0.20879629629629629 0.11354166666666667 0.04537037037037037
191 0.79140625 0.08935185185185185 0.1140625 0.04537037037037037
193 0.7921875 0.16944444444444445 0.11354166666666667 0.046296296296296294
193 0.7919270833333333 0.12962962962962962 0.1140625 0.044444444444444446
150 0.5677083333333334 0.29814814814814816 0.029166666666666667 0.05185185185185185
193 0.7921875 0.20879629629629629 0.11354166666666667 0.04537037037037037
