38 0.79609375 0.14351851851851852 0.0734375 0.15185185185185185
179 0.7919270833333333 0.25046296296296294 0.07552083333333333 0.09537037037037037
38 0.79609375 0.14351851851851852 0.0734375 0.15185185185185185
179 0.7919270833333333 0.25046296296296294 0.07552083333333333 0.09537037037037037
38 0.79609375 0.14351851851851852 0.0734375 0.15185185185185185
179 0.7919270833333333 0.25046296296296294 0.07552083333333333 0.09537037037037037
38 0.79609375 0.14351851851851852 0.0734375 0.15185185185185185
179 0.7919270833333333 0.25046296296296294 0.07552083333333333 0.09537037037037037
38 0.79609375 0.14351851851851852 0.0734375 0.15185185185185185
179 0.7919270833333333 0.25046296296296294 0.07552083333333333 0.09537037037037037
38 0.79609375 0.14351851851851852 0.0734375 0.15185185185185185
179 0.7919270833333333 0.25046296296296294 0.07552083333333333 0.09537037037037037
