157 0.5173611111111112 0.4071180555555556 0.07361111111111111 0.05381944444444445
123 0.5194444444444445 0.3315972222222222 0.075 0.09722222222222222
157 0.5173611111111112 0.4071180555555556 0.07361111111111111 0.05381944444444445
123 0.5194444444444445 0.3315972222222222 0.075 0.09722222222222222
157 0.5173611111111112 0.4071180555555556 0.07361111111111111 0.05381944444444445
123 0.5194444444444445 0.3315972222222222 0.075 0.09722222222222222
157 0.5173611111111112 0.4071180555555556 0.07361111111111111 0.05381944444444445
123 0.5194444444444445 0.3315972222222222 0.075 0.09722222222222222
157 0.5173611111111112 0.4071180555555556 0.07361111111111111 0.05381944444444445
123 0.5194444444444445 0.3315972222222222 0.075 0.09722222222222222
157 0.5173611111111112 0.4071180555555556 0.07361111111111111 0.05381944444444445
123 0.5194444444444445 0.3315972222222222 0.075 0.09722222222222222
