66 0.8627604166666667 0.10740740740740741 0.05364583333333333 0.1
179 0.8552083333333333 0.30833333333333335 0.05416666666666667 0.037037037037037035
178 0.85703125 0.2763888888888889 0.0546875 0.049074074074074076
123 0.8604166666666667 0.2050925925925926 0.058333333333333334 0.11018518518518519
66 0.8627604166666667 0.10740740740740741 0.05364583333333333 0.1
179 0.8552083333333333 0.30833333333333335 0.05416666666666667 0.037037037037037035
178 0.85703125 0.2763888888888889 0.0546875 0.049074074074074076
123 0.8604166666666667 0.2050925925925926 0.058333333333333334 0.11018518518518519
66 0.8627604166666667 0.10740740740740741 0.05364583333333333 0.1
179 0.8552083333333333 0.30833333333333335 0.05416666666666667 0.037037037037037035
178 0.85703125 0.2763888888888889 0.0546875 0.049074074074074076
123 0.8604166666666667 0.2050925925925926 0.058333333333333334 0.11018518518518519
66 0.8627604166666667 0.10740740740740741 0.05364583333333333 0.1
179 0.8552083333333333 0.30833333333333335 0.05416666666666667 0.037037037037037035
178 0.85703125 0.2763888888888889 0.0546875 0.049074074074074076
123 0.8604166666666667 0.2050925925925926 0.058333333333333334 0.11018518518518519
66 0.8627604166666667 0.10740740740740741 0.05364583333333333 0.1
179 0.8552083333333333 0.30833333333333335 0.05416666666666667 0.037037037037037035
178 0.85703125 0.2763888888888889 0.0546875 0.049074074074074076
123 0.8604166666666667 0.2050925925925926 0.058333333333333334 0.11018518518518519
66 0.8627604166666667 0.10740740740740741 0.05364583333333333 0.1
179 0.8552083333333333 0.30833333333333335 0.05416666666666667 0.037037037037037035
178 0.85703125 0.2763888888888889 0.0546875 0.049074074074074076
123 0.8604166666666667 0.2050925925925926 0.058333333333333334 0.11018518518518519
