157 0.9421875 0.4 0.022916666666666665 0.04259259259259259
123 0.9440104166666666 0.3472222222222222 0.0234375 0.06666666666666667
157 0.9421875 0.4 0.022916666666666665 0.04259259259259259
123 0.9440104166666666 0.3472222222222222 0.0234375 0.06666666666666667
157 0.9421875 0.4 0.022916666666666665 0.04259259259259259
123 0.9440104166666666 0.3472222222222222 0.0234375 0.06666666666666667
157 0.9421875 0.4 0.022916666666666665 0.04259259259259259
123 0.9440104166666666 0.3472222222222222 0.0234375 0.06666666666666667
157 0.9421875 0.4 0.022916666666666665 0.04259259259259259
123 0.9440104166666666 0.3472222222222222 0.0234375 0.06666666666666667
157 0.9421875 0.4 0.022916666666666665 0.04259259259259259
123 0.9440104166666666 0.3472222222222222 0.0234375 0.06666666666666667
