172 0.6481770833333333 0.3314814814814815 0.06927083333333334 0.1259259259259259
136 0.6494791666666667 0.19814814814814816 0.06979166666666667 0.12962962962962962
136 0.35911458333333335 0.041666666666666664 0.0359375 0.06111111111111111
172 0.6481770833333333 0.3314814814814815 0.06927083333333334 0.1259259259259259
136 0.6494791666666667 0.19814814814814816 0.06979166666666667 0.12962962962962962
136 0.35911458333333335 0.041666666666666664 0.0359375 0.06111111111111111
172 0.6481770833333333 0.3314814814814815 0.06927083333333334 0.1259259259259259
136 0.6494791666666667 0.19814814814814816 0.06979166666666667 0.12962962962962962
136 0.35911458333333335 0.041666666666666664 0.0359375 0.06111111111111111
172 0.6481770833333333 0.3314814814814815 0.06927083333333334 0.1259259259259259
136 0.6494791666666667 0.19814814814814816 0.06979166666666667 0.12962962962962962
136 0.35911458333333335 0.041666666666666664 0.0359375 0.06111111111111111
172 0.6481770833333333 0.3314814814814815 0.06927083333333334 0.1259259259259259
136 0.6494791666666667 0.19814814814814816 0.06979166666666667 0.12962962962962962
136 0.35911458333333335 0.041666666666666664 0.0359375 0.06111111111111111
172 0.6481770833333333 0.3314814814814815 0.06927083333333334 0.1259259259259259
136 0.6494791666666667 0.19814814814814816 0.06979166666666667 0.12962962962962962
136 0.35911458333333335 0.041666666666666664 0.0359375 0.06111111111111111
