41 0.39166666666666666 0.21388888888888888 0.09375 0.1648148148148148
179 0.38619791666666664 0.33935185185185185 0.09322916666666667 0.09166666666666666
41 0.39166666666666666 0.21388888888888888 0.09375 0.1648148148148148
179 0.38619791666666664 0.33935185185185185 0.09322916666666667 0.09166666666666666
41 0.39166666666666666 0.21388888888888888 0.09375 0.1648148148148148
179 0.38619791666666664 0.33935185185185185 0.09322916666666667 0.09166666666666666
41 0.39166666666666666 0.21388888888888888 0.09375 0.1648148148148148
179 0.38619791666666664 0.33935185185185185 0.09322916666666667 0.09166666666666666
41 0.39166666666666666 0.21388888888888888 0.09375 0.1648148148148148
179 0.38619791666666664 0.33935185185185185 0.09322916666666667 0.09166666666666666
41 0.39166666666666666 0.21388888888888888 0.09375 0.1648148148148148
179 0.38619791666666664 0.33935185185185185 0.09322916666666667 0.09166666666666666
