192 0.7666666666666667 0.13055555555555556 0.13229166666666667 0.05555555555555555
69 0.571875 0.24675925925925926 0.025 0.04537037037037037
43 0.5703125 0.20185185185185187 0.025 0.046296296296296294
192 0.7666666666666667 0.13055555555555556 0.13229166666666667 0.05555555555555555
69 0.571875 0.24675925925925926 0.025 0.04537037037037037
43 0.5703125 0.20185185185185187 0.025 0.046296296296296294
192 0.7666666666666667 0.13055555555555556 0.13229166666666667 0.05555555555555555
69 0.571875 0.24675925925925926 0.025 0.04537037037037037
43 0.5703125 0.20185185185185187 0.025 0.046296296296296294
192 0.7666666666666667 0.13055555555555556 0.13229166666666667 0.05555555555555555
69 0.571875 0.24675925925925926 0.025 0.04537037037037037
43 0.5703125 0.20185185185185187 0.025 0.046296296296296294
192 0.7666666666666667 0.13055555555555556 0.13229166666666667 0.05555555555555555
69 0.571875 0.24675925925925926 0.025 0.04537037037037037
43 0.5703125 0.20185185185185187 0.025 0.046296296296296294
192 0.7666666666666667 0.13055555555555556 0.13229166666666667 0.05555555555555555
69 0.571875 0.24675925925925926 0.025 0.04537037037037037
43 0.5703125 0.20185185185185187 0.025 0.046296296296296294
