157 0.8247395833333333 0.324537037037037 0.03697916666666667 0.041666666666666664
123 0.8270833333333333 0.27361111111111114 0.0375 0.06759259259259259
157 0.8247395833333333 0.324537037037037 0.03697916666666667 0.041666666666666664
123 0.8270833333333333 0.27361111111111114 0.0375 0.06759259259259259
157 0.8247395833333333 0.324537037037037 0.03697916666666667 0.041666666666666664
123 0.8270833333333333 0.27361111111111114 0.0375 0.06759259259259259
157 0.8247395833333333 0.324537037037037 0.03697916666666667 0.041666666666666664
123 0.8270833333333333 0.27361111111111114 0.0375 0.06759259259259259
157 0.8247395833333333 0.324537037037037 0.03697916666666667 0.041666666666666664
123 0.8270833333333333 0.27361111111111114 0.0375 0.06759259259259259
157 0.8247395833333333 0.324537037037037 0.03697916666666667 0.041666666666666664
123 0.8270833333333333 0.27361111111111114 0.0375 0.06759259259259259
