13 0.8346354166666666 0.3347222222222222 0.07447916666666667 0.11388888888888889
34 0.83671875 0.22592592592592592 0.07239583333333334 0.11851851851851852
13 0.8346354166666666 0.3347222222222222 0.07447916666666667 0.11388888888888889
34 0.83671875 0.22592592592592592 0.07239583333333334 0.11851851851851852
13 0.8346354166666666 0.3347222222222222 0.07447916666666667 0.11388888888888889
34 0.83671875 0.22592592592592592 0.07239583333333334 0.11851851851851852
13 0.8346354166666666 0.3347222222222222 0.07447916666666667 0.11388888888888889
34 0.83671875 0.22592592592592592 0.07239583333333334 0.11851851851851852
13 0.8346354166666666 0.3347222222222222 0.07447916666666667 0.11388888888888889
34 0.83671875 0.22592592592592592 0.07239583333333334 0.11851851851851852
13 0.8346354166666666 0.3347222222222222 0.07447916666666667 0.11388888888888889
34 0.83671875 0.22592592592592592 0.07239583333333334 0.11851851851851852
