3 0.79140625 0.2662037037037037 0.11614583333333334 0.19907407407407407
86 0.5268229166666667 0.3449074074074074 0.022395833333333334 0.03981481481481482
160 0.78984375 0.4078703703703704 0.1140625 0.12314814814814815
3 0.79140625 0.2662037037037037 0.11614583333333334 0.19907407407407407
86 0.5268229166666667 0.3449074074074074 0.022395833333333334 0.03981481481481482
160 0.78984375 0.4078703703703704 0.1140625 0.12314814814814815
3 0.79140625 0.2662037037037037 0.11614583333333334 0.19907407407407407
86 0.5268229166666667 0.3449074074074074 0.022395833333333334 0.03981481481481482
160 0.78984375 0.4078703703703704 0.1140625 0.12314814814814815
3 0.79140625 0.2662037037037037 0.11614583333333334 0.19907407407407407
86 0.5268229166666667 0.3449074074074074 0.022395833333333334 0.03981481481481482
160 0.78984375 0.4078703703703704 0.1140625 0.12314814814814815
3 0.79140625 0.2662037037037037 0.11614583333333334 0.19907407407407407
86 0.5268229166666667 0.3449074074074074 0.022395833333333334 0.03981481481481482
160 0.78984375 0.4078703703703704 0.1140625 0.12314814814814815
3 0.79140625 0.2662037037037037 0.11614583333333334 0.19907407407407407
86 0.5268229166666667 0.3449074074074074 0.022395833333333334 0.03981481481481482
160 0.78984375 0.4078703703703704 0.1140625 0.12314814814814815
