157 0.035416666666666666 0.3699074074074074 0.017708333333333333 0.028703703703703703
123 0.03463541666666667 0.33055555555555555 0.018229166666666668 0.05
157 0.035416666666666666 0.3699074074074074 0.017708333333333333 0.028703703703703703
123 0.03463541666666667 0.33055555555555555 0.018229166666666668 0.05
157 0.035416666666666666 0.3699074074074074 0.017708333333333333 0.028703703703703703
123 0.03463541666666667 0.33055555555555555 0.018229166666666668 0.05
157 0.035416666666666666 0.3699074074074074 0.017708333333333333 0.028703703703703703
123 0.03463541666666667 0.33055555555555555 0.018229166666666668 0.05
157 0.035416666666666666 0.3699074074074074 0.017708333333333333 0.028703703703703703
123 0.03463541666666667 0.33055555555555555 0.018229166666666668 0.05
157 0.035416666666666666 0.3699074074074074 0.017708333333333333 0.028703703703703703
123 0.03463541666666667 0.33055555555555555 0.018229166666666668 0.05
