187 0.6770833333333334 0.13287037037037036 0.10625 0.03796296296296296
191 0.6763020833333333 0.0962962962962963 0.10677083333333333 0.040740740740740744
189 0.6783854166666666 0.16805555555555557 0.10677083333333333 0.041666666666666664
191 0.67578125 0.02546296296296296 0.10572916666666667 0.03981481481481482
191 0.6760416666666667 0.060648148148148145 0.10625 0.041666666666666664
187 0.6770833333333334 0.13287037037037036 0.10625 0.03796296296296296
191 0.6763020833333333 0.0962962962962963 0.10677083333333333 0.040740740740740744
189 0.6783854166666666 0.16805555555555557 0.10677083333333333 0.041666666666666664
191 0.67578125 0.02546296296296296 0.10572916666666667 0.03981481481481482
191 0.6760416666666667 0.060648148148148145 0.10625 0.041666666666666664
