38 0.8627604166666667 0.2777777777777778 0.03697916666666667 0.06851851851851852
179 0.8606770833333334 0.32592592592592595 0.03697916666666667 0.040740740740740744
179 0.85859375 0.36527777777777776 0.03802083333333333 0.05092592592592592
134 0.9364583333333333 0.2796296296296296 0.04375 0.08888888888888889
38 0.8627604166666667 0.2777777777777778 0.03697916666666667 0.06851851851851852
179 0.8606770833333334 0.32592592592592595 0.03697916666666667 0.040740740740740744
179 0.85859375 0.36527777777777776 0.03802083333333333 0.05092592592592592
134 0.9364583333333333 0.2796296296296296 0.04375 0.08888888888888889
38 0.8627604166666667 0.2777777777777778 0.03697916666666667 0.06851851851851852
179 0.8606770833333334 0.32592592592592595 0.03697916666666667 0.040740740740740744
179 0.85859375 0.36527777777777776 0.03802083333333333 0.05092592592592592
134 0.9364583333333333 0.2796296296296296 0.04375 0.08888888888888889
38 0.8627604166666667 0.2777777777777778 0.03697916666666667 0.06851851851851852
179 0.8606770833333334 0.32592592592592595 0.03697916666666667 0.040740740740740744
179 0.85859375 0.36527777777777776 0.03802083333333333 0.05092592592592592
134 0.9364583333333333 0.2796296296296296 0.04375 0.08888888888888889
38 0.8627604166666667 0.2777777777777778 0.03697916666666667 0.06851851851851852
179 0.8606770833333334 0.32592592592592595 0.03697916666666667 0.040740740740740744
179 0.85859375 0.36527777777777776 0.03802083333333333 0.05092592592592592
134 0.9364583333333333 0.2796296296296296 0.04375 0.08888888888888889
38 0.8627604166666667 0.2777777777777778 0.03697916666666667 0.06851851851851852
179 0.8606770833333334 0.32592592592592595 0.03697916666666667 0.040740740740740744
179 0.85859375 0.36527777777777776 0.03802083333333333 0.05092592592592592
134 0.9364583333333333 0.2796296296296296 0.04375 0.08888888888888889
