74 0.07760416666666667 0.40046296296296297 0.051041666666666666 0.09351851851851851
134 0.41875 0.3175925925925926 0.016666666666666666 0.02962962962962963
186 0.07890625 0.5226851851851851 0.028645833333333332 0.15092592592592594
74 0.07760416666666667 0.40046296296296297 0.051041666666666666 0.09351851851851851
134 0.41875 0.3175925925925926 0.016666666666666666 0.02962962962962963
186 0.07890625 0.5226851851851851 0.028645833333333332 0.15092592592592594
74 0.07760416666666667 0.40046296296296297 0.051041666666666666 0.09351851851851851
134 0.41875 0.3175925925925926 0.016666666666666666 0.02962962962962963
186 0.07890625 0.5226851851851851 0.028645833333333332 0.15092592592592594
74 0.07760416666666667 0.40046296296296297 0.051041666666666666 0.09351851851851851
134 0.41875 0.3175925925925926 0.016666666666666666 0.02962962962962963
186 0.07890625 0.5226851851851851 0.028645833333333332 0.15092592592592594
74 0.07760416666666667 0.40046296296296297 0.051041666666666666 0.09351851851851851
134 0.41875 0.3175925925925926 0.016666666666666666 0.02962962962962963
186 0.07890625 0.5226851851851851 0.028645833333333332 0.15092592592592594
74 0.07760416666666667 0.40046296296296297 0.051041666666666666 0.09351851851851851
134 0.41875 0.3175925925925926 0.016666666666666666 0.02962962962962963
186 0.07890625 0.5226851851851851 0.028645833333333332 0.15092592592592594
