94 0.6244791666666667 0.274537037037037 0.04375 0.11388888888888889
83 0.03958333333333333 0.41898148148148145 0.019791666666666666 0.032407407407407406
94 0.6244791666666667 0.274537037037037 0.04375 0.11388888888888889
83 0.03958333333333333 0.41898148148148145 0.019791666666666666 0.032407407407407406
94 0.6244791666666667 0.274537037037037 0.04375 0.11388888888888889
83 0.03958333333333333 0.41898148148148145 0.019791666666666666 0.032407407407407406
94 0.6244791666666667 0.274537037037037 0.04375 0.11388888888888889
83 0.03958333333333333 0.41898148148148145 0.019791666666666666 0.032407407407407406
94 0.6244791666666667 0.274537037037037 0.04375 0.11388888888888889
83 0.03958333333333333 0.41898148148148145 0.019791666666666666 0.032407407407407406
94 0.6244791666666667 0.274537037037037 0.04375 0.11388888888888889
83 0.03958333333333333 0.41898148148148145 0.019791666666666666 0.032407407407407406
