45 0.7916666666666666 0.29953703703703705 0.07604166666666666 0.13796296296296295
53 0.7963541666666667 0.16111111111111112 0.075 0.14074074074074075
45 0.7916666666666666 0.29953703703703705 0.07604166666666666 0.13796296296296295
53 0.7963541666666667 0.16111111111111112 0.075 0.14074074074074075
45 0.7916666666666666 0.29953703703703705 0.07604166666666666 0.13796296296296295
53 0.7963541666666667 0.16111111111111112 0.075 0.14074074074074075
45 0.7916666666666666 0.29953703703703705 0.07604166666666666 0.13796296296296295
53 0.7963541666666667 0.16111111111111112 0.075 0.14074074074074075
45 0.7916666666666666 0.29953703703703705 0.07604166666666666 0.13796296296296295
53 0.7963541666666667 0.16111111111111112 0.075 0.14074074074074075
45 0.7916666666666666 0.29953703703703705 0.07604166666666666 0.13796296296296295
53 0.7963541666666667 0.16111111111111112 0.075 0.14074074074074075
