43 0.8419270833333333 0.39861111111111114 0.07239583333333334 0.11018518518518519
196 0.6213541666666667 0.43472222222222223 0.034375 0.05648148148148148
43 0.8419270833333333 0.39861111111111114 0.07239583333333334 0.11018518518518519
196 0.6213541666666667 0.43472222222222223 0.034375 0.05648148148148148
43 0.8419270833333333 0.39861111111111114 0.07239583333333334 0.11018518518518519
196 0.6213541666666667 0.43472222222222223 0.034375 0.05648148148148148
43 0.8419270833333333 0.39861111111111114 0.07239583333333334 0.11018518518518519
196 0.6213541666666667 0.43472222222222223 0.034375 0.05648148148148148
43 0.8419270833333333 0.39861111111111114 0.07239583333333334 0.11018518518518519
196 0.6213541666666667 0.43472222222222223 0.034375 0.05648148148148148
43 0.8419270833333333 0.39861111111111114 0.07239583333333334 0.11018518518518519
196 0.6213541666666667 0.43472222222222223 0.034375 0.05648148148148148
