179 0.7963541666666667 0.5666666666666667 0.08645833333333333 0.07407407407407407
78 0.7986979166666667 0.46296296296296297 0.08489583333333334 0.13148148148148148
179 0.7963541666666667 0.5666666666666667 0.08645833333333333 0.07407407407407407
78 0.7986979166666667 0.46296296296296297 0.08489583333333334 0.13148148148148148
179 0.7963541666666667 0.5666666666666667 0.08645833333333333 0.07407407407407407
78 0.7986979166666667 0.46296296296296297 0.08489583333333334 0.13148148148148148
179 0.7963541666666667 0.5666666666666667 0.08645833333333333 0.07407407407407407
78 0.7986979166666667 0.46296296296296297 0.08489583333333334 0.13148148148148148
179 0.7963541666666667 0.5666666666666667 0.08645833333333333 0.07407407407407407
78 0.7986979166666667 0.46296296296296297 0.08489583333333334 0.13148148148148148
179 0.7963541666666667 0.5666666666666667 0.08645833333333333 0.07407407407407407
78 0.7986979166666667 0.46296296296296297 0.08489583333333334 0.13148148148148148
