117 0.8578125 0.2953703703703704 0.09375 0.1685185185185185
142 0.8575520833333333 0.45787037037037037 0.09427083333333333 0.16574074074074074
117 0.8578125 0.2953703703703704 0.09375 0.1685185185185185
142 0.8575520833333333 0.45787037037037037 0.09427083333333333 0.16574074074074074
117 0.8578125 0.2953703703703704 0.09375 0.1685185185185185
142 0.8575520833333333 0.45787037037037037 0.09427083333333333 0.16574074074074074
117 0.8578125 0.2953703703703704 0.09375 0.1685185185185185
142 0.8575520833333333 0.45787037037037037 0.09427083333333333 0.16574074074074074
117 0.8578125 0.2953703703703704 0.09375 0.1685185185185185
142 0.8575520833333333 0.45787037037037037 0.09427083333333333 0.16574074074074074
