62 0.13307291666666668 0.4685185185185185 0.05260416666666667 0.08888888888888889
196 0.10859375 0.43425925925925923 0.07864583333333333 0.11481481481481481
198 0.7684895833333333 0.3592592592592593 0.09010416666666667 0.1388888888888889
62 0.13307291666666668 0.4685185185185185 0.05260416666666667 0.08888888888888889
196 0.10859375 0.43425925925925923 0.07864583333333333 0.11481481481481481
198 0.7684895833333333 0.3592592592592593 0.09010416666666667 0.1388888888888889
62 0.13307291666666668 0.4685185185185185 0.05260416666666667 0.08888888888888889
196 0.10859375 0.43425925925925923 0.07864583333333333 0.11481481481481481
198 0.7684895833333333 0.3592592592592593 0.09010416666666667 0.1388888888888889
62 0.13307291666666668 0.4685185185185185 0.05260416666666667 0.08888888888888889
196 0.10859375 0.43425925925925923 0.07864583333333333 0.11481481481481481
198 0.7684895833333333 0.3592592592592593 0.09010416666666667 0.1388888888888889
62 0.13307291666666668 0.4685185185185185 0.05260416666666667 0.08888888888888889
196 0.10859375 0.43425925925925923 0.07864583333333333 0.11481481481481481
198 0.7684895833333333 0.3592592592592593 0.09010416666666667 0.1388888888888889
62 0.13307291666666668 0.4685185185185185 0.05260416666666667 0.08888888888888889
196 0.10859375 0.43425925925925923 0.07864583333333333 0.11481481481481481
198 0.7684895833333333 0.3592592592592593 0.09010416666666667 0.1388888888888889
