134 0.6682291666666667 0.4847222222222222 0.026041666666666668 0.04351851851851852
7 0.8421875 0.4638888888888889 0.07708333333333334 0.11296296296296296
179 0.83984375 0.5592592592592592 0.07552083333333333 0.05925925925925926
134 0.6682291666666667 0.4847222222222222 0.026041666666666668 0.04351851851851852
7 0.8421875 0.4638888888888889 0.07708333333333334 0.11296296296296296
179 0.83984375 0.5592592592592592 0.07552083333333333 0.05925925925925926
134 0.6682291666666667 0.4847222222222222 0.026041666666666668 0.04351851851851852
7 0.8421875 0.4638888888888889 0.07708333333333334 0.11296296296296296
179 0.83984375 0.5592592592592592 0.07552083333333333 0.05925925925925926
134 0.6682291666666667 0.4847222222222222 0.026041666666666668 0.04351851851851852
7 0.8421875 0.4638888888888889 0.07708333333333334 0.11296296296296296
179 0.83984375 0.5592592592592592 0.07552083333333333 0.05925925925925926
134 0.6682291666666667 0.4847222222222222 0.026041666666666668 0.04351851851851852
7 0.8421875 0.4638888888888889 0.07708333333333334 0.11296296296296296
179 0.83984375 0.5592592592592592 0.07552083333333333 0.05925925925925926
134 0.6682291666666667 0.4847222222222222 0.026041666666666668 0.04351851851851852
7 0.8421875 0.4638888888888889 0.07708333333333334 0.11296296296296296
179 0.83984375 0.5592592592592592 0.07552083333333333 0.05925925925925926
