37 0.8643229166666667 0.36435185185185187 0.10572916666666667 0.14351851851851852
76 0.8619791666666666 0.4791666666666667 0.06770833333333333 0.10092592592592593
69 0.40234375 0.4912037037037037 0.022395833333333334 0.03981481481481482
37 0.8643229166666667 0.36435185185185187 0.10572916666666667 0.14351851851851852
76 0.8619791666666666 0.4791666666666667 0.06770833333333333 0.10092592592592593
69 0.40234375 0.4912037037037037 0.022395833333333334 0.03981481481481482
37 0.8643229166666667 0.36435185185185187 0.10572916666666667 0.14351851851851852
76 0.8619791666666666 0.4791666666666667 0.06770833333333333 0.10092592592592593
69 0.40234375 0.4912037037037037 0.022395833333333334 0.03981481481481482
37 0.8643229166666667 0.36435185185185187 0.10572916666666667 0.14351851851851852
76 0.8619791666666666 0.4791666666666667 0.06770833333333333 0.10092592592592593
69 0.40234375 0.4912037037037037 0.022395833333333334 0.03981481481481482
37 0.8643229166666667 0.36435185185185187 0.10572916666666667 0.14351851851851852
76 0.8619791666666666 0.4791666666666667 0.06770833333333333 0.10092592592592593
69 0.40234375 0.4912037037037037 0.022395833333333334 0.03981481481481482
37 0.8643229166666667 0.36435185185185187 0.10572916666666667 0.14351851851851852
76 0.8619791666666666 0.4791666666666667 0.06770833333333333 0.10092592592592593
69 0.40234375 0.4912037037037037 0.022395833333333334 0.03981481481481482
