197 0.19973958333333333 0.3861111111111111 0.09635416666666667 0.16296296296296298
2 0.62578125 0.4550925925925926 0.018229166666666668 0.03425925925925926
53 0.6260416666666667 0.48564814814814816 0.015625 0.026851851851851852
197 0.19973958333333333 0.3861111111111111 0.09635416666666667 0.16296296296296298
2 0.62578125 0.4550925925925926 0.018229166666666668 0.03425925925925926
53 0.6260416666666667 0.48564814814814816 0.015625 0.026851851851851852
197 0.19973958333333333 0.3861111111111111 0.09635416666666667 0.16296296296296298
2 0.62578125 0.4550925925925926 0.018229166666666668 0.03425925925925926
53 0.6260416666666667 0.48564814814814816 0.015625 0.026851851851851852
197 0.19973958333333333 0.3861111111111111 0.09635416666666667 0.16296296296296298
2 0.62578125 0.4550925925925926 0.018229166666666668 0.03425925925925926
53 0.6260416666666667 0.48564814814814816 0.015625 0.026851851851851852
197 0.19973958333333333 0.3861111111111111 0.09635416666666667 0.16296296296296298
2 0.62578125 0.4550925925925926 0.018229166666666668 0.03425925925925926
53 0.6260416666666667 0.48564814814814816 0.015625 0.026851851851851852
197 0.19973958333333333 0.3861111111111111 0.09635416666666667 0.16296296296296298
2 0.62578125 0.4550925925925926 0.018229166666666668 0.03425925925925926
53 0.6260416666666667 0.48564814814814816 0.015625 0.026851851851851852
