43 0.7489583333333333 0.41805555555555557 0.109375 0.18796296296296297
197 0.3390625 0.48703703703703705 0.03125 0.06666666666666667
196 0.32057291666666665 0.43842592592592594 0.033854166666666664 0.05462962962962963
43 0.7489583333333333 0.41805555555555557 0.109375 0.18796296296296297
197 0.3390625 0.48703703703703705 0.03125 0.06666666666666667
196 0.32057291666666665 0.43842592592592594 0.033854166666666664 0.05462962962962963
43 0.7489583333333333 0.41805555555555557 0.109375 0.18796296296296297
197 0.3390625 0.48703703703703705 0.03125 0.06666666666666667
196 0.32057291666666665 0.43842592592592594 0.033854166666666664 0.05462962962962963
43 0.7489583333333333 0.41805555555555557 0.109375 0.18796296296296297
197 0.3390625 0.48703703703703705 0.03125 0.06666666666666667
196 0.32057291666666665 0.43842592592592594 0.033854166666666664 0.05462962962962963
43 0.7489583333333333 0.41805555555555557 0.109375 0.18796296296296297
197 0.3390625 0.48703703703703705 0.03125 0.06666666666666667
196 0.32057291666666665 0.43842592592592594 0.033854166666666664 0.05462962962962963
43 0.7489583333333333 0.41805555555555557 0.109375 0.18796296296296297
197 0.3390625 0.48703703703703705 0.03125 0.06666666666666667
196 0.32057291666666665 0.43842592592592594 0.033854166666666664 0.05462962962962963
