86 0.7809895833333333 0.6060185185185185 0.05572916666666667 0.09166666666666666
141 0.6716145833333333 0.4527777777777778 0.043229166666666666 0.07222222222222222
86 0.7809895833333333 0.6060185185185185 0.05572916666666667 0.09166666666666666
141 0.6716145833333333 0.4527777777777778 0.043229166666666666 0.07222222222222222
86 0.7809895833333333 0.6060185185185185 0.05572916666666667 0.09166666666666666
141 0.6716145833333333 0.4527777777777778 0.043229166666666666 0.07222222222222222
86 0.7809895833333333 0.6060185185185185 0.05572916666666667 0.09166666666666666
141 0.6716145833333333 0.4527777777777778 0.043229166666666666 0.07222222222222222
86 0.7809895833333333 0.6060185185185185 0.05572916666666667 0.09166666666666666
141 0.6716145833333333 0.4527777777777778 0.043229166666666666 0.07222222222222222
86 0.7809895833333333 0.6060185185185185 0.05572916666666667 0.09166666666666666
141 0.6716145833333333 0.4527777777777778 0.043229166666666666 0.07222222222222222
