114 0.8338541666666667 0.2662037037037037 0.04895833333333333 0.09907407407407408
132 0.8302083333333333 0.36712962962962964 0.053125 0.10648148148148148
114 0.8338541666666667 0.2662037037037037 0.04895833333333333 0.09907407407407408
132 0.8302083333333333 0.36712962962962964 0.053125 0.10648148148148148
114 0.8338541666666667 0.2662037037037037 0.04895833333333333 0.09907407407407408
132 0.8302083333333333 0.36712962962962964 0.053125 0.10648148148148148
114 0.8338541666666667 0.2662037037037037 0.04895833333333333 0.09907407407407408
132 0.8302083333333333 0.36712962962962964 0.053125 0.10648148148148148
114 0.8338541666666667 0.2662037037037037 0.04895833333333333 0.09907407407407408
132 0.8302083333333333 0.36712962962962964 0.053125 0.10648148148148148
114 0.8338541666666667 0.2662037037037037 0.04895833333333333 0.09907407407407408
132 0.8302083333333333 0.36712962962962964 0.053125 0.10648148148148148
