166 0.690625 0.42685185185185187 0.09166666666666666 0.15925925925925927
119 0.68984375 0.25324074074074077 0.1265625 0.21388888888888888
43 0.8109375 0.5685185185185185 0.023958333333333335 0.03888888888888889
166 0.690625 0.42685185185185187 0.09166666666666666 0.15925925925925927
119 0.68984375 0.25324074074074077 0.1265625 0.21388888888888888
43 0.8109375 0.5685185185185185 0.023958333333333335 0.03888888888888889
166 0.690625 0.42685185185185187 0.09166666666666666 0.15925925925925927
119 0.68984375 0.25324074074074077 0.1265625 0.21388888888888888
43 0.8109375 0.5685185185185185 0.023958333333333335 0.03888888888888889
166 0.690625 0.42685185185185187 0.09166666666666666 0.15925925925925927
119 0.68984375 0.25324074074074077 0.1265625 0.21388888888888888
43 0.8109375 0.5685185185185185 0.023958333333333335 0.03888888888888889
166 0.690625 0.42685185185185187 0.09166666666666666 0.15925925925925927
119 0.68984375 0.25324074074074077 0.1265625 0.21388888888888888
43 0.8109375 0.5685185185185185 0.023958333333333335 0.03888888888888889
166 0.690625 0.42685185185185187 0.09166666666666666 0.15925925925925927
119 0.68984375 0.25324074074074077 0.1265625 0.21388888888888888
43 0.8109375 0.5685185185185185 0.023958333333333335 0.03888888888888889
