114 0.8197916666666667 0.22777777777777777 0.04895833333333333 0.08888888888888889
136 0.8203125 0.13842592592592592 0.04791666666666667 0.08981481481481482
114 0.8197916666666667 0.22777777777777777 0.04895833333333333 0.08888888888888889
136 0.8203125 0.13842592592592592 0.04791666666666667 0.08981481481481482
114 0.8197916666666667 0.22777777777777777 0.04895833333333333 0.08888888888888889
136 0.8203125 0.13842592592592592 0.04791666666666667 0.08981481481481482
114 0.8197916666666667 0.22777777777777777 0.04895833333333333 0.08888888888888889
136 0.8203125 0.13842592592592592 0.04791666666666667 0.08981481481481482
114 0.8197916666666667 0.22777777777777777 0.04895833333333333 0.08888888888888889
136 0.8203125 0.13842592592592592 0.04791666666666667 0.08981481481481482
114 0.8197916666666667 0.22777777777777777 0.04895833333333333 0.08888888888888889
136 0.8203125 0.13842592592592592 0.04791666666666667 0.08981481481481482
