45 0.8578125 0.4425925925925926 0.07083333333333333 0.11296296296296296
179 0.8528645833333334 0.5375 0.07447916666666667 0.08425925925925926
148 0.19296875 0.5319444444444444 0.1390625 0.05092592592592592
148 0.19166666666666668 0.48842592592592593 0.14166666666666666 0.04722222222222222
63 0.7380208333333333 0.475 0.026041666666666668 0.04259259259259259
45 0.8578125 0.4425925925925926 0.07083333333333333 0.11296296296296296
179 0.8528645833333334 0.5375 0.07447916666666667 0.08425925925925926
148 0.19296875 0.5319444444444444 0.1390625 0.05092592592592592
148 0.19166666666666668 0.48842592592592593 0.14166666666666666 0.04722222222222222
63 0.7380208333333333 0.475 0.026041666666666668 0.04259259259259259
45 0.8578125 0.4425925925925926 0.07083333333333333 0.11296296296296296
179 0.8528645833333334 0.5375 0.07447916666666667 0.08425925925925926
148 0.19296875 0.5319444444444444 0.1390625 0.05092592592592592
148 0.19166666666666668 0.48842592592592593 0.14166666666666666 0.04722222222222222
63 0.7380208333333333 0.475 0.026041666666666668 0.04259259259259259
45 0.8578125 0.4425925925925926 0.07083333333333333 0.11296296296296296
179 0.8528645833333334 0.5375 0.07447916666666667 0.08425925925925926
148 0.19296875 0.5319444444444444 0.1390625 0.05092592592592592
148 0.19166666666666668 0.48842592592592593 0.14166666666666666 0.04722222222222222
63 0.7380208333333333 0.475 0.026041666666666668 0.04259259259259259
45 0.8578125 0.4425925925925926 0.07083333333333333 0.11296296296296296
179 0.8528645833333334 0.5375 0.07447916666666667 0.08425925925925926
148 0.19296875 0.5319444444444444 0.1390625 0.05092592592592592
148 0.19166666666666668 0.48842592592592593 0.14166666666666666 0.04722222222222222
63 0.7380208333333333 0.475 0.026041666666666668 0.04259259259259259
45 0.8578125 0.4425925925925926 0.07083333333333333 0.11296296296296296
179 0.8528645833333334 0.5375 0.07447916666666667 0.08425925925925926
148 0.19296875 0.5319444444444444 0.1390625 0.05092592592592592
148 0.19166666666666668 0.48842592592592593 0.14166666666666666 0.04722222222222222
63 0.7380208333333333 0.475 0.026041666666666668 0.04259259259259259
