178 0.084375 0.4703703703703704 0.025 0.05925925925925926
123 0.08125 0.4115740740740741 0.04479166666666667 0.06018518518518518
62 0.5588541666666667 0.4444444444444444 0.025 0.04814814814814815
62 0.22578125 0.43657407407407406 0.0296875 0.04722222222222222
178 0.084375 0.4703703703703704 0.025 0.05925925925925926
123 0.08125 0.4115740740740741 0.04479166666666667 0.06018518518518518
62 0.5588541666666667 0.4444444444444444 0.025 0.04814814814814815
62 0.22578125 0.43657407407407406 0.0296875 0.04722222222222222
178 0.084375 0.4703703703703704 0.025 0.05925925925925926
123 0.08125 0.4115740740740741 0.04479166666666667 0.06018518518518518
62 0.5588541666666667 0.4444444444444444 0.025 0.04814814814814815
62 0.22578125 0.43657407407407406 0.0296875 0.04722222222222222
178 0.084375 0.4703703703703704 0.025 0.05925925925925926
123 0.08125 0.4115740740740741 0.04479166666666667 0.06018518518518518
62 0.5588541666666667 0.4444444444444444 0.025 0.04814814814814815
62 0.22578125 0.43657407407407406 0.0296875 0.04722222222222222
178 0.084375 0.4703703703703704 0.025 0.05925925925925926
123 0.08125 0.4115740740740741 0.04479166666666667 0.06018518518518518
62 0.5588541666666667 0.4444444444444444 0.025 0.04814814814814815
62 0.22578125 0.43657407407407406 0.0296875 0.04722222222222222
178 0.084375 0.4703703703703704 0.025 0.05925925925925926
123 0.08125 0.4115740740740741 0.04479166666666667 0.06018518518518518
62 0.5588541666666667 0.4444444444444444 0.025 0.04814814814814815
62 0.22578125 0.43657407407407406 0.0296875 0.04722222222222222
