180 0.7239583333333334 0.5703703703703704 0.08125 0.07592592592592592
166 0.7270833333333333 0.4689814814814815 0.08333333333333333 0.1361111111111111
119 0.73203125 0.31342592592592594 0.11510416666666666 0.19166666666666668
178 0.7229166666666667 0.6328703703703704 0.07916666666666666 0.06388888888888888
180 0.7239583333333334 0.5703703703703704 0.08125 0.07592592592592592
166 0.7270833333333333 0.4689814814814815 0.08333333333333333 0.1361111111111111
119 0.73203125 0.31342592592592594 0.11510416666666666 0.19166666666666668
178 0.7229166666666667 0.6328703703703704 0.07916666666666666 0.06388888888888888
180 0.7239583333333334 0.5703703703703704 0.08125 0.07592592592592592
166 0.7270833333333333 0.4689814814814815 0.08333333333333333 0.1361111111111111
119 0.73203125 0.31342592592592594 0.11510416666666666 0.19166666666666668
178 0.7229166666666667 0.6328703703703704 0.07916666666666666 0.06388888888888888
180 0.7239583333333334 0.5703703703703704 0.08125 0.07592592592592592
166 0.7270833333333333 0.4689814814814815 0.08333333333333333 0.1361111111111111
119 0.73203125 0.31342592592592594 0.11510416666666666 0.19166666666666668
178 0.7229166666666667 0.6328703703703704 0.07916666666666666 0.06388888888888888
180 0.7239583333333334 0.5703703703703704 0.08125 0.07592592592592592
166 0.7270833333333333 0.4689814814814815 0.08333333333333333 0.1361111111111111
119 0.73203125 0.31342592592592594 0.11510416666666666 0.19166666666666668
178 0.7229166666666667 0.6328703703703704 0.07916666666666666 0.06388888888888888
180 0.7239583333333334 0.5703703703703704 0.08125 0.07592592592592592
166 0.7270833333333333 0.4689814814814815 0.08333333333333333 0.1361111111111111
119 0.73203125 0.31342592592592594 0.11510416666666666 0.19166666666666668
178 0.7229166666666667 0.6328703703703704 0.07916666666666666 0.06388888888888888
