196 0.16145833333333334 0.4439814814814815 0.06145833333333333 0.09722222222222222
198 0.71875 0.3824074074074074 0.07291666666666667 0.11296296296296296
62 0.19192708333333333 0.4736111111111111 0.043229166666666666 0.07314814814814814
196 0.16145833333333334 0.4439814814814815 0.06145833333333333 0.09722222222222222
198 0.71875 0.3824074074074074 0.07291666666666667 0.11296296296296296
62 0.19192708333333333 0.4736111111111111 0.043229166666666666 0.07314814814814814
196 0.16145833333333334 0.4439814814814815 0.06145833333333333 0.09722222222222222
198 0.71875 0.3824074074074074 0.07291666666666667 0.11296296296296296
62 0.19192708333333333 0.4736111111111111 0.043229166666666666 0.07314814814814814
196 0.16145833333333334 0.4439814814814815 0.06145833333333333 0.09722222222222222
198 0.71875 0.3824074074074074 0.07291666666666667 0.11296296296296296
62 0.19192708333333333 0.4736111111111111 0.043229166666666666 0.07314814814814814
196 0.16145833333333334 0.4439814814814815 0.06145833333333333 0.09722222222222222
198 0.71875 0.3824074074074074 0.07291666666666667 0.11296296296296296
62 0.19192708333333333 0.4736111111111111 0.043229166666666666 0.07314814814814814
196 0.16145833333333334 0.4439814814814815 0.06145833333333333 0.09722222222222222
198 0.71875 0.3824074074074074 0.07291666666666667 0.11296296296296296
62 0.19192708333333333 0.4736111111111111 0.043229166666666666 0.07314814814814814
