119 0.7877604166666666 0.28425925925925927 0.09947916666666666 0.16296296296296298
166 0.78359375 0.4152777777777778 0.07239583333333334 0.11388888888888889
142 0.6393229166666666 0.47962962962962963 0.018229166666666668 0.03148148148148148
119 0.7877604166666666 0.28425925925925927 0.09947916666666666 0.16296296296296298
166 0.78359375 0.4152777777777778 0.07239583333333334 0.11388888888888889
142 0.6393229166666666 0.47962962962962963 0.018229166666666668 0.03148148148148148
119 0.7877604166666666 0.28425925925925927 0.09947916666666666 0.16296296296296298
166 0.78359375 0.4152777777777778 0.07239583333333334 0.11388888888888889
142 0.6393229166666666 0.47962962962962963 0.018229166666666668 0.03148148148148148
119 0.7877604166666666 0.28425925925925927 0.09947916666666666 0.16296296296296298
166 0.78359375 0.4152777777777778 0.07239583333333334 0.11388888888888889
142 0.6393229166666666 0.47962962962962963 0.018229166666666668 0.03148148148148148
119 0.7877604166666666 0.28425925925925927 0.09947916666666666 0.16296296296296298
166 0.78359375 0.4152777777777778 0.07239583333333334 0.11388888888888889
142 0.6393229166666666 0.47962962962962963 0.018229166666666668 0.03148148148148148
119 0.7877604166666666 0.28425925925925927 0.09947916666666666 0.16296296296296298
166 0.78359375 0.4152777777777778 0.07239583333333334 0.11388888888888889
142 0.6393229166666666 0.47962962962962963 0.018229166666666668 0.03148148148148148
