50 0.78125 0.4046296296296296 0.09583333333333334 0.15925925925925927
179 0.78125 0.5268518518518519 0.09791666666666667 0.08518518518518518
179 0.021614583333333333 0.5046296296296297 0.034895833333333334 0.03888888888888889
50 0.78125 0.4046296296296296 0.09583333333333334 0.15925925925925927
179 0.78125 0.5268518518518519 0.09791666666666667 0.08518518518518518
179 0.021614583333333333 0.5046296296296297 0.034895833333333334 0.03888888888888889
50 0.78125 0.4046296296296296 0.09583333333333334 0.15925925925925927
179 0.78125 0.5268518518518519 0.09791666666666667 0.08518518518518518
179 0.021614583333333333 0.5046296296296297 0.034895833333333334 0.03888888888888889
50 0.78125 0.4046296296296296 0.09583333333333334 0.15925925925925927
179 0.78125 0.5268518518518519 0.09791666666666667 0.08518518518518518
179 0.021614583333333333 0.5046296296296297 0.034895833333333334 0.03888888888888889
50 0.78125 0.4046296296296296 0.09583333333333334 0.15925925925925927
179 0.78125 0.5268518518518519 0.09791666666666667 0.08518518518518518
179 0.021614583333333333 0.5046296296296297 0.034895833333333334 0.03888888888888889
