179 0.7630208333333334 0.5037037037037037 0.08229166666666667 0.07037037037037037
78 0.76640625 0.38935185185185184 0.08385416666666666 0.13425925925925927
179 0.7630208333333334 0.5037037037037037 0.08229166666666667 0.07037037037037037
78 0.76640625 0.38935185185185184 0.08385416666666666 0.13425925925925927
179 0.7630208333333334 0.5037037037037037 0.08229166666666667 0.07037037037037037
78 0.76640625 0.38935185185185184 0.08385416666666666 0.13425925925925927
179 0.7630208333333334 0.5037037037037037 0.08229166666666667 0.07037037037037037
78 0.76640625 0.38935185185185184 0.08385416666666666 0.13425925925925927
179 0.7630208333333334 0.5037037037037037 0.08229166666666667 0.07037037037037037
78 0.76640625 0.38935185185185184 0.08385416666666666 0.13425925925925927
179 0.7630208333333334 0.5037037037037037 0.08229166666666667 0.07037037037037037
78 0.76640625 0.38935185185185184 0.08385416666666666 0.13425925925925927
