115 0.12265625 0.32731481481481484 0.044270833333333336 0.08981481481481482
65 0.90546875 0.2675925925925926 0.019270833333333334 0.05185185185185185
43 0.7739583333333333 0.33055555555555555 0.034375 0.06296296296296296
115 0.12265625 0.32731481481481484 0.044270833333333336 0.08981481481481482
65 0.90546875 0.2675925925925926 0.019270833333333334 0.05185185185185185
43 0.7739583333333333 0.33055555555555555 0.034375 0.06296296296296296
115 0.12265625 0.32731481481481484 0.044270833333333336 0.08981481481481482
65 0.90546875 0.2675925925925926 0.019270833333333334 0.05185185185185185
43 0.7739583333333333 0.33055555555555555 0.034375 0.06296296296296296
115 0.12265625 0.32731481481481484 0.044270833333333336 0.08981481481481482
65 0.90546875 0.2675925925925926 0.019270833333333334 0.05185185185185185
43 0.7739583333333333 0.33055555555555555 0.034375 0.06296296296296296
115 0.12265625 0.32731481481481484 0.044270833333333336 0.08981481481481482
65 0.90546875 0.2675925925925926 0.019270833333333334 0.05185185185185185
43 0.7739583333333333 0.33055555555555555 0.034375 0.06296296296296296
115 0.12265625 0.32731481481481484 0.044270833333333336 0.08981481481481482
65 0.90546875 0.2675925925925926 0.019270833333333334 0.05185185185185185
43 0.7739583333333333 0.33055555555555555 0.034375 0.06296296296296296
