65 0.8497395833333333 0.425 0.07135416666666666 0.10555555555555556
74 0.3065104166666667 0.5175925925925926 0.033854166666666664 0.05925925925925926
186 0.30859375 0.5949074074074074 0.0203125 0.09722222222222222
65 0.8497395833333333 0.425 0.07135416666666666 0.10555555555555556
74 0.3065104166666667 0.5175925925925926 0.033854166666666664 0.05925925925925926
186 0.30859375 0.5949074074074074 0.0203125 0.09722222222222222
65 0.8497395833333333 0.425 0.07135416666666666 0.10555555555555556
74 0.3065104166666667 0.5175925925925926 0.033854166666666664 0.05925925925925926
186 0.30859375 0.5949074074074074 0.0203125 0.09722222222222222
65 0.8497395833333333 0.425 0.07135416666666666 0.10555555555555556
74 0.3065104166666667 0.5175925925925926 0.033854166666666664 0.05925925925925926
186 0.30859375 0.5949074074074074 0.0203125 0.09722222222222222
65 0.8497395833333333 0.425 0.07135416666666666 0.10555555555555556
74 0.3065104166666667 0.5175925925925926 0.033854166666666664 0.05925925925925926
186 0.30859375 0.5949074074074074 0.0203125 0.09722222222222222
65 0.8497395833333333 0.425 0.07135416666666666 0.10555555555555556
74 0.3065104166666667 0.5175925925925926 0.033854166666666664 0.05925925925925926
186 0.30859375 0.5949074074074074 0.0203125 0.09722222222222222
