37 0.7588541666666667 0.31203703703703706 0.109375 0.16296296296296298
177 0.7479166666666667 0.5828703703703704 0.07395833333333333 0.05648148148148148
180 0.7489583333333333 0.5282407407407408 0.07395833333333333 0.062037037037037036
168 0.7510416666666667 0.4398148148148148 0.075 0.12037037037037036
53 0.9760416666666667 0.5976851851851852 0.019791666666666666 0.026851851851851852
79 0.90234375 0.5208333333333334 0.025520833333333333 0.03796296296296296
37 0.7588541666666667 0.31203703703703706 0.109375 0.16296296296296298
177 0.7479166666666667 0.5828703703703704 0.07395833333333333 0.05648148148148148
180 0.7489583333333333 0.5282407407407408 0.07395833333333333 0.062037037037037036
168 0.7510416666666667 0.4398148148148148 0.075 0.12037037037037036
53 0.9760416666666667 0.5976851851851852 0.019791666666666666 0.026851851851851852
79 0.90234375 0.5208333333333334 0.025520833333333333 0.03796296296296296
