134 0.78515625 0.36944444444444446 0.09010416666666667 0.14074074074074075
7 0.42161458333333335 0.4222222222222222 0.0171875 0.027777777777777776
134 0.78515625 0.36944444444444446 0.09010416666666667 0.14074074074074075
7 0.42161458333333335 0.4222222222222222 0.0171875 0.027777777777777776
134 0.78515625 0.36944444444444446 0.09010416666666667 0.14074074074074075
7 0.42161458333333335 0.4222222222222222 0.0171875 0.027777777777777776
134 0.78515625 0.36944444444444446 0.09010416666666667 0.14074074074074075
7 0.42161458333333335 0.4222222222222222 0.0171875 0.027777777777777776
134 0.78515625 0.36944444444444446 0.09010416666666667 0.14074074074074075
7 0.42161458333333335 0.4222222222222222 0.0171875 0.027777777777777776
134 0.78515625 0.36944444444444446 0.09010416666666667 0.14074074074074075
7 0.42161458333333335 0.4222222222222222 0.0171875 0.027777777777777776
