50 0.75 0.3111111111111111 0.08854166666666667 0.14629629629629629
179 0.7497395833333333 0.43148148148148147 0.08802083333333334 0.1
50 0.75 0.3111111111111111 0.08854166666666667 0.14629629629629629
179 0.7497395833333333 0.43148148148148147 0.08802083333333334 0.1
50 0.75 0.3111111111111111 0.08854166666666667 0.14629629629629629
179 0.7497395833333333 0.43148148148148147 0.08802083333333334 0.1
50 0.75 0.3111111111111111 0.08854166666666667 0.14629629629629629
179 0.7497395833333333 0.43148148148148147 0.08802083333333334 0.1
50 0.75 0.3111111111111111 0.08854166666666667 0.14629629629629629
179 0.7497395833333333 0.43148148148148147 0.08802083333333334 0.1
50 0.75 0.3111111111111111 0.08854166666666667 0.14629629629629629
179 0.7497395833333333 0.43148148148148147 0.08802083333333334 0.1
