43 0.8143229166666667 0.4013888888888889 0.09739583333333333 0.15092592592592594
196 0.96953125 0.41064814814814815 0.0609375 0.09722222222222222
43 0.8143229166666667 0.4013888888888889 0.09739583333333333 0.15092592592592594
196 0.96953125 0.41064814814814815 0.0609375 0.09722222222222222
43 0.8143229166666667 0.4013888888888889 0.09739583333333333 0.15092592592592594
196 0.96953125 0.41064814814814815 0.0609375 0.09722222222222222
43 0.8143229166666667 0.4013888888888889 0.09739583333333333 0.15092592592592594
196 0.96953125 0.41064814814814815 0.0609375 0.09722222222222222
43 0.8143229166666667 0.4013888888888889 0.09739583333333333 0.15092592592592594
196 0.96953125 0.41064814814814815 0.0609375 0.09722222222222222
43 0.8143229166666667 0.4013888888888889 0.09739583333333333 0.15092592592592594
196 0.96953125 0.41064814814814815 0.0609375 0.09722222222222222
