120 0.7247395833333333 0.4222222222222222 0.0953125 0.15925925925925927
43 0.7260416666666667 0.2662037037037037 0.09583333333333334 0.16574074074074074
120 0.7247395833333333 0.4222222222222222 0.0953125 0.15925925925925927
43 0.7260416666666667 0.2662037037037037 0.09583333333333334 0.16574074074074074
120 0.7247395833333333 0.4222222222222222 0.0953125 0.15925925925925927
43 0.7260416666666667 0.2662037037037037 0.09583333333333334 0.16574074074074074
120 0.7247395833333333 0.4222222222222222 0.0953125 0.15925925925925927
43 0.7260416666666667 0.2662037037037037 0.09583333333333334 0.16574074074074074
120 0.7247395833333333 0.4222222222222222 0.0953125 0.15925925925925927
43 0.7260416666666667 0.2662037037037037 0.09583333333333334 0.16574074074074074
120 0.7247395833333333 0.4222222222222222 0.0953125 0.15925925925925927
43 0.7260416666666667 0.2662037037037037 0.09583333333333334 0.16574074074074074
