187 0.7182291666666667 0.21666666666666667 0.10416666666666667 0.037037037037037035
187 0.7182291666666667 0.2523148148148148 0.10416666666666667 0.03796296296296296
191 0.7184895833333333 0.03935185185185185 0.1046875 0.03611111111111111
191 0.7184895833333333 0.18055555555555555 0.1046875 0.040740740740740744
191 0.7184895833333333 0.1439814814814815 0.1046875 0.03981481481481482
191 0.71875 0.11018518518518519 0.10416666666666667 0.03888888888888889
191 0.7184895833333333 0.07407407407407407 0.1046875 0.03888888888888889
148 0.25 0.33240740740740743 0.06666666666666667 0.05555555555555555
187 0.7182291666666667 0.21666666666666667 0.10416666666666667 0.037037037037037035
187 0.7182291666666667 0.2523148148148148 0.10416666666666667 0.03796296296296296
191 0.7184895833333333 0.03935185185185185 0.1046875 0.03611111111111111
191 0.7184895833333333 0.18055555555555555 0.1046875 0.040740740740740744
191 0.7184895833333333 0.1439814814814815 0.1046875 0.03981481481481482
191 0.71875 0.11018518518518519 0.10416666666666667 0.03888888888888889
191 0.7184895833333333 0.07407407407407407 0.1046875 0.03888888888888889
148 0.25 0.33240740740740743 0.06666666666666667 0.05555555555555555
