178 0.8151041666666666 0.4912037037037037 0.075 0.06018518518518518
141 0.8177083333333334 0.4027777777777778 0.078125 0.12037037037037036
43 0.72109375 0.44166666666666665 0.03697916666666667 0.06296296296296296
197 0.7109375 0.3726851851851852 0.017708333333333333 0.07314814814814814
178 0.8151041666666666 0.4912037037037037 0.075 0.06018518518518518
141 0.8177083333333334 0.4027777777777778 0.078125 0.12037037037037036
43 0.72109375 0.44166666666666665 0.03697916666666667 0.06296296296296296
197 0.7109375 0.3726851851851852 0.017708333333333333 0.07314814814814814
178 0.8151041666666666 0.4912037037037037 0.075 0.06018518518518518
141 0.8177083333333334 0.4027777777777778 0.078125 0.12037037037037036
43 0.72109375 0.44166666666666665 0.03697916666666667 0.06296296296296296
197 0.7109375 0.3726851851851852 0.017708333333333333 0.07314814814814814
178 0.8151041666666666 0.4912037037037037 0.075 0.06018518518518518
141 0.8177083333333334 0.4027777777777778 0.078125 0.12037037037037036
43 0.72109375 0.44166666666666665 0.03697916666666667 0.06296296296296296
197 0.7109375 0.3726851851851852 0.017708333333333333 0.07314814814814814
178 0.8151041666666666 0.4912037037037037 0.075 0.06018518518518518
141 0.8177083333333334 0.4027777777777778 0.078125 0.12037037037037036
43 0.72109375 0.44166666666666665 0.03697916666666667 0.06296296296296296
197 0.7109375 0.3726851851851852 0.017708333333333333 0.07314814814814814
178 0.8151041666666666 0.4912037037037037 0.075 0.06018518518518518
141 0.8177083333333334 0.4027777777777778 0.078125 0.12037037037037036
43 0.72109375 0.44166666666666665 0.03697916666666667 0.06296296296296296
197 0.7109375 0.3726851851851852 0.017708333333333333 0.07314814814814814
