149 0.7934895833333333 0.4722222222222222 0.11197916666666667 0.08518518518518518
148 0.64375 0.5101851851851852 0.020833333333333332 0.027777777777777776
149 0.6403645833333333 0.4759259259259259 0.0203125 0.040740740740740744
149 0.7934895833333333 0.4722222222222222 0.11197916666666667 0.08518518518518518
148 0.64375 0.5101851851851852 0.020833333333333332 0.027777777777777776
149 0.6403645833333333 0.4759259259259259 0.0203125 0.040740740740740744
149 0.7934895833333333 0.4722222222222222 0.11197916666666667 0.08518518518518518
148 0.64375 0.5101851851851852 0.020833333333333332 0.027777777777777776
149 0.6403645833333333 0.4759259259259259 0.0203125 0.040740740740740744
149 0.7934895833333333 0.4722222222222222 0.11197916666666667 0.08518518518518518
148 0.64375 0.5101851851851852 0.020833333333333332 0.027777777777777776
149 0.6403645833333333 0.4759259259259259 0.0203125 0.040740740740740744
149 0.7934895833333333 0.4722222222222222 0.11197916666666667 0.08518518518518518
148 0.64375 0.5101851851851852 0.020833333333333332 0.027777777777777776
149 0.6403645833333333 0.4759259259259259 0.0203125 0.040740740740740744
149 0.7934895833333333 0.4722222222222222 0.11197916666666667 0.08518518518518518
148 0.64375 0.5101851851851852 0.020833333333333332 0.027777777777777776
149 0.6403645833333333 0.4759259259259259 0.0203125 0.040740740740740744
