123 0.8497395833333333 0.42268518518518516 0.0640625 0.09537037037037037
179 0.8481770833333333 0.5041666666666667 0.06302083333333333 0.05648148148148148
59 0.6192708333333333 0.4263888888888889 0.027083333333333334 0.07685185185185185
123 0.8497395833333333 0.42268518518518516 0.0640625 0.09537037037037037
179 0.8481770833333333 0.5041666666666667 0.06302083333333333 0.05648148148148148
59 0.6192708333333333 0.4263888888888889 0.027083333333333334 0.07685185185185185
123 0.8497395833333333 0.42268518518518516 0.0640625 0.09537037037037037
179 0.8481770833333333 0.5041666666666667 0.06302083333333333 0.05648148148148148
59 0.6192708333333333 0.4263888888888889 0.027083333333333334 0.07685185185185185
123 0.8497395833333333 0.42268518518518516 0.0640625 0.09537037037037037
179 0.8481770833333333 0.5041666666666667 0.06302083333333333 0.05648148148148148
59 0.6192708333333333 0.4263888888888889 0.027083333333333334 0.07685185185185185
123 0.8497395833333333 0.42268518518518516 0.0640625 0.09537037037037037
179 0.8481770833333333 0.5041666666666667 0.06302083333333333 0.05648148148148148
59 0.6192708333333333 0.4263888888888889 0.027083333333333334 0.07685185185185185
123 0.8497395833333333 0.42268518518518516 0.0640625 0.09537037037037037
179 0.8481770833333333 0.5041666666666667 0.06302083333333333 0.05648148148148148
59 0.6192708333333333 0.4263888888888889 0.027083333333333334 0.07685185185185185
