9 0.8145833333333333 0.26342592592592595 0.1125 0.16018518518518518
86 0.65703125 0.6370370370370371 0.0421875 0.07407407407407407
7 0.8065104166666667 0.40694444444444444 0.0703125 0.10092592592592593
179 0.8049479166666667 0.49398148148148147 0.0703125 0.05648148148148148
9 0.8145833333333333 0.26342592592592595 0.1125 0.16018518518518518
86 0.65703125 0.6370370370370371 0.0421875 0.07407407407407407
7 0.8065104166666667 0.40694444444444444 0.0703125 0.10092592592592593
179 0.8049479166666667 0.49398148148148147 0.0703125 0.05648148148148148
9 0.8145833333333333 0.26342592592592595 0.1125 0.16018518518518518
86 0.65703125 0.6370370370370371 0.0421875 0.07407407407407407
7 0.8065104166666667 0.40694444444444444 0.0703125 0.10092592592592593
179 0.8049479166666667 0.49398148148148147 0.0703125 0.05648148148148148
9 0.8145833333333333 0.26342592592592595 0.1125 0.16018518518518518
86 0.65703125 0.6370370370370371 0.0421875 0.07407407407407407
7 0.8065104166666667 0.40694444444444444 0.0703125 0.10092592592592593
179 0.8049479166666667 0.49398148148148147 0.0703125 0.05648148148148148
9 0.8145833333333333 0.26342592592592595 0.1125 0.16018518518518518
86 0.65703125 0.6370370370370371 0.0421875 0.07407407407407407
7 0.8065104166666667 0.40694444444444444 0.0703125 0.10092592592592593
179 0.8049479166666667 0.49398148148148147 0.0703125 0.05648148148148148
9 0.8145833333333333 0.26342592592592595 0.1125 0.16018518518518518
86 0.65703125 0.6370370370370371 0.0421875 0.07407407407407407
7 0.8065104166666667 0.40694444444444444 0.0703125 0.10092592592592593
179 0.8049479166666667 0.49398148148148147 0.0703125 0.05648148148148148
