43 0.853125 0.4532407407407407 0.071875 0.10833333333333334
2 0.16588541666666667 0.46435185185185185 0.027604166666666666 0.04537037037037037
53 0.16666666666666666 0.5032407407407408 0.017708333333333333 0.03425925925925926
43 0.853125 0.4532407407407407 0.071875 0.10833333333333334
2 0.16588541666666667 0.46435185185185185 0.027604166666666666 0.04537037037037037
53 0.16666666666666666 0.5032407407407408 0.017708333333333333 0.03425925925925926
43 0.853125 0.4532407407407407 0.071875 0.10833333333333334
2 0.16588541666666667 0.46435185185185185 0.027604166666666666 0.04537037037037037
53 0.16666666666666666 0.5032407407407408 0.017708333333333333 0.03425925925925926
43 0.853125 0.4532407407407407 0.071875 0.10833333333333334
2 0.16588541666666667 0.46435185185185185 0.027604166666666666 0.04537037037037037
53 0.16666666666666666 0.5032407407407408 0.017708333333333333 0.03425925925925926
43 0.853125 0.4532407407407407 0.071875 0.10833333333333334
2 0.16588541666666667 0.46435185185185185 0.027604166666666666 0.04537037037037037
53 0.16666666666666666 0.5032407407407408 0.017708333333333333 0.03425925925925926
43 0.853125 0.4532407407407407 0.071875 0.10833333333333334
2 0.16588541666666667 0.46435185185185185 0.027604166666666666 0.04537037037037037
53 0.16666666666666666 0.5032407407407408 0.017708333333333333 0.03425925925925926
