179 0.8205729166666667 0.5148148148148148 0.09322916666666667 0.06666666666666667
78 0.8213541666666667 0.4111111111111111 0.09270833333333334 0.14444444444444443
179 0.8205729166666667 0.5148148148148148 0.09322916666666667 0.06666666666666667
78 0.8213541666666667 0.4111111111111111 0.09270833333333334 0.14444444444444443
179 0.8205729166666667 0.5148148148148148 0.09322916666666667 0.06666666666666667
78 0.8213541666666667 0.4111111111111111 0.09270833333333334 0.14444444444444443
179 0.8205729166666667 0.5148148148148148 0.09322916666666667 0.06666666666666667
78 0.8213541666666667 0.4111111111111111 0.09270833333333334 0.14444444444444443
179 0.8205729166666667 0.5148148148148148 0.09322916666666667 0.06666666666666667
78 0.8213541666666667 0.4111111111111111 0.09270833333333334 0.14444444444444443
179 0.8205729166666667 0.5148148148148148 0.09322916666666667 0.06666666666666667
78 0.8213541666666667 0.4111111111111111 0.09270833333333334 0.14444444444444443
