63 0.8768229166666667 0.37962962962962965 0.05677083333333333 0.08703703703703704
37 0.8145833333333333 0.4101851851851852 0.023958333333333335 0.03518518518518519
74 0.51640625 0.5064814814814815 0.0171875 0.02962962962962963
76 0.8151041666666666 0.43657407407407406 0.017708333333333333 0.026851851851851852
63 0.8768229166666667 0.37962962962962965 0.05677083333333333 0.08703703703703704
37 0.8145833333333333 0.4101851851851852 0.023958333333333335 0.03518518518518519
74 0.51640625 0.5064814814814815 0.0171875 0.02962962962962963
76 0.8151041666666666 0.43657407407407406 0.017708333333333333 0.026851851851851852
63 0.8768229166666667 0.37962962962962965 0.05677083333333333 0.08703703703703704
37 0.8145833333333333 0.4101851851851852 0.023958333333333335 0.03518518518518519
74 0.51640625 0.5064814814814815 0.0171875 0.02962962962962963
76 0.8151041666666666 0.43657407407407406 0.017708333333333333 0.026851851851851852
63 0.8768229166666667 0.37962962962962965 0.05677083333333333 0.08703703703703704
37 0.8145833333333333 0.4101851851851852 0.023958333333333335 0.03518518518518519
74 0.51640625 0.5064814814814815 0.0171875 0.02962962962962963
76 0.8151041666666666 0.43657407407407406 0.017708333333333333 0.026851851851851852
63 0.8768229166666667 0.37962962962962965 0.05677083333333333 0.08703703703703704
37 0.8145833333333333 0.4101851851851852 0.023958333333333335 0.03518518518518519
74 0.51640625 0.5064814814814815 0.0171875 0.02962962962962963
76 0.8151041666666666 0.43657407407407406 0.017708333333333333 0.026851851851851852
63 0.8768229166666667 0.37962962962962965 0.05677083333333333 0.08703703703703704
37 0.8145833333333333 0.4101851851851852 0.023958333333333335 0.03518518518518519
74 0.51640625 0.5064814814814815 0.0171875 0.02962962962962963
76 0.8151041666666666 0.43657407407407406 0.017708333333333333 0.026851851851851852
