37 0.7263020833333333 0.4930555555555556 0.13697916666666668 0.19722222222222222
54 0.065625 0.49074074074074076 0.016666666666666666 0.03333333333333333
37 0.7263020833333333 0.4930555555555556 0.13697916666666668 0.19722222222222222
54 0.065625 0.49074074074074076 0.016666666666666666 0.03333333333333333
37 0.7263020833333333 0.4930555555555556 0.13697916666666668 0.19722222222222222
54 0.065625 0.49074074074074076 0.016666666666666666 0.03333333333333333
37 0.7263020833333333 0.4930555555555556 0.13697916666666668 0.19722222222222222
54 0.065625 0.49074074074074076 0.016666666666666666 0.03333333333333333
37 0.7263020833333333 0.4930555555555556 0.13697916666666668 0.19722222222222222
54 0.065625 0.49074074074074076 0.016666666666666666 0.03333333333333333
37 0.7263020833333333 0.4930555555555556 0.13697916666666668 0.19722222222222222
54 0.065625 0.49074074074074076 0.016666666666666666 0.03333333333333333
