199 0.6770833333333334 0.3351851851851852 0.08229166666666667 0.11481481481481481
13 0.57421875 0.43194444444444446 0.027604166666666666 0.041666666666666664
7 0.5747395833333333 0.4740740740740741 0.028645833333333332 0.040740740740740744
199 0.6770833333333334 0.3351851851851852 0.08229166666666667 0.11481481481481481
13 0.57421875 0.43194444444444446 0.027604166666666666 0.041666666666666664
7 0.5747395833333333 0.4740740740740741 0.028645833333333332 0.040740740740740744
199 0.6770833333333334 0.3351851851851852 0.08229166666666667 0.11481481481481481
13 0.57421875 0.43194444444444446 0.027604166666666666 0.041666666666666664
7 0.5747395833333333 0.4740740740740741 0.028645833333333332 0.040740740740740744
199 0.6770833333333334 0.3351851851851852 0.08229166666666667 0.11481481481481481
13 0.57421875 0.43194444444444446 0.027604166666666666 0.041666666666666664
7 0.5747395833333333 0.4740740740740741 0.028645833333333332 0.040740740740740744
199 0.6770833333333334 0.3351851851851852 0.08229166666666667 0.11481481481481481
13 0.57421875 0.43194444444444446 0.027604166666666666 0.041666666666666664
7 0.5747395833333333 0.4740740740740741 0.028645833333333332 0.040740740740740744
199 0.6770833333333334 0.3351851851851852 0.08229166666666667 0.11481481481481481
13 0.57421875 0.43194444444444446 0.027604166666666666 0.041666666666666664
7 0.5747395833333333 0.4740740740740741 0.028645833333333332 0.040740740740740744
