149 0.7927083333333333 0.4111111111111111 0.10625 0.04814814814814815
148 0.8078125 0.45555555555555555 0.10729166666666666 0.046296296296296294
149 0.7940104166666667 0.36527777777777776 0.10677083333333333 0.05092592592592592
149 0.7966145833333333 0.3175925925925926 0.14322916666666666 0.06481481481481481
196 0.63359375 0.4023148148148148 0.1140625 0.17314814814814813
149 0.7927083333333333 0.4111111111111111 0.10625 0.04814814814814815
148 0.8078125 0.45555555555555555 0.10729166666666666 0.046296296296296294
149 0.7940104166666667 0.36527777777777776 0.10677083333333333 0.05092592592592592
149 0.7966145833333333 0.3175925925925926 0.14322916666666666 0.06481481481481481
196 0.63359375 0.4023148148148148 0.1140625 0.17314814814814813
