43 0.83671875 0.30277777777777776 0.08697916666666666 0.13333333333333333
120 0.8322916666666667 0.4351851851851852 0.08854166666666667 0.13518518518518519
196 0.5229166666666667 0.4412037037037037 0.03229166666666667 0.06388888888888888
43 0.83671875 0.30277777777777776 0.08697916666666666 0.13333333333333333
120 0.8322916666666667 0.4351851851851852 0.08854166666666667 0.13518518518518519
196 0.5229166666666667 0.4412037037037037 0.03229166666666667 0.06388888888888888
43 0.83671875 0.30277777777777776 0.08697916666666666 0.13333333333333333
120 0.8322916666666667 0.4351851851851852 0.08854166666666667 0.13518518518518519
196 0.5229166666666667 0.4412037037037037 0.03229166666666667 0.06388888888888888
43 0.83671875 0.30277777777777776 0.08697916666666666 0.13333333333333333
120 0.8322916666666667 0.4351851851851852 0.08854166666666667 0.13518518518518519
196 0.5229166666666667 0.4412037037037037 0.03229166666666667 0.06388888888888888
43 0.83671875 0.30277777777777776 0.08697916666666666 0.13333333333333333
120 0.8322916666666667 0.4351851851851852 0.08854166666666667 0.13518518518518519
196 0.5229166666666667 0.4412037037037037 0.03229166666666667 0.06388888888888888
43 0.83671875 0.30277777777777776 0.08697916666666666 0.13333333333333333
120 0.8322916666666667 0.4351851851851852 0.08854166666666667 0.13518518518518519
196 0.5229166666666667 0.4412037037037037 0.03229166666666667 0.06388888888888888
