61 0.7611979166666667 0.6509259259259259 0.07239583333333334 0.11851851851851852
102 0.8026041666666667 0.5453703703703704 0.12291666666666666 0.10185185185185185
61 0.7611979166666667 0.6509259259259259 0.07239583333333334 0.11851851851851852
102 0.8026041666666667 0.5453703703703704 0.12291666666666666 0.10185185185185185
61 0.7611979166666667 0.6509259259259259 0.07239583333333334 0.11851851851851852
102 0.8026041666666667 0.5453703703703704 0.12291666666666666 0.10185185185185185
61 0.7611979166666667 0.6509259259259259 0.07239583333333334 0.11851851851851852
102 0.8026041666666667 0.5453703703703704 0.12291666666666666 0.10185185185185185
61 0.7611979166666667 0.6509259259259259 0.07239583333333334 0.11851851851851852
102 0.8026041666666667 0.5453703703703704 0.12291666666666666 0.10185185185185185
61 0.7611979166666667 0.6509259259259259 0.07239583333333334 0.11851851851851852
102 0.8026041666666667 0.5453703703703704 0.12291666666666666 0.10185185185185185
