47 0.8013020833333333 0.43472222222222223 0.09427083333333333 0.15833333333333333
102 0.5890625 0.46805555555555556 0.040625 0.03796296296296296
62 0.17890625 0.4791666666666667 0.025520833333333333 0.058333333333333334
47 0.8013020833333333 0.43472222222222223 0.09427083333333333 0.15833333333333333
102 0.5890625 0.46805555555555556 0.040625 0.03796296296296296
62 0.17890625 0.4791666666666667 0.025520833333333333 0.058333333333333334
47 0.8013020833333333 0.43472222222222223 0.09427083333333333 0.15833333333333333
102 0.5890625 0.46805555555555556 0.040625 0.03796296296296296
62 0.17890625 0.4791666666666667 0.025520833333333333 0.058333333333333334
47 0.8013020833333333 0.43472222222222223 0.09427083333333333 0.15833333333333333
102 0.5890625 0.46805555555555556 0.040625 0.03796296296296296
62 0.17890625 0.4791666666666667 0.025520833333333333 0.058333333333333334
47 0.8013020833333333 0.43472222222222223 0.09427083333333333 0.15833333333333333
102 0.5890625 0.46805555555555556 0.040625 0.03796296296296296
62 0.17890625 0.4791666666666667 0.025520833333333333 0.058333333333333334
47 0.8013020833333333 0.43472222222222223 0.09427083333333333 0.15833333333333333
102 0.5890625 0.46805555555555556 0.040625 0.03796296296296296
62 0.17890625 0.4791666666666667 0.025520833333333333 0.058333333333333334
