148 0.9244791666666666 0.5444444444444444 0.051041666666666666 0.07962962962962963
148 0.9270833333333334 0.49722222222222223 0.05 0.07407407407407407
148 0.9244791666666666 0.5444444444444444 0.051041666666666666 0.07962962962962963
148 0.9270833333333334 0.49722222222222223 0.05 0.07407407407407407
148 0.9244791666666666 0.5444444444444444 0.051041666666666666 0.07962962962962963
148 0.9270833333333334 0.49722222222222223 0.05 0.07407407407407407
148 0.9244791666666666 0.5444444444444444 0.051041666666666666 0.07962962962962963
148 0.9270833333333334 0.49722222222222223 0.05 0.07407407407407407
148 0.9244791666666666 0.5444444444444444 0.051041666666666666 0.07962962962962963
148 0.9270833333333334 0.49722222222222223 0.05 0.07407407407407407
148 0.9244791666666666 0.5444444444444444 0.051041666666666666 0.07962962962962963
148 0.9270833333333334 0.49722222222222223 0.05 0.07407407407407407
