134 0.9067708333333333 0.4601851851851852 0.05 0.07592592592592592
196 0.51796875 0.44907407407407407 0.0234375 0.044444444444444446
7 0.5783854166666667 0.4462962962962963 0.018229166666666668 0.027777777777777776
134 0.9067708333333333 0.4601851851851852 0.05 0.07592592592592592
196 0.51796875 0.44907407407407407 0.0234375 0.044444444444444446
7 0.5783854166666667 0.4462962962962963 0.018229166666666668 0.027777777777777776
134 0.9067708333333333 0.4601851851851852 0.05 0.07592592592592592
196 0.51796875 0.44907407407407407 0.0234375 0.044444444444444446
7 0.5783854166666667 0.4462962962962963 0.018229166666666668 0.027777777777777776
134 0.9067708333333333 0.4601851851851852 0.05 0.07592592592592592
196 0.51796875 0.44907407407407407 0.0234375 0.044444444444444446
7 0.5783854166666667 0.4462962962962963 0.018229166666666668 0.027777777777777776
134 0.9067708333333333 0.4601851851851852 0.05 0.07592592592592592
196 0.51796875 0.44907407407407407 0.0234375 0.044444444444444446
7 0.5783854166666667 0.4462962962962963 0.018229166666666668 0.027777777777777776
134 0.9067708333333333 0.4601851851851852 0.05 0.07592592592592592
196 0.51796875 0.44907407407407407 0.0234375 0.044444444444444446
7 0.5783854166666667 0.4462962962962963 0.018229166666666668 0.027777777777777776
