37 0.725 0.4148148148148148 0.14791666666666667 0.2537037037037037
197 0.44947916666666665 0.4305555555555556 0.025 0.044444444444444446
37 0.725 0.4148148148148148 0.14791666666666667 0.2537037037037037
197 0.44947916666666665 0.4305555555555556 0.025 0.044444444444444446
37 0.725 0.4148148148148148 0.14791666666666667 0.2537037037037037
197 0.44947916666666665 0.4305555555555556 0.025 0.044444444444444446
37 0.725 0.4148148148148148 0.14791666666666667 0.2537037037037037
197 0.44947916666666665 0.4305555555555556 0.025 0.044444444444444446
37 0.725 0.4148148148148148 0.14791666666666667 0.2537037037037037
197 0.44947916666666665 0.4305555555555556 0.025 0.044444444444444446
37 0.725 0.4148148148148148 0.14791666666666667 0.2537037037037037
197 0.44947916666666665 0.4305555555555556 0.025 0.044444444444444446
