128 0.7299479166666667 0.2814814814814815 0.08385416666666666 0.15555555555555556
177 0.7338541666666667 0.3763888888888889 0.07916666666666666 0.049074074074074076
128 0.7299479166666667 0.2814814814814815 0.08385416666666666 0.15555555555555556
177 0.7338541666666667 0.3763888888888889 0.07916666666666666 0.049074074074074076
128 0.7299479166666667 0.2814814814814815 0.08385416666666666 0.15555555555555556
177 0.7338541666666667 0.3763888888888889 0.07916666666666666 0.049074074074074076
128 0.7299479166666667 0.2814814814814815 0.08385416666666666 0.15555555555555556
177 0.7338541666666667 0.3763888888888889 0.07916666666666666 0.049074074074074076
128 0.7299479166666667 0.2814814814814815 0.08385416666666666 0.15555555555555556
177 0.7338541666666667 0.3763888888888889 0.07916666666666666 0.049074074074074076
128 0.7299479166666667 0.2814814814814815 0.08385416666666666 0.15555555555555556
177 0.7338541666666667 0.3763888888888889 0.07916666666666666 0.049074074074074076
