37 0.8463541666666666 0.4648148148148148 0.12395833333333334 0.1648148148148148
196 0.17005208333333333 0.4787037037037037 0.03697916666666667 0.06666666666666667
196 0.22109375 0.48194444444444445 0.04635416666666667 0.07314814814814814
37 0.8463541666666666 0.4648148148148148 0.12395833333333334 0.1648148148148148
196 0.17005208333333333 0.4787037037037037 0.03697916666666667 0.06666666666666667
196 0.22109375 0.48194444444444445 0.04635416666666667 0.07314814814814814
37 0.8463541666666666 0.4648148148148148 0.12395833333333334 0.1648148148148148
196 0.17005208333333333 0.4787037037037037 0.03697916666666667 0.06666666666666667
196 0.22109375 0.48194444444444445 0.04635416666666667 0.07314814814814814
37 0.8463541666666666 0.4648148148148148 0.12395833333333334 0.1648148148148148
196 0.17005208333333333 0.4787037037037037 0.03697916666666667 0.06666666666666667
196 0.22109375 0.48194444444444445 0.04635416666666667 0.07314814814814814
37 0.8463541666666666 0.4648148148148148 0.12395833333333334 0.1648148148148148
196 0.17005208333333333 0.4787037037037037 0.03697916666666667 0.06666666666666667
196 0.22109375 0.48194444444444445 0.04635416666666667 0.07314814814814814
37 0.8463541666666666 0.4648148148148148 0.12395833333333334 0.1648148148148148
196 0.17005208333333333 0.4787037037037037 0.03697916666666667 0.06666666666666667
196 0.22109375 0.48194444444444445 0.04635416666666667 0.07314814814814814
