37 0.8221354166666667 0.2449074074074074 0.1359375 0.19537037037037036
168 0.8169270833333333 0.39444444444444443 0.0890625 0.14444444444444443
142 0.35130208333333335 0.5037037037037037 0.0328125 0.05740740740740741
37 0.8221354166666667 0.2449074074074074 0.1359375 0.19537037037037036
168 0.8169270833333333 0.39444444444444443 0.0890625 0.14444444444444443
142 0.35130208333333335 0.5037037037037037 0.0328125 0.05740740740740741
37 0.8221354166666667 0.2449074074074074 0.1359375 0.19537037037037036
168 0.8169270833333333 0.39444444444444443 0.0890625 0.14444444444444443
142 0.35130208333333335 0.5037037037037037 0.0328125 0.05740740740740741
37 0.8221354166666667 0.2449074074074074 0.1359375 0.19537037037037036
168 0.8169270833333333 0.39444444444444443 0.0890625 0.14444444444444443
142 0.35130208333333335 0.5037037037037037 0.0328125 0.05740740740740741
37 0.8221354166666667 0.2449074074074074 0.1359375 0.19537037037037036
168 0.8169270833333333 0.39444444444444443 0.0890625 0.14444444444444443
142 0.35130208333333335 0.5037037037037037 0.0328125 0.05740740740740741
37 0.8221354166666667 0.2449074074074074 0.1359375 0.19537037037037036
168 0.8169270833333333 0.39444444444444443 0.0890625 0.14444444444444443
142 0.35130208333333335 0.5037037037037037 0.0328125 0.05740740740740741
