43 0.7611979166666667 0.2847222222222222 0.10885416666666667 0.18055555555555555
196 0.46197916666666666 0.3402777777777778 0.03958333333333333 0.06388888888888888
43 0.7611979166666667 0.2847222222222222 0.10885416666666667 0.18055555555555555
196 0.46197916666666666 0.3402777777777778 0.03958333333333333 0.06388888888888888
43 0.7611979166666667 0.2847222222222222 0.10885416666666667 0.18055555555555555
196 0.46197916666666666 0.3402777777777778 0.03958333333333333 0.06388888888888888
43 0.7611979166666667 0.2847222222222222 0.10885416666666667 0.18055555555555555
196 0.46197916666666666 0.3402777777777778 0.03958333333333333 0.06388888888888888
43 0.7611979166666667 0.2847222222222222 0.10885416666666667 0.18055555555555555
196 0.46197916666666666 0.3402777777777778 0.03958333333333333 0.06388888888888888
