121 0.7994791666666666 0.4537037037037037 0.12708333333333333 0.1388888888888889
196 0.7919270833333333 0.25046296296296294 0.12135416666666667 0.18055555555555555
121 0.7994791666666666 0.4537037037037037 0.12708333333333333 0.1388888888888889
196 0.7919270833333333 0.25046296296296294 0.12135416666666667 0.18055555555555555
121 0.7994791666666666 0.4537037037037037 0.12708333333333333 0.1388888888888889
196 0.7919270833333333 0.25046296296296294 0.12135416666666667 0.18055555555555555
121 0.7994791666666666 0.4537037037037037 0.12708333333333333 0.1388888888888889
196 0.7919270833333333 0.25046296296296294 0.12135416666666667 0.18055555555555555
121 0.7994791666666666 0.4537037037037037 0.12708333333333333 0.1388888888888889
196 0.7919270833333333 0.25046296296296294 0.12135416666666667 0.18055555555555555
121 0.7994791666666666 0.4537037037037037 0.12708333333333333 0.1388888888888889
196 0.7919270833333333 0.25046296296296294 0.12135416666666667 0.18055555555555555
