100 0.8361979166666667 0.4393518518518518 0.10885416666666667 0.09166666666666666
145 0.5578125 0.4615740740740741 0.016666666666666666 0.041666666666666664
100 0.8361979166666667 0.4393518518518518 0.10885416666666667 0.09166666666666666
145 0.5578125 0.4615740740740741 0.016666666666666666 0.041666666666666664
100 0.8361979166666667 0.4393518518518518 0.10885416666666667 0.09166666666666666
145 0.5578125 0.4615740740740741 0.016666666666666666 0.041666666666666664
100 0.8361979166666667 0.4393518518518518 0.10885416666666667 0.09166666666666666
145 0.5578125 0.4615740740740741 0.016666666666666666 0.041666666666666664
100 0.8361979166666667 0.4393518518518518 0.10885416666666667 0.09166666666666666
145 0.5578125 0.4615740740740741 0.016666666666666666 0.041666666666666664
100 0.8361979166666667 0.4393518518518518 0.10885416666666667 0.09166666666666666
145 0.5578125 0.4615740740740741 0.016666666666666666 0.041666666666666664
