45 0.8203125 0.2712962962962963 0.06458333333333334 0.11481481481481481
116 0.6796875 0.22916666666666666 0.04583333333333333 0.0824074074074074
179 0.8177083333333334 0.3527777777777778 0.06458333333333334 0.05555555555555555
179 0.8140625 0.4337962962962963 0.04583333333333333 0.1175925925925926
179 0.6776041666666667 0.28888888888888886 0.04479166666666667 0.04259259259259259
179 0.6791666666666667 0.3296296296296296 0.04479166666666667 0.040740740740740744
60 0.68046875 0.23564814814814813 0.0265625 0.04537037037037037
45 0.8203125 0.2712962962962963 0.06458333333333334 0.11481481481481481
116 0.6796875 0.22916666666666666 0.04583333333333333 0.0824074074074074
179 0.8177083333333334 0.3527777777777778 0.06458333333333334 0.05555555555555555
179 0.8140625 0.4337962962962963 0.04583333333333333 0.1175925925925926
179 0.6776041666666667 0.28888888888888886 0.04479166666666667 0.04259259259259259
179 0.6791666666666667 0.3296296296296296 0.04479166666666667 0.040740740740740744
60 0.68046875 0.23564814814814813 0.0265625 0.04537037037037037
45 0.8203125 0.2712962962962963 0.06458333333333334 0.11481481481481481
116 0.6796875 0.22916666666666666 0.04583333333333333 0.0824074074074074
179 0.8177083333333334 0.3527777777777778 0.06458333333333334 0.05555555555555555
179 0.8140625 0.4337962962962963 0.04583333333333333 0.1175925925925926
179 0.6776041666666667 0.28888888888888886 0.04479166666666667 0.04259259259259259
179 0.6791666666666667 0.3296296296296296 0.04479166666666667 0.040740740740740744
60 0.68046875 0.23564814814814813 0.0265625 0.04537037037037037
45 0.8203125 0.2712962962962963 0.06458333333333334 0.11481481481481481
116 0.6796875 0.22916666666666666 0.04583333333333333 0.0824074074074074
179 0.8177083333333334 0.3527777777777778 0.06458333333333334 0.05555555555555555
179 0.8140625 0.4337962962962963 0.04583333333333333 0.1175925925925926
179 0.6776041666666667 0.28888888888888886 0.04479166666666667 0.04259259259259259
179 0.6791666666666667 0.3296296296296296 0.04479166666666667 0.040740740740740744
60 0.68046875 0.23564814814814813 0.0265625 0.04537037037037037
45 0.8203125 0.2712962962962963 0.06458333333333334 0.11481481481481481
116 0.6796875 0.22916666666666666 0.04583333333333333 0.0824074074074074
179 0.8177083333333334 0.3527777777777778 0.06458333333333334 0.05555555555555555
179 0.8140625 0.4337962962962963 0.04583333333333333 0.1175925925925926
179 0.6776041666666667 0.28888888888888886 0.04479166666666667 0.04259259259259259
179 0.6791666666666667 0.3296296296296296 0.04479166666666667 0.040740740740740744
60 0.68046875 0.23564814814814813 0.0265625 0.04537037037037037
45 0.8203125 0.2712962962962963 0.06458333333333334 0.11481481481481481
116 0.6796875 0.22916666666666666 0.04583333333333333 0.0824074074074074
179 0.8177083333333334 0.3527777777777778 0.06458333333333334 0.05555555555555555
179 0.8140625 0.4337962962962963 0.04583333333333333 0.1175925925925926
179 0.6776041666666667 0.28888888888888886 0.04479166666666667 0.04259259259259259
179 0.6791666666666667 0.3296296296296296 0.04479166666666667 0.040740740740740744
60 0.68046875 0.23564814814814813 0.0265625 0.04537037037037037
