37 0.7135416666666666 0.48842592592592593 0.109375 0.18055555555555555
141 0.01640625 0.5111111111111111 0.019270833333333334 0.02962962962962963
37 0.7135416666666666 0.48842592592592593 0.109375 0.18055555555555555
141 0.01640625 0.5111111111111111 0.019270833333333334 0.02962962962962963
37 0.7135416666666666 0.48842592592592593 0.109375 0.18055555555555555
141 0.01640625 0.5111111111111111 0.019270833333333334 0.02962962962962963
37 0.7135416666666666 0.48842592592592593 0.109375 0.18055555555555555
141 0.01640625 0.5111111111111111 0.019270833333333334 0.02962962962962963
37 0.7135416666666666 0.48842592592592593 0.109375 0.18055555555555555
141 0.01640625 0.5111111111111111 0.019270833333333334 0.02962962962962963
37 0.7135416666666666 0.48842592592592593 0.109375 0.18055555555555555
141 0.01640625 0.5111111111111111 0.019270833333333334 0.02962962962962963
