45 0.7640625 0.3398148148148148 0.08125 0.15185185185185185
64 0.47890625 0.3148148148148148 0.028645833333333332 0.053703703703703705
45 0.7640625 0.3398148148148148 0.08125 0.15185185185185185
64 0.47890625 0.3148148148148148 0.028645833333333332 0.053703703703703705
45 0.7640625 0.3398148148148148 0.08125 0.15185185185185185
64 0.47890625 0.3148148148148148 0.028645833333333332 0.053703703703703705
45 0.7640625 0.3398148148148148 0.08125 0.15185185185185185
64 0.47890625 0.3148148148148148 0.028645833333333332 0.053703703703703705
45 0.7640625 0.3398148148148148 0.08125 0.15185185185185185
64 0.47890625 0.3148148148148148 0.028645833333333332 0.053703703703703705
45 0.7640625 0.3398148148148148 0.08125 0.15185185185185185
64 0.47890625 0.3148148148148148 0.028645833333333332 0.053703703703703705
