37 0.7841145833333333 0.42916666666666664 0.13697916666666668 0.20277777777777778
15 0.5515625 0.4810185185185185 0.01875 0.026851851851851852
54 0.8950520833333333 0.45740740740740743 0.016145833333333335 0.040740740740740744
37 0.7841145833333333 0.42916666666666664 0.13697916666666668 0.20277777777777778
15 0.5515625 0.4810185185185185 0.01875 0.026851851851851852
54 0.8950520833333333 0.45740740740740743 0.016145833333333335 0.040740740740740744
37 0.7841145833333333 0.42916666666666664 0.13697916666666668 0.20277777777777778
15 0.5515625 0.4810185185185185 0.01875 0.026851851851851852
54 0.8950520833333333 0.45740740740740743 0.016145833333333335 0.040740740740740744
37 0.7841145833333333 0.42916666666666664 0.13697916666666668 0.20277777777777778
15 0.5515625 0.4810185185185185 0.01875 0.026851851851851852
54 0.8950520833333333 0.45740740740740743 0.016145833333333335 0.040740740740740744
37 0.7841145833333333 0.42916666666666664 0.13697916666666668 0.20277777777777778
15 0.5515625 0.4810185185185185 0.01875 0.026851851851851852
54 0.8950520833333333 0.45740740740740743 0.016145833333333335 0.040740740740740744
37 0.7841145833333333 0.42916666666666664 0.13697916666666668 0.20277777777777778
15 0.5515625 0.4810185185185185 0.01875 0.026851851851851852
54 0.8950520833333333 0.45740740740740743 0.016145833333333335 0.040740740740740744
