186 0.22135416666666666 0.7240740740740741 0.03854166666666667 0.2074074074074074
74 0.21953125 0.5601851851851852 0.07239583333333334 0.12962962962962962
76 0.9221354166666667 0.40185185185185185 0.03697916666666667 0.05185185185185185
37 0.92265625 0.3453703703703704 0.05677083333333333 0.07037037037037037
186 0.22135416666666666 0.7240740740740741 0.03854166666666667 0.2074074074074074
74 0.21953125 0.5601851851851852 0.07239583333333334 0.12962962962962962
76 0.9221354166666667 0.40185185185185185 0.03697916666666667 0.05185185185185185
37 0.92265625 0.3453703703703704 0.05677083333333333 0.07037037037037037
186 0.22135416666666666 0.7240740740740741 0.03854166666666667 0.2074074074074074
74 0.21953125 0.5601851851851852 0.07239583333333334 0.12962962962962962
76 0.9221354166666667 0.40185185185185185 0.03697916666666667 0.05185185185185185
37 0.92265625 0.3453703703703704 0.05677083333333333 0.07037037037037037
186 0.22135416666666666 0.7240740740740741 0.03854166666666667 0.2074074074074074
74 0.21953125 0.5601851851851852 0.07239583333333334 0.12962962962962962
76 0.9221354166666667 0.40185185185185185 0.03697916666666667 0.05185185185185185
37 0.92265625 0.3453703703703704 0.05677083333333333 0.07037037037037037
186 0.22135416666666666 0.7240740740740741 0.03854166666666667 0.2074074074074074
74 0.21953125 0.5601851851851852 0.07239583333333334 0.12962962962962962
76 0.9221354166666667 0.40185185185185185 0.03697916666666667 0.05185185185185185
37 0.92265625 0.3453703703703704 0.05677083333333333 0.07037037037037037
186 0.22135416666666666 0.7240740740740741 0.03854166666666667 0.2074074074074074
74 0.21953125 0.5601851851851852 0.07239583333333334 0.12962962962962962
76 0.9221354166666667 0.40185185185185185 0.03697916666666667 0.05185185185185185
37 0.92265625 0.3453703703703704 0.05677083333333333 0.07037037037037037
