175 0.68046875 0.5518518518518518 0.08177083333333333 0.07407407407407407
123 0.678125 0.4444444444444444 0.08333333333333333 0.14814814814814814
175 0.68046875 0.5518518518518518 0.08177083333333333 0.07407407407407407
123 0.678125 0.4444444444444444 0.08333333333333333 0.14814814814814814
175 0.68046875 0.5518518518518518 0.08177083333333333 0.07407407407407407
123 0.678125 0.4444444444444444 0.08333333333333333 0.14814814814814814
175 0.68046875 0.5518518518518518 0.08177083333333333 0.07407407407407407
123 0.678125 0.4444444444444444 0.08333333333333333 0.14814814814814814
175 0.68046875 0.5518518518518518 0.08177083333333333 0.07407407407407407
123 0.678125 0.4444444444444444 0.08333333333333333 0.14814814814814814
175 0.68046875 0.5518518518518518 0.08177083333333333 0.07407407407407407
123 0.678125 0.4444444444444444 0.08333333333333333 0.14814814814814814
