100 0.8341145833333333 0.49166666666666664 0.11510416666666666 0.09259259259259259
119 0.74921875 0.4375 0.0328125 0.058333333333333334
163 0.7479166666666667 0.48564814814814816 0.023958333333333335 0.041666666666666664
100 0.8341145833333333 0.49166666666666664 0.11510416666666666 0.09259259259259259
119 0.74921875 0.4375 0.0328125 0.058333333333333334
163 0.7479166666666667 0.48564814814814816 0.023958333333333335 0.041666666666666664
100 0.8341145833333333 0.49166666666666664 0.11510416666666666 0.09259259259259259
119 0.74921875 0.4375 0.0328125 0.058333333333333334
163 0.7479166666666667 0.48564814814814816 0.023958333333333335 0.041666666666666664
100 0.8341145833333333 0.49166666666666664 0.11510416666666666 0.09259259259259259
119 0.74921875 0.4375 0.0328125 0.058333333333333334
163 0.7479166666666667 0.48564814814814816 0.023958333333333335 0.041666666666666664
100 0.8341145833333333 0.49166666666666664 0.11510416666666666 0.09259259259259259
119 0.74921875 0.4375 0.0328125 0.058333333333333334
163 0.7479166666666667 0.48564814814814816 0.023958333333333335 0.041666666666666664
100 0.8341145833333333 0.49166666666666664 0.11510416666666666 0.09259259259259259
119 0.74921875 0.4375 0.0328125 0.058333333333333334
163 0.7479166666666667 0.48564814814814816 0.023958333333333335 0.041666666666666664
