171 0.8861979166666667 0.34305555555555556 0.04010416666666667 0.03425925925925926
67 0.8875 0.29074074074074074 0.040625 0.07222222222222222
171 0.8861979166666667 0.34305555555555556 0.04010416666666667 0.03425925925925926
67 0.8875 0.29074074074074074 0.040625 0.07222222222222222
171 0.8861979166666667 0.34305555555555556 0.04010416666666667 0.03425925925925926
67 0.8875 0.29074074074074074 0.040625 0.07222222222222222
171 0.8861979166666667 0.34305555555555556 0.04010416666666667 0.03425925925925926
67 0.8875 0.29074074074074074 0.040625 0.07222222222222222
171 0.8861979166666667 0.34305555555555556 0.04010416666666667 0.03425925925925926
67 0.8875 0.29074074074074074 0.040625 0.07222222222222222
171 0.8861979166666667 0.34305555555555556 0.04010416666666667 0.03425925925925926
67 0.8875 0.29074074074074074 0.040625 0.07222222222222222
