37 0.8544270833333333 0.34953703703703703 0.13489583333333333 0.19166666666666668
100 0.4635416666666667 0.4773148148148148 0.029166666666666667 0.026851851851851852
37 0.8544270833333333 0.34953703703703703 0.13489583333333333 0.19166666666666668
100 0.4635416666666667 0.4773148148148148 0.029166666666666667 0.026851851851851852
37 0.8544270833333333 0.34953703703703703 0.13489583333333333 0.19166666666666668
100 0.4635416666666667 0.4773148148148148 0.029166666666666667 0.026851851851851852
37 0.8544270833333333 0.34953703703703703 0.13489583333333333 0.19166666666666668
100 0.4635416666666667 0.4773148148148148 0.029166666666666667 0.026851851851851852
37 0.8544270833333333 0.34953703703703703 0.13489583333333333 0.19166666666666668
100 0.4635416666666667 0.4773148148148148 0.029166666666666667 0.026851851851851852
37 0.8544270833333333 0.34953703703703703 0.13489583333333333 0.19166666666666668
100 0.4635416666666667 0.4773148148148148 0.029166666666666667 0.026851851851851852
