188 0.08776041666666666 0.2375 0.11927083333333334 0.06388888888888888
188 0.08671875 0.33055555555555555 0.1203125 0.05185185185185185
190 0.08645833333333333 0.36435185185185187 0.11979166666666667 0.05277777777777778
192 0.08854166666666667 0.1736111111111111 0.12083333333333333 0.0712962962962963
188 0.0875 0.26944444444444443 0.11979166666666667 0.06111111111111111
192 0.08828125 0.20416666666666666 0.11927083333333334 0.06388888888888888
188 0.08723958333333333 0.29814814814814816 0.11927083333333334 0.05555555555555555
188 0.08776041666666666 0.2375 0.11927083333333334 0.06388888888888888
188 0.08671875 0.33055555555555555 0.1203125 0.05185185185185185
190 0.08645833333333333 0.36435185185185187 0.11979166666666667 0.05277777777777778
192 0.08854166666666667 0.1736111111111111 0.12083333333333333 0.0712962962962963
188 0.0875 0.26944444444444443 0.11979166666666667 0.06111111111111111
192 0.08828125 0.20416666666666666 0.11927083333333334 0.06388888888888888
188 0.08723958333333333 0.29814814814814816 0.11927083333333334 0.05555555555555555
