179 0.79765625 0.5708333333333333 0.07447916666666667 0.06574074074074074
15 0.7989583333333333 0.4587962962962963 0.11145833333333334 0.16203703703703703
179 0.79765625 0.5708333333333333 0.07447916666666667 0.06574074074074074
15 0.7989583333333333 0.4587962962962963 0.11145833333333334 0.16203703703703703
179 0.79765625 0.5708333333333333 0.07447916666666667 0.06574074074074074
15 0.7989583333333333 0.4587962962962963 0.11145833333333334 0.16203703703703703
179 0.79765625 0.5708333333333333 0.07447916666666667 0.06574074074074074
15 0.7989583333333333 0.4587962962962963 0.11145833333333334 0.16203703703703703
179 0.79765625 0.5708333333333333 0.07447916666666667 0.06574074074074074
15 0.7989583333333333 0.4587962962962963 0.11145833333333334 0.16203703703703703
179 0.79765625 0.5708333333333333 0.07447916666666667 0.06574074074074074
15 0.7989583333333333 0.4587962962962963 0.11145833333333334 0.16203703703703703
