114 0.8125 0.23148148148148148 0.051041666666666666 0.0962962962962963
64 0.6216145833333333 0.2587962962962963 0.03177083333333333 0.05648148148148148
114 0.8125 0.23148148148148148 0.051041666666666666 0.0962962962962963
64 0.6216145833333333 0.2587962962962963 0.03177083333333333 0.05648148148148148
114 0.8125 0.23148148148148148 0.051041666666666666 0.0962962962962963
64 0.6216145833333333 0.2587962962962963 0.03177083333333333 0.05648148148148148
114 0.8125 0.23148148148148148 0.051041666666666666 0.0962962962962963
64 0.6216145833333333 0.2587962962962963 0.03177083333333333 0.05648148148148148
114 0.8125 0.23148148148148148 0.051041666666666666 0.0962962962962963
64 0.6216145833333333 0.2587962962962963 0.03177083333333333 0.05648148148148148
114 0.8125 0.23148148148148148 0.051041666666666666 0.0962962962962963
64 0.6216145833333333 0.2587962962962963 0.03177083333333333 0.05648148148148148
