2 0.6533854166666667 0.3726851851851852 0.13072916666666667 0.19907407407407407
53 0.6505208333333333 0.5444444444444444 0.08645833333333333 0.14629629629629629
2 0.6533854166666667 0.3726851851851852 0.13072916666666667 0.19907407407407407
53 0.6505208333333333 0.5444444444444444 0.08645833333333333 0.14629629629629629
2 0.6533854166666667 0.3726851851851852 0.13072916666666667 0.19907407407407407
53 0.6505208333333333 0.5444444444444444 0.08645833333333333 0.14629629629629629
2 0.6533854166666667 0.3726851851851852 0.13072916666666667 0.19907407407407407
53 0.6505208333333333 0.5444444444444444 0.08645833333333333 0.14629629629629629
2 0.6533854166666667 0.3726851851851852 0.13072916666666667 0.19907407407407407
53 0.6505208333333333 0.5444444444444444 0.08645833333333333 0.14629629629629629
2 0.6533854166666667 0.3726851851851852 0.13072916666666667 0.19907407407407407
53 0.6505208333333333 0.5444444444444444 0.08645833333333333 0.14629629629629629
