68 0.7908854166666667 0.4027777777777778 0.07864583333333333 0.1425925925925926
63 0.79609375 0.2490740740740741 0.07760416666666667 0.1388888888888889
68 0.7908854166666667 0.4027777777777778 0.07864583333333333 0.1425925925925926
63 0.79609375 0.2490740740740741 0.07760416666666667 0.1388888888888889
68 0.7908854166666667 0.4027777777777778 0.07864583333333333 0.1425925925925926
63 0.79609375 0.2490740740740741 0.07760416666666667 0.1388888888888889
68 0.7908854166666667 0.4027777777777778 0.07864583333333333 0.1425925925925926
63 0.79609375 0.2490740740740741 0.07760416666666667 0.1388888888888889
68 0.7908854166666667 0.4027777777777778 0.07864583333333333 0.1425925925925926
63 0.79609375 0.2490740740740741 0.07760416666666667 0.1388888888888889
68 0.7908854166666667 0.4027777777777778 0.07864583333333333 0.1425925925925926
63 0.79609375 0.2490740740740741 0.07760416666666667 0.1388888888888889
