43 0.7169270833333333 0.43148148148148147 0.08489583333333334 0.14074074074074075
134 0.7520833333333333 0.48009259259259257 0.016666666666666666 0.041666666666666664
13 0.5903645833333333 0.48148148148148145 0.024479166666666666 0.040740740740740744
43 0.7169270833333333 0.43148148148148147 0.08489583333333334 0.14074074074074075
134 0.7520833333333333 0.48009259259259257 0.016666666666666666 0.041666666666666664
13 0.5903645833333333 0.48148148148148145 0.024479166666666666 0.040740740740740744
43 0.7169270833333333 0.43148148148148147 0.08489583333333334 0.14074074074074075
134 0.7520833333333333 0.48009259259259257 0.016666666666666666 0.041666666666666664
13 0.5903645833333333 0.48148148148148145 0.024479166666666666 0.040740740740740744
43 0.7169270833333333 0.43148148148148147 0.08489583333333334 0.14074074074074075
134 0.7520833333333333 0.48009259259259257 0.016666666666666666 0.041666666666666664
13 0.5903645833333333 0.48148148148148145 0.024479166666666666 0.040740740740740744
43 0.7169270833333333 0.43148148148148147 0.08489583333333334 0.14074074074074075
134 0.7520833333333333 0.48009259259259257 0.016666666666666666 0.041666666666666664
13 0.5903645833333333 0.48148148148148145 0.024479166666666666 0.040740740740740744
43 0.7169270833333333 0.43148148148148147 0.08489583333333334 0.14074074074074075
134 0.7520833333333333 0.48009259259259257 0.016666666666666666 0.041666666666666664
13 0.5903645833333333 0.48148148148148145 0.024479166666666666 0.040740740740740744
