148 0.23854166666666668 0.47453703703703703 0.15520833333333334 0.05277777777777778
148 0.2390625 0.5259259259259259 0.153125 0.06111111111111111
63 0.79609375 0.4634259259259259 0.0265625 0.04351851851851852
148 0.23854166666666668 0.47453703703703703 0.15520833333333334 0.05277777777777778
148 0.2390625 0.5259259259259259 0.153125 0.06111111111111111
63 0.79609375 0.4634259259259259 0.0265625 0.04351851851851852
148 0.23854166666666668 0.47453703703703703 0.15520833333333334 0.05277777777777778
148 0.2390625 0.5259259259259259 0.153125 0.06111111111111111
63 0.79609375 0.4634259259259259 0.0265625 0.04351851851851852
148 0.23854166666666668 0.47453703703703703 0.15520833333333334 0.05277777777777778
148 0.2390625 0.5259259259259259 0.153125 0.06111111111111111
63 0.79609375 0.4634259259259259 0.0265625 0.04351851851851852
148 0.23854166666666668 0.47453703703703703 0.15520833333333334 0.05277777777777778
148 0.2390625 0.5259259259259259 0.153125 0.06111111111111111
63 0.79609375 0.4634259259259259 0.0265625 0.04351851851851852
148 0.23854166666666668 0.47453703703703703 0.15520833333333334 0.05277777777777778
148 0.2390625 0.5259259259259259 0.153125 0.06111111111111111
63 0.79609375 0.4634259259259259 0.0265625 0.04351851851851852
