141 0.6940104166666666 0.42777777777777776 0.08489583333333334 0.1425925925925926
179 0.6911458333333333 0.5356481481481481 0.08541666666666667 0.0787037037037037
141 0.6940104166666666 0.42777777777777776 0.08489583333333334 0.1425925925925926
179 0.6911458333333333 0.5356481481481481 0.08541666666666667 0.0787037037037037
141 0.6940104166666666 0.42777777777777776 0.08489583333333334 0.1425925925925926
179 0.6911458333333333 0.5356481481481481 0.08541666666666667 0.0787037037037037
141 0.6940104166666666 0.42777777777777776 0.08489583333333334 0.1425925925925926
179 0.6911458333333333 0.5356481481481481 0.08541666666666667 0.0787037037037037
141 0.6940104166666666 0.42777777777777776 0.08489583333333334 0.1425925925925926
179 0.6911458333333333 0.5356481481481481 0.08541666666666667 0.0787037037037037
141 0.6940104166666666 0.42777777777777776 0.08489583333333334 0.1425925925925926
179 0.6911458333333333 0.5356481481481481 0.08541666666666667 0.0787037037037037
