149 0.6713541666666667 0.28888888888888886 0.12708333333333333 0.07592592592592592
148 0.70078125 0.34675925925925927 0.13177083333333334 0.06944444444444445
149 0.6713541666666667 0.28888888888888886 0.12708333333333333 0.07592592592592592
148 0.70078125 0.34675925925925927 0.13177083333333334 0.06944444444444445
149 0.6713541666666667 0.28888888888888886 0.12708333333333333 0.07592592592592592
148 0.70078125 0.34675925925925927 0.13177083333333334 0.06944444444444445
149 0.6713541666666667 0.28888888888888886 0.12708333333333333 0.07592592592592592
148 0.70078125 0.34675925925925927 0.13177083333333334 0.06944444444444445
149 0.6713541666666667 0.28888888888888886 0.12708333333333333 0.07592592592592592
148 0.70078125 0.34675925925925927 0.13177083333333334 0.06944444444444445
149 0.6713541666666667 0.28888888888888886 0.12708333333333333 0.07592592592592592
148 0.70078125 0.34675925925925927 0.13177083333333334 0.06944444444444445
