115 0.8763020833333334 0.37916666666666665 0.03697916666666667 0.06944444444444445
67 0.5893229166666667 0.2986111111111111 0.018229166666666668 0.032407407407407406
115 0.8763020833333334 0.37916666666666665 0.03697916666666667 0.06944444444444445
67 0.5893229166666667 0.2986111111111111 0.018229166666666668 0.032407407407407406
115 0.8763020833333334 0.37916666666666665 0.03697916666666667 0.06944444444444445
67 0.5893229166666667 0.2986111111111111 0.018229166666666668 0.032407407407407406
115 0.8763020833333334 0.37916666666666665 0.03697916666666667 0.06944444444444445
67 0.5893229166666667 0.2986111111111111 0.018229166666666668 0.032407407407407406
115 0.8763020833333334 0.37916666666666665 0.03697916666666667 0.06944444444444445
67 0.5893229166666667 0.2986111111111111 0.018229166666666668 0.032407407407407406
