179 0.8955729166666667 0.412962962962963 0.0484375 0.044444444444444446
59 0.89609375 0.35138888888888886 0.04739583333333333 0.08425925925925926
179 0.8955729166666667 0.412962962962963 0.0484375 0.044444444444444446
59 0.89609375 0.35138888888888886 0.04739583333333333 0.08425925925925926
179 0.8955729166666667 0.412962962962963 0.0484375 0.044444444444444446
59 0.89609375 0.35138888888888886 0.04739583333333333 0.08425925925925926
179 0.8955729166666667 0.412962962962963 0.0484375 0.044444444444444446
59 0.89609375 0.35138888888888886 0.04739583333333333 0.08425925925925926
179 0.8955729166666667 0.412962962962963 0.0484375 0.044444444444444446
59 0.89609375 0.35138888888888886 0.04739583333333333 0.08425925925925926
179 0.8955729166666667 0.412962962962963 0.0484375 0.044444444444444446
59 0.89609375 0.35138888888888886 0.04739583333333333 0.08425925925925926
