51 0.8494791666666667 0.5578703703703703 0.06354166666666666 0.11574074074074074
179 0.8466145833333333 0.6398148148148148 0.06302083333333333 0.05185185185185185
45 0.8552083333333333 0.44166666666666665 0.06041666666666667 0.11666666666666667
51 0.8494791666666667 0.5578703703703703 0.06354166666666666 0.11574074074074074
179 0.8466145833333333 0.6398148148148148 0.06302083333333333 0.05185185185185185
45 0.8552083333333333 0.44166666666666665 0.06041666666666667 0.11666666666666667
51 0.8494791666666667 0.5578703703703703 0.06354166666666666 0.11574074074074074
179 0.8466145833333333 0.6398148148148148 0.06302083333333333 0.05185185185185185
45 0.8552083333333333 0.44166666666666665 0.06041666666666667 0.11666666666666667
51 0.8494791666666667 0.5578703703703703 0.06354166666666666 0.11574074074074074
179 0.8466145833333333 0.6398148148148148 0.06302083333333333 0.05185185185185185
45 0.8552083333333333 0.44166666666666665 0.06041666666666667 0.11666666666666667
51 0.8494791666666667 0.5578703703703703 0.06354166666666666 0.11574074074074074
179 0.8466145833333333 0.6398148148148148 0.06302083333333333 0.05185185185185185
45 0.8552083333333333 0.44166666666666665 0.06041666666666667 0.11666666666666667
51 0.8494791666666667 0.5578703703703703 0.06354166666666666 0.11574074074074074
179 0.8466145833333333 0.6398148148148148 0.06302083333333333 0.05185185185185185
45 0.8552083333333333 0.44166666666666665 0.06041666666666667 0.11666666666666667
