179 0.9151041666666667 0.4875 0.030208333333333334 0.032407407407407406
50 0.915625 0.44351851851851853 0.030208333333333334 0.05925925925925926
179 0.9151041666666667 0.4875 0.030208333333333334 0.032407407407407406
50 0.915625 0.44351851851851853 0.030208333333333334 0.05925925925925926
179 0.9151041666666667 0.4875 0.030208333333333334 0.032407407407407406
50 0.915625 0.44351851851851853 0.030208333333333334 0.05925925925925926
179 0.9151041666666667 0.4875 0.030208333333333334 0.032407407407407406
50 0.915625 0.44351851851851853 0.030208333333333334 0.05925925925925926
179 0.9151041666666667 0.4875 0.030208333333333334 0.032407407407407406
50 0.915625 0.44351851851851853 0.030208333333333334 0.05925925925925926
179 0.9151041666666667 0.4875 0.030208333333333334 0.032407407407407406
50 0.915625 0.44351851851851853 0.030208333333333334 0.05925925925925926
