119 0.80546875 0.2972222222222222 0.14010416666666667 0.2222222222222222
162 0.8052083333333333 0.4791666666666667 0.1 0.16203703703703703
119 0.80546875 0.2972222222222222 0.14010416666666667 0.2222222222222222
162 0.8052083333333333 0.4791666666666667 0.1 0.16203703703703703
119 0.80546875 0.2972222222222222 0.14010416666666667 0.2222222222222222
162 0.8052083333333333 0.4791666666666667 0.1 0.16203703703703703
119 0.80546875 0.2972222222222222 0.14010416666666667 0.2222222222222222
162 0.8052083333333333 0.4791666666666667 0.1 0.16203703703703703
119 0.80546875 0.2972222222222222 0.14010416666666667 0.2222222222222222
162 0.8052083333333333 0.4791666666666667 0.1 0.16203703703703703
