116 0.8268229166666666 0.2050925925925926 0.06822916666666666 0.12129629629629629
179 0.82265625 0.2967592592592593 0.06614583333333333 0.062037037037037036
179 0.82421875 0.35833333333333334 0.06510416666666667 0.06111111111111111
116 0.8268229166666666 0.2050925925925926 0.06822916666666666 0.12129629629629629
179 0.82265625 0.2967592592592593 0.06614583333333333 0.062037037037037036
179 0.82421875 0.35833333333333334 0.06510416666666667 0.06111111111111111
116 0.8268229166666666 0.2050925925925926 0.06822916666666666 0.12129629629629629
179 0.82265625 0.2967592592592593 0.06614583333333333 0.062037037037037036
179 0.82421875 0.35833333333333334 0.06510416666666667 0.06111111111111111
116 0.8268229166666666 0.2050925925925926 0.06822916666666666 0.12129629629629629
179 0.82265625 0.2967592592592593 0.06614583333333333 0.062037037037037036
179 0.82421875 0.35833333333333334 0.06510416666666667 0.06111111111111111
116 0.8268229166666666 0.2050925925925926 0.06822916666666666 0.12129629629629629
179 0.82265625 0.2967592592592593 0.06614583333333333 0.062037037037037036
179 0.82421875 0.35833333333333334 0.06510416666666667 0.06111111111111111
116 0.8268229166666666 0.2050925925925926 0.06822916666666666 0.12129629629629629
179 0.82265625 0.2967592592592593 0.06614583333333333 0.062037037037037036
179 0.82421875 0.35833333333333334 0.06510416666666667 0.06111111111111111
