45 0.82421875 0.40555555555555556 0.08072916666666667 0.1259259259259259
179 0.8223958333333333 0.5097222222222222 0.08125 0.08796296296296297
148 0.05755208333333333 0.5208333333333334 0.11510416666666666 0.04351851851851852
45 0.82421875 0.40555555555555556 0.08072916666666667 0.1259259259259259
179 0.8223958333333333 0.5097222222222222 0.08125 0.08796296296296297
148 0.05755208333333333 0.5208333333333334 0.11510416666666666 0.04351851851851852
45 0.82421875 0.40555555555555556 0.08072916666666667 0.1259259259259259
179 0.8223958333333333 0.5097222222222222 0.08125 0.08796296296296297
148 0.05755208333333333 0.5208333333333334 0.11510416666666666 0.04351851851851852
45 0.82421875 0.40555555555555556 0.08072916666666667 0.1259259259259259
179 0.8223958333333333 0.5097222222222222 0.08125 0.08796296296296297
148 0.05755208333333333 0.5208333333333334 0.11510416666666666 0.04351851851851852
45 0.82421875 0.40555555555555556 0.08072916666666667 0.1259259259259259
179 0.8223958333333333 0.5097222222222222 0.08125 0.08796296296296297
148 0.05755208333333333 0.5208333333333334 0.11510416666666666 0.04351851851851852
45 0.82421875 0.40555555555555556 0.08072916666666667 0.1259259259259259
179 0.8223958333333333 0.5097222222222222 0.08125 0.08796296296296297
148 0.05755208333333333 0.5208333333333334 0.11510416666666666 0.04351851851851852
