149 0.8380208333333333 0.45231481481481484 0.16979166666666667 0.062037037037037036
148 0.865625 0.5069444444444444 0.18333333333333332 0.06759259259259259
117 0.6861979166666666 0.44722222222222224 0.06614583333333333 0.11481481481481481
149 0.8380208333333333 0.45231481481481484 0.16979166666666667 0.062037037037037036
148 0.865625 0.5069444444444444 0.18333333333333332 0.06759259259259259
117 0.6861979166666666 0.44722222222222224 0.06614583333333333 0.11481481481481481
149 0.8380208333333333 0.45231481481481484 0.16979166666666667 0.062037037037037036
148 0.865625 0.5069444444444444 0.18333333333333332 0.06759259259259259
117 0.6861979166666666 0.44722222222222224 0.06614583333333333 0.11481481481481481
149 0.8380208333333333 0.45231481481481484 0.16979166666666667 0.062037037037037036
148 0.865625 0.5069444444444444 0.18333333333333332 0.06759259259259259
117 0.6861979166666666 0.44722222222222224 0.06614583333333333 0.11481481481481481
149 0.8380208333333333 0.45231481481481484 0.16979166666666667 0.062037037037037036
148 0.865625 0.5069444444444444 0.18333333333333332 0.06759259259259259
117 0.6861979166666666 0.44722222222222224 0.06614583333333333 0.11481481481481481
149 0.8380208333333333 0.45231481481481484 0.16979166666666667 0.062037037037037036
148 0.865625 0.5069444444444444 0.18333333333333332 0.06759259259259259
117 0.6861979166666666 0.44722222222222224 0.06614583333333333 0.11481481481481481
