37 0.7046875 0.4708333333333333 0.03125 0.09722222222222222
32 0.6080729166666666 0.4773148148148148 0.03697916666666667 0.05648148148148148
37 0.7046875 0.4708333333333333 0.03125 0.09722222222222222
32 0.6080729166666666 0.4773148148148148 0.03697916666666667 0.05648148148148148
37 0.7046875 0.4708333333333333 0.03125 0.09722222222222222
32 0.6080729166666666 0.4773148148148148 0.03697916666666667 0.05648148148148148
37 0.7046875 0.4708333333333333 0.03125 0.09722222222222222
32 0.6080729166666666 0.4773148148148148 0.03697916666666667 0.05648148148148148
37 0.7046875 0.4708333333333333 0.03125 0.09722222222222222
32 0.6080729166666666 0.4773148148148148 0.03697916666666667 0.05648148148148148
37 0.7046875 0.4708333333333333 0.03125 0.09722222222222222
32 0.6080729166666666 0.4773148148148148 0.03697916666666667 0.05648148148148148
