115 0.71875 0.20092592592592592 0.08541666666666667 0.1537037037037037
179 0.71484375 0.46574074074074073 0.08489583333333334 0.06851851851851852
50 0.7177083333333333 0.35694444444444445 0.08645833333333333 0.15092592592592594
115 0.71875 0.20092592592592592 0.08541666666666667 0.1537037037037037
179 0.71484375 0.46574074074074073 0.08489583333333334 0.06851851851851852
50 0.7177083333333333 0.35694444444444445 0.08645833333333333 0.15092592592592594
115 0.71875 0.20092592592592592 0.08541666666666667 0.1537037037037037
179 0.71484375 0.46574074074074073 0.08489583333333334 0.06851851851851852
50 0.7177083333333333 0.35694444444444445 0.08645833333333333 0.15092592592592594
115 0.71875 0.20092592592592592 0.08541666666666667 0.1537037037037037
179 0.71484375 0.46574074074074073 0.08489583333333334 0.06851851851851852
50 0.7177083333333333 0.35694444444444445 0.08645833333333333 0.15092592592592594
115 0.71875 0.20092592592592592 0.08541666666666667 0.1537037037037037
179 0.71484375 0.46574074074074073 0.08489583333333334 0.06851851851851852
50 0.7177083333333333 0.35694444444444445 0.08645833333333333 0.15092592592592594
115 0.71875 0.20092592592592592 0.08541666666666667 0.1537037037037037
179 0.71484375 0.46574074074074073 0.08489583333333334 0.06851851851851852
50 0.7177083333333333 0.35694444444444445 0.08645833333333333 0.15092592592592594
