53 0.7588541666666667 0.3990740740740741 0.06041666666666667 0.09814814814814815
193 0.8841145833333334 0.3972222222222222 0.15989583333333332 0.07592592592592592
193 0.8786458333333333 0.5046296296296297 0.15729166666666666 0.05740740740740741
193 0.8807291666666667 0.45046296296296295 0.159375 0.062037037037037036
7 0.6080729166666666 0.4875 0.019270833333333334 0.028703703703703703
53 0.7588541666666667 0.3990740740740741 0.06041666666666667 0.09814814814814815
193 0.8841145833333334 0.3972222222222222 0.15989583333333332 0.07592592592592592
193 0.8786458333333333 0.5046296296296297 0.15729166666666666 0.05740740740740741
193 0.8807291666666667 0.45046296296296295 0.159375 0.062037037037037036
7 0.6080729166666666 0.4875 0.019270833333333334 0.028703703703703703
