102 0.77890625 0.5324074074074074 0.11927083333333334 0.10555555555555556
37 0.5739583333333333 0.4564814814814815 0.021875 0.03333333333333333
102 0.77890625 0.5324074074074074 0.11927083333333334 0.10555555555555556
37 0.5739583333333333 0.4564814814814815 0.021875 0.03333333333333333
102 0.77890625 0.5324074074074074 0.11927083333333334 0.10555555555555556
37 0.5739583333333333 0.4564814814814815 0.021875 0.03333333333333333
102 0.77890625 0.5324074074074074 0.11927083333333334 0.10555555555555556
37 0.5739583333333333 0.4564814814814815 0.021875 0.03333333333333333
102 0.77890625 0.5324074074074074 0.11927083333333334 0.10555555555555556
37 0.5739583333333333 0.4564814814814815 0.021875 0.03333333333333333
102 0.77890625 0.5324074074074074 0.11927083333333334 0.10555555555555556
37 0.5739583333333333 0.4564814814814815 0.021875 0.03333333333333333
