43 0.8744791666666667 0.47638888888888886 0.06041666666666667 0.09537037037037037
32 0.79296875 0.4537037037037037 0.034895833333333334 0.05
81 0.7916666666666666 0.49675925925925923 0.023958333333333335 0.03796296296296296
43 0.8744791666666667 0.47638888888888886 0.06041666666666667 0.09537037037037037
32 0.79296875 0.4537037037037037 0.034895833333333334 0.05
81 0.7916666666666666 0.49675925925925923 0.023958333333333335 0.03796296296296296
43 0.8744791666666667 0.47638888888888886 0.06041666666666667 0.09537037037037037
32 0.79296875 0.4537037037037037 0.034895833333333334 0.05
81 0.7916666666666666 0.49675925925925923 0.023958333333333335 0.03796296296296296
43 0.8744791666666667 0.47638888888888886 0.06041666666666667 0.09537037037037037
32 0.79296875 0.4537037037037037 0.034895833333333334 0.05
81 0.7916666666666666 0.49675925925925923 0.023958333333333335 0.03796296296296296
43 0.8744791666666667 0.47638888888888886 0.06041666666666667 0.09537037037037037
32 0.79296875 0.4537037037037037 0.034895833333333334 0.05
81 0.7916666666666666 0.49675925925925923 0.023958333333333335 0.03796296296296296
43 0.8744791666666667 0.47638888888888886 0.06041666666666667 0.09537037037037037
32 0.79296875 0.4537037037037037 0.034895833333333334 0.05
81 0.7916666666666666 0.49675925925925923 0.023958333333333335 0.03796296296296296
