189 0.88046875 0.27314814814814814 0.1390625 0.06666666666666667
189 0.8786458333333333 0.3194444444444444 0.13958333333333334 0.07222222222222222
193 0.8825520833333333 0.22685185185185186 0.14010416666666667 0.07037037037037037
189 0.88046875 0.27314814814814814 0.1390625 0.06666666666666667
189 0.8786458333333333 0.3194444444444444 0.13958333333333334 0.07222222222222222
193 0.8825520833333333 0.22685185185185186 0.14010416666666667 0.07037037037037037
189 0.88046875 0.27314814814814814 0.1390625 0.06666666666666667
189 0.8786458333333333 0.3194444444444444 0.13958333333333334 0.07222222222222222
193 0.8825520833333333 0.22685185185185186 0.14010416666666667 0.07037037037037037
189 0.88046875 0.27314814814814814 0.1390625 0.06666666666666667
189 0.8786458333333333 0.3194444444444444 0.13958333333333334 0.07222222222222222
193 0.8825520833333333 0.22685185185185186 0.14010416666666667 0.07037037037037037
189 0.88046875 0.27314814814814814 0.1390625 0.06666666666666667
189 0.8786458333333333 0.3194444444444444 0.13958333333333334 0.07222222222222222
193 0.8825520833333333 0.22685185185185186 0.14010416666666667 0.07037037037037037
189 0.88046875 0.27314814814814814 0.1390625 0.06666666666666667
189 0.8786458333333333 0.3194444444444444 0.13958333333333334 0.07222222222222222
193 0.8825520833333333 0.22685185185185186 0.14010416666666667 0.07037037037037037
