179 0.79296875 0.5587962962962963 0.09322916666666667 0.0824074074074074
79 0.7942708333333334 0.4375 0.090625 0.15462962962962962
179 0.79296875 0.5587962962962963 0.09322916666666667 0.0824074074074074
79 0.7942708333333334 0.4375 0.090625 0.15462962962962962
179 0.79296875 0.5587962962962963 0.09322916666666667 0.0824074074074074
79 0.7942708333333334 0.4375 0.090625 0.15462962962962962
179 0.79296875 0.5587962962962963 0.09322916666666667 0.0824074074074074
79 0.7942708333333334 0.4375 0.090625 0.15462962962962962
179 0.79296875 0.5587962962962963 0.09322916666666667 0.0824074074074074
79 0.7942708333333334 0.4375 0.090625 0.15462962962962962
179 0.79296875 0.5587962962962963 0.09322916666666667 0.0824074074074074
79 0.7942708333333334 0.4375 0.090625 0.15462962962962962
