78 0.7127604166666667 0.512962962962963 0.0703125 0.13518518518518519
179 0.7067708333333333 0.6171296296296296 0.08229166666666667 0.0787037037037037
78 0.7127604166666667 0.512962962962963 0.0703125 0.13518518518518519
179 0.7067708333333333 0.6171296296296296 0.08229166666666667 0.0787037037037037
78 0.7127604166666667 0.512962962962963 0.0703125 0.13518518518518519
179 0.7067708333333333 0.6171296296296296 0.08229166666666667 0.0787037037037037
78 0.7127604166666667 0.512962962962963 0.0703125 0.13518518518518519
179 0.7067708333333333 0.6171296296296296 0.08229166666666667 0.0787037037037037
78 0.7127604166666667 0.512962962962963 0.0703125 0.13518518518518519
179 0.7067708333333333 0.6171296296296296 0.08229166666666667 0.0787037037037037
78 0.7127604166666667 0.512962962962963 0.0703125 0.13518518518518519
179 0.7067708333333333 0.6171296296296296 0.08229166666666667 0.0787037037037037
