196 0.16145833333333334 0.42083333333333334 0.08229166666666667 0.1175925925925926
37 0.6692708333333334 0.4861111111111111 0.016666666666666666 0.053703703703703705
196 0.16145833333333334 0.42083333333333334 0.08229166666666667 0.1175925925925926
37 0.6692708333333334 0.4861111111111111 0.016666666666666666 0.053703703703703705
196 0.16145833333333334 0.42083333333333334 0.08229166666666667 0.1175925925925926
37 0.6692708333333334 0.4861111111111111 0.016666666666666666 0.053703703703703705
196 0.16145833333333334 0.42083333333333334 0.08229166666666667 0.1175925925925926
37 0.6692708333333334 0.4861111111111111 0.016666666666666666 0.053703703703703705
196 0.16145833333333334 0.42083333333333334 0.08229166666666667 0.1175925925925926
37 0.6692708333333334 0.4861111111111111 0.016666666666666666 0.053703703703703705
196 0.16145833333333334 0.42083333333333334 0.08229166666666667 0.1175925925925926
37 0.6692708333333334 0.4861111111111111 0.016666666666666666 0.053703703703703705
