53 0.7471354166666667 0.39351851851851855 0.0796875 0.13333333333333333
1 0.7494791666666667 0.2439814814814815 0.12083333333333333 0.1824074074074074
53 0.7471354166666667 0.39351851851851855 0.0796875 0.13333333333333333
1 0.7494791666666667 0.2439814814814815 0.12083333333333333 0.1824074074074074
53 0.7471354166666667 0.39351851851851855 0.0796875 0.13333333333333333
1 0.7494791666666667 0.2439814814814815 0.12083333333333333 0.1824074074074074
53 0.7471354166666667 0.39351851851851855 0.0796875 0.13333333333333333
1 0.7494791666666667 0.2439814814814815 0.12083333333333333 0.1824074074074074
53 0.7471354166666667 0.39351851851851855 0.0796875 0.13333333333333333
1 0.7494791666666667 0.2439814814814815 0.12083333333333333 0.1824074074074074
53 0.7471354166666667 0.39351851851851855 0.0796875 0.13333333333333333
1 0.7494791666666667 0.2439814814814815 0.12083333333333333 0.1824074074074074
