144 0.8364583333333333 0.2537037037037037 0.14166666666666666 0.26296296296296295
48 0.69609375 0.23425925925925925 0.0359375 0.06481481481481481
144 0.8364583333333333 0.2537037037037037 0.14166666666666666 0.26296296296296295
48 0.69609375 0.23425925925925925 0.0359375 0.06481481481481481
144 0.8364583333333333 0.2537037037037037 0.14166666666666666 0.26296296296296295
48 0.69609375 0.23425925925925925 0.0359375 0.06481481481481481
144 0.8364583333333333 0.2537037037037037 0.14166666666666666 0.26296296296296295
48 0.69609375 0.23425925925925925 0.0359375 0.06481481481481481
144 0.8364583333333333 0.2537037037037037 0.14166666666666666 0.26296296296296295
48 0.69609375 0.23425925925925925 0.0359375 0.06481481481481481
144 0.8364583333333333 0.2537037037037037 0.14166666666666666 0.26296296296296295
48 0.69609375 0.23425925925925925 0.0359375 0.06481481481481481
