50 0.7919270833333333 0.3435185185185185 0.1046875 0.16666666666666666
179 0.7848958333333333 0.4708333333333333 0.10625 0.09722222222222222
50 0.7919270833333333 0.3435185185185185 0.1046875 0.16666666666666666
179 0.7848958333333333 0.4708333333333333 0.10625 0.09722222222222222
50 0.7919270833333333 0.3435185185185185 0.1046875 0.16666666666666666
179 0.7848958333333333 0.4708333333333333 0.10625 0.09722222222222222
50 0.7919270833333333 0.3435185185185185 0.1046875 0.16666666666666666
179 0.7848958333333333 0.4708333333333333 0.10625 0.09722222222222222
50 0.7919270833333333 0.3435185185185185 0.1046875 0.16666666666666666
179 0.7848958333333333 0.4708333333333333 0.10625 0.09722222222222222
50 0.7919270833333333 0.3435185185185185 0.1046875 0.16666666666666666
179 0.7848958333333333 0.4708333333333333 0.10625 0.09722222222222222
