74 0.309375 0.4736111111111111 0.06666666666666667 0.11574074074074074
186 0.30520833333333336 0.6277777777777778 0.03958333333333333 0.19444444444444445
76 0.7317708333333334 0.4699074074074074 0.019791666666666666 0.032407407407407406
37 0.7328125 0.4361111111111111 0.029166666666666667 0.040740740740740744
74 0.309375 0.4736111111111111 0.06666666666666667 0.11574074074074074
186 0.30520833333333336 0.6277777777777778 0.03958333333333333 0.19444444444444445
76 0.7317708333333334 0.4699074074074074 0.019791666666666666 0.032407407407407406
37 0.7328125 0.4361111111111111 0.029166666666666667 0.040740740740740744
74 0.309375 0.4736111111111111 0.06666666666666667 0.11574074074074074
186 0.30520833333333336 0.6277777777777778 0.03958333333333333 0.19444444444444445
76 0.7317708333333334 0.4699074074074074 0.019791666666666666 0.032407407407407406
37 0.7328125 0.4361111111111111 0.029166666666666667 0.040740740740740744
74 0.309375 0.4736111111111111 0.06666666666666667 0.11574074074074074
186 0.30520833333333336 0.6277777777777778 0.03958333333333333 0.19444444444444445
76 0.7317708333333334 0.4699074074074074 0.019791666666666666 0.032407407407407406
37 0.7328125 0.4361111111111111 0.029166666666666667 0.040740740740740744
74 0.309375 0.4736111111111111 0.06666666666666667 0.11574074074074074
186 0.30520833333333336 0.6277777777777778 0.03958333333333333 0.19444444444444445
76 0.7317708333333334 0.4699074074074074 0.019791666666666666 0.032407407407407406
37 0.7328125 0.4361111111111111 0.029166666666666667 0.040740740740740744
74 0.309375 0.4736111111111111 0.06666666666666667 0.11574074074074074
186 0.30520833333333336 0.6277777777777778 0.03958333333333333 0.19444444444444445
76 0.7317708333333334 0.4699074074074074 0.019791666666666666 0.032407407407407406
37 0.7328125 0.4361111111111111 0.029166666666666667 0.040740740740740744
