43 0.79921875 0.15324074074074073 0.12239583333333333 0.19166666666666668
120 0.78203125 0.3398148148148148 0.12864583333333332 0.1925925925925926
43 0.79921875 0.15324074074074073 0.12239583333333333 0.19166666666666668
120 0.78203125 0.3398148148148148 0.12864583333333332 0.1925925925925926
43 0.79921875 0.15324074074074073 0.12239583333333333 0.19166666666666668
120 0.78203125 0.3398148148148148 0.12864583333333332 0.1925925925925926
43 0.79921875 0.15324074074074073 0.12239583333333333 0.19166666666666668
120 0.78203125 0.3398148148148148 0.12864583333333332 0.1925925925925926
43 0.79921875 0.15324074074074073 0.12239583333333333 0.19166666666666668
120 0.78203125 0.3398148148148148 0.12864583333333332 0.1925925925925926
43 0.79921875 0.15324074074074073 0.12239583333333333 0.19166666666666668
120 0.78203125 0.3398148148148148 0.12864583333333332 0.1925925925925926
