117 0.8575520833333333 0.35555555555555557 0.0890625 0.1259259259259259
136 0.2908854166666667 0.4388888888888889 0.0234375 0.040740740740740744
7 0.290625 0.3939814814814815 0.035416666666666666 0.05277777777777778
179 0.7518229166666667 0.45185185185185184 0.044270833333333336 0.03888888888888889
78 0.7544270833333333 0.39861111111111114 0.043229166666666666 0.0712962962962963
117 0.8575520833333333 0.35555555555555557 0.0890625 0.1259259259259259
136 0.2908854166666667 0.4388888888888889 0.0234375 0.040740740740740744
7 0.290625 0.3939814814814815 0.035416666666666666 0.05277777777777778
179 0.7518229166666667 0.45185185185185184 0.044270833333333336 0.03888888888888889
78 0.7544270833333333 0.39861111111111114 0.043229166666666666 0.0712962962962963
117 0.8575520833333333 0.35555555555555557 0.0890625 0.1259259259259259
136 0.2908854166666667 0.4388888888888889 0.0234375 0.040740740740740744
7 0.290625 0.3939814814814815 0.035416666666666666 0.05277777777777778
179 0.7518229166666667 0.45185185185185184 0.044270833333333336 0.03888888888888889
78 0.7544270833333333 0.39861111111111114 0.043229166666666666 0.0712962962962963
117 0.8575520833333333 0.35555555555555557 0.0890625 0.1259259259259259
136 0.2908854166666667 0.4388888888888889 0.0234375 0.040740740740740744
7 0.290625 0.3939814814814815 0.035416666666666666 0.05277777777777778
179 0.7518229166666667 0.45185185185185184 0.044270833333333336 0.03888888888888889
78 0.7544270833333333 0.39861111111111114 0.043229166666666666 0.0712962962962963
117 0.8575520833333333 0.35555555555555557 0.0890625 0.1259259259259259
136 0.2908854166666667 0.4388888888888889 0.0234375 0.040740740740740744
7 0.290625 0.3939814814814815 0.035416666666666666 0.05277777777777778
179 0.7518229166666667 0.45185185185185184 0.044270833333333336 0.03888888888888889
78 0.7544270833333333 0.39861111111111114 0.043229166666666666 0.0712962962962963
117 0.8575520833333333 0.35555555555555557 0.0890625 0.1259259259259259
136 0.2908854166666667 0.4388888888888889 0.0234375 0.040740740740740744
7 0.290625 0.3939814814814815 0.035416666666666666 0.05277777777777778
179 0.7518229166666667 0.45185185185185184 0.044270833333333336 0.03888888888888889
78 0.7544270833333333 0.39861111111111114 0.043229166666666666 0.0712962962962963
