179 0.828125 0.5328703703703703 0.09270833333333334 0.0787037037037037
173 0.6705729166666666 0.4222222222222222 0.04114583333333333 0.03518518518518519
87 0.9565104166666667 0.6916666666666667 0.07447916666666667 0.10925925925925926
117 0.6677083333333333 0.4722222222222222 0.04583333333333333 0.07777777777777778
2 0.6713541666666667 0.3625 0.06041666666666667 0.09351851851851851
179 0.828125 0.5328703703703703 0.09270833333333334 0.0787037037037037
173 0.6705729166666666 0.4222222222222222 0.04114583333333333 0.03518518518518519
87 0.9565104166666667 0.6916666666666667 0.07447916666666667 0.10925925925925926
117 0.6677083333333333 0.4722222222222222 0.04583333333333333 0.07777777777777778
2 0.6713541666666667 0.3625 0.06041666666666667 0.09351851851851851
