27 0.7333333333333333 0.5189814814814815 0.184375 0.23425925925925925
50 0.5377604166666666 0.48009259259259257 0.0234375 0.04537037037037037
27 0.7333333333333333 0.5189814814814815 0.184375 0.23425925925925925
50 0.5377604166666666 0.48009259259259257 0.0234375 0.04537037037037037
27 0.7333333333333333 0.5189814814814815 0.184375 0.23425925925925925
50 0.5377604166666666 0.48009259259259257 0.0234375 0.04537037037037037
27 0.7333333333333333 0.5189814814814815 0.184375 0.23425925925925925
50 0.5377604166666666 0.48009259259259257 0.0234375 0.04537037037037037
27 0.7333333333333333 0.5189814814814815 0.184375 0.23425925925925925
50 0.5377604166666666 0.48009259259259257 0.0234375 0.04537037037037037
27 0.7333333333333333 0.5189814814814815 0.184375 0.23425925925925925
50 0.5377604166666666 0.48009259259259257 0.0234375 0.04537037037037037
