179 0.7888020833333333 0.575 0.09010416666666667 0.07962962962962963
15 0.7895833333333333 0.45 0.13125 0.18888888888888888
179 0.7888020833333333 0.575 0.09010416666666667 0.07962962962962963
15 0.7895833333333333 0.45 0.13125 0.18888888888888888
179 0.7888020833333333 0.575 0.09010416666666667 0.07962962962962963
15 0.7895833333333333 0.45 0.13125 0.18888888888888888
179 0.7888020833333333 0.575 0.09010416666666667 0.07962962962962963
15 0.7895833333333333 0.45 0.13125 0.18888888888888888
179 0.7888020833333333 0.575 0.09010416666666667 0.07962962962962963
15 0.7895833333333333 0.45 0.13125 0.18888888888888888
