70 0.6770833333333334 0.3365740740740741 0.08229166666666667 0.1361111111111111
62 0.8721354166666667 0.44212962962962965 0.028645833333333332 0.06388888888888888
70 0.6770833333333334 0.3365740740740741 0.08229166666666667 0.1361111111111111
62 0.8721354166666667 0.44212962962962965 0.028645833333333332 0.06388888888888888
70 0.6770833333333334 0.3365740740740741 0.08229166666666667 0.1361111111111111
62 0.8721354166666667 0.44212962962962965 0.028645833333333332 0.06388888888888888
70 0.6770833333333334 0.3365740740740741 0.08229166666666667 0.1361111111111111
62 0.8721354166666667 0.44212962962962965 0.028645833333333332 0.06388888888888888
70 0.6770833333333334 0.3365740740740741 0.08229166666666667 0.1361111111111111
62 0.8721354166666667 0.44212962962962965 0.028645833333333332 0.06388888888888888
70 0.6770833333333334 0.3365740740740741 0.08229166666666667 0.1361111111111111
62 0.8721354166666667 0.44212962962962965 0.028645833333333332 0.06388888888888888
