45 0.7817708333333333 0.38055555555555554 0.06458333333333334 0.12037037037037036
179 0.7815104166666667 0.4652777777777778 0.06302083333333333 0.05277777777777778
45 0.7817708333333333 0.38055555555555554 0.06458333333333334 0.12037037037037036
179 0.7815104166666667 0.4652777777777778 0.06302083333333333 0.05277777777777778
45 0.7817708333333333 0.38055555555555554 0.06458333333333334 0.12037037037037036
179 0.7815104166666667 0.4652777777777778 0.06302083333333333 0.05277777777777778
45 0.7817708333333333 0.38055555555555554 0.06458333333333334 0.12037037037037036
179 0.7815104166666667 0.4652777777777778 0.06302083333333333 0.05277777777777778
45 0.7817708333333333 0.38055555555555554 0.06458333333333334 0.12037037037037036
179 0.7815104166666667 0.4652777777777778 0.06302083333333333 0.05277777777777778
45 0.7817708333333333 0.38055555555555554 0.06458333333333334 0.12037037037037036
179 0.7815104166666667 0.4652777777777778 0.06302083333333333 0.05277777777777778
