148 0.10807291666666667 0.4898148148148148 0.09635416666666667 0.03888888888888889
37 0.11119791666666666 0.5694444444444444 0.027604166666666666 0.12407407407407407
148 0.10807291666666667 0.4898148148148148 0.09635416666666667 0.03888888888888889
37 0.11119791666666666 0.5694444444444444 0.027604166666666666 0.12407407407407407
148 0.10807291666666667 0.4898148148148148 0.09635416666666667 0.03888888888888889
37 0.11119791666666666 0.5694444444444444 0.027604166666666666 0.12407407407407407
148 0.10807291666666667 0.4898148148148148 0.09635416666666667 0.03888888888888889
37 0.11119791666666666 0.5694444444444444 0.027604166666666666 0.12407407407407407
148 0.10807291666666667 0.4898148148148148 0.09635416666666667 0.03888888888888889
37 0.11119791666666666 0.5694444444444444 0.027604166666666666 0.12407407407407407
148 0.10807291666666667 0.4898148148148148 0.09635416666666667 0.03888888888888889
37 0.11119791666666666 0.5694444444444444 0.027604166666666666 0.12407407407407407
