119 0.8372395833333334 0.3921296296296296 0.12447916666666667 0.19722222222222222
163 0.825 0.5518518518518518 0.09375 0.15
119 0.8372395833333334 0.3921296296296296 0.12447916666666667 0.19722222222222222
163 0.825 0.5518518518518518 0.09375 0.15
119 0.8372395833333334 0.3921296296296296 0.12447916666666667 0.19722222222222222
163 0.825 0.5518518518518518 0.09375 0.15
119 0.8372395833333334 0.3921296296296296 0.12447916666666667 0.19722222222222222
163 0.825 0.5518518518518518 0.09375 0.15
119 0.8372395833333334 0.3921296296296296 0.12447916666666667 0.19722222222222222
163 0.825 0.5518518518518518 0.09375 0.15
