186 0.215625 0.7231481481481481 0.04583333333333333 0.22407407407407406
74 0.21171875 0.549074074074074 0.08072916666666667 0.13333333333333333
37 0.7390625 0.3912037037037037 0.036458333333333336 0.05092592592592592
76 0.7388020833333333 0.43333333333333335 0.022395833333333334 0.03888888888888889
186 0.215625 0.7231481481481481 0.04583333333333333 0.22407407407407406
74 0.21171875 0.549074074074074 0.08072916666666667 0.13333333333333333
37 0.7390625 0.3912037037037037 0.036458333333333336 0.05092592592592592
76 0.7388020833333333 0.43333333333333335 0.022395833333333334 0.03888888888888889
186 0.215625 0.7231481481481481 0.04583333333333333 0.22407407407407406
74 0.21171875 0.549074074074074 0.08072916666666667 0.13333333333333333
37 0.7390625 0.3912037037037037 0.036458333333333336 0.05092592592592592
76 0.7388020833333333 0.43333333333333335 0.022395833333333334 0.03888888888888889
186 0.215625 0.7231481481481481 0.04583333333333333 0.22407407407407406
74 0.21171875 0.549074074074074 0.08072916666666667 0.13333333333333333
37 0.7390625 0.3912037037037037 0.036458333333333336 0.05092592592592592
76 0.7388020833333333 0.43333333333333335 0.022395833333333334 0.03888888888888889
186 0.215625 0.7231481481481481 0.04583333333333333 0.22407407407407406
74 0.21171875 0.549074074074074 0.08072916666666667 0.13333333333333333
37 0.7390625 0.3912037037037037 0.036458333333333336 0.05092592592592592
76 0.7388020833333333 0.43333333333333335 0.022395833333333334 0.03888888888888889
186 0.215625 0.7231481481481481 0.04583333333333333 0.22407407407407406
74 0.21171875 0.549074074074074 0.08072916666666667 0.13333333333333333
37 0.7390625 0.3912037037037037 0.036458333333333336 0.05092592592592592
76 0.7388020833333333 0.43333333333333335 0.022395833333333334 0.03888888888888889
