46 0.8572916666666667 0.5078703703703704 0.090625 0.15462962962962962
149 0.84453125 0.33287037037037037 0.11822916666666666 0.1287037037037037
149 0.8494791666666667 0.3958333333333333 0.11666666666666667 0.11203703703703703
61 0.28072916666666664 0.4638888888888889 0.026041666666666668 0.040740740740740744
141 0.2799479166666667 0.5069444444444444 0.025520833333333333 0.04351851851851852
46 0.8572916666666667 0.5078703703703704 0.090625 0.15462962962962962
149 0.84453125 0.33287037037037037 0.11822916666666666 0.1287037037037037
149 0.8494791666666667 0.3958333333333333 0.11666666666666667 0.11203703703703703
61 0.28072916666666664 0.4638888888888889 0.026041666666666668 0.040740740740740744
141 0.2799479166666667 0.5069444444444444 0.025520833333333333 0.04351851851851852
46 0.8572916666666667 0.5078703703703704 0.090625 0.15462962962962962
149 0.84453125 0.33287037037037037 0.11822916666666666 0.1287037037037037
149 0.8494791666666667 0.3958333333333333 0.11666666666666667 0.11203703703703703
61 0.28072916666666664 0.4638888888888889 0.026041666666666668 0.040740740740740744
141 0.2799479166666667 0.5069444444444444 0.025520833333333333 0.04351851851851852
46 0.8572916666666667 0.5078703703703704 0.090625 0.15462962962962962
149 0.84453125 0.33287037037037037 0.11822916666666666 0.1287037037037037
149 0.8494791666666667 0.3958333333333333 0.11666666666666667 0.11203703703703703
61 0.28072916666666664 0.4638888888888889 0.026041666666666668 0.040740740740740744
141 0.2799479166666667 0.5069444444444444 0.025520833333333333 0.04351851851851852
46 0.8572916666666667 0.5078703703703704 0.090625 0.15462962962962962
149 0.84453125 0.33287037037037037 0.11822916666666666 0.1287037037037037
149 0.8494791666666667 0.3958333333333333 0.11666666666666667 0.11203703703703703
61 0.28072916666666664 0.4638888888888889 0.026041666666666668 0.040740740740740744
141 0.2799479166666667 0.5069444444444444 0.025520833333333333 0.04351851851851852
