136 0.8635416666666667 0.37546296296296294 0.08854166666666667 0.14537037037037037
117 0.65703125 0.5041666666666667 0.028645833333333332 0.05092592592592592
2 0.6565104166666667 0.4486111111111111 0.0421875 0.06574074074074074
136 0.8635416666666667 0.37546296296296294 0.08854166666666667 0.14537037037037037
117 0.65703125 0.5041666666666667 0.028645833333333332 0.05092592592592592
2 0.6565104166666667 0.4486111111111111 0.0421875 0.06574074074074074
136 0.8635416666666667 0.37546296296296294 0.08854166666666667 0.14537037037037037
117 0.65703125 0.5041666666666667 0.028645833333333332 0.05092592592592592
2 0.6565104166666667 0.4486111111111111 0.0421875 0.06574074074074074
136 0.8635416666666667 0.37546296296296294 0.08854166666666667 0.14537037037037037
117 0.65703125 0.5041666666666667 0.028645833333333332 0.05092592592592592
2 0.6565104166666667 0.4486111111111111 0.0421875 0.06574074074074074
136 0.8635416666666667 0.37546296296296294 0.08854166666666667 0.14537037037037037
117 0.65703125 0.5041666666666667 0.028645833333333332 0.05092592592592592
2 0.6565104166666667 0.4486111111111111 0.0421875 0.06574074074074074
136 0.8635416666666667 0.37546296296296294 0.08854166666666667 0.14537037037037037
117 0.65703125 0.5041666666666667 0.028645833333333332 0.05092592592592592
2 0.6565104166666667 0.4486111111111111 0.0421875 0.06574074074074074
