79 0.825 0.43703703703703706 0.08645833333333333 0.14629629629629629
179 0.8203125 0.5444444444444444 0.08645833333333333 0.07592592592592592
53 0.55546875 0.5425925925925926 0.028645833333333332 0.05
100 0.55703125 0.4986111111111111 0.04739583333333333 0.04722222222222222
79 0.825 0.43703703703703706 0.08645833333333333 0.14629629629629629
179 0.8203125 0.5444444444444444 0.08645833333333333 0.07592592592592592
53 0.55546875 0.5425925925925926 0.028645833333333332 0.05
100 0.55703125 0.4986111111111111 0.04739583333333333 0.04722222222222222
79 0.825 0.43703703703703706 0.08645833333333333 0.14629629629629629
179 0.8203125 0.5444444444444444 0.08645833333333333 0.07592592592592592
53 0.55546875 0.5425925925925926 0.028645833333333332 0.05
100 0.55703125 0.4986111111111111 0.04739583333333333 0.04722222222222222
79 0.825 0.43703703703703706 0.08645833333333333 0.14629629629629629
179 0.8203125 0.5444444444444444 0.08645833333333333 0.07592592592592592
53 0.55546875 0.5425925925925926 0.028645833333333332 0.05
100 0.55703125 0.4986111111111111 0.04739583333333333 0.04722222222222222
79 0.825 0.43703703703703706 0.08645833333333333 0.14629629629629629
179 0.8203125 0.5444444444444444 0.08645833333333333 0.07592592592592592
53 0.55546875 0.5425925925925926 0.028645833333333332 0.05
100 0.55703125 0.4986111111111111 0.04739583333333333 0.04722222222222222
79 0.825 0.43703703703703706 0.08645833333333333 0.14629629629629629
179 0.8203125 0.5444444444444444 0.08645833333333333 0.07592592592592592
53 0.55546875 0.5425925925925926 0.028645833333333332 0.05
100 0.55703125 0.4986111111111111 0.04739583333333333 0.04722222222222222
