179 0.7541666666666667 0.35324074074074074 0.0375 0.03796296296296296
50 0.7557291666666667 0.4 0.034375 0.05925925925925926
179 0.7541666666666667 0.35324074074074074 0.0375 0.03796296296296296
50 0.7557291666666667 0.4 0.034375 0.05925925925925926
179 0.7541666666666667 0.35324074074074074 0.0375 0.03796296296296296
50 0.7557291666666667 0.4 0.034375 0.05925925925925926
179 0.7541666666666667 0.35324074074074074 0.0375 0.03796296296296296
50 0.7557291666666667 0.4 0.034375 0.05925925925925926
179 0.7541666666666667 0.35324074074074074 0.0375 0.03796296296296296
50 0.7557291666666667 0.4 0.034375 0.05925925925925926
179 0.7541666666666667 0.35324074074074074 0.0375 0.03796296296296296
50 0.7557291666666667 0.4 0.034375 0.05925925925925926
