189 0.8591145833333333 0.20601851851851852 0.0515625 0.04722222222222222
192 0.86015625 0.14166666666666666 0.0515625 0.05555555555555555
192 0.8606770833333334 0.075 0.0515625 0.06296296296296296
188 0.8591145833333333 0.23796296296296296 0.0515625 0.04259259259259259
188 0.8596354166666667 0.17453703703703705 0.0515625 0.049074074074074076
192 0.8604166666666667 0.1087962962962963 0.052083333333333336 0.05648148148148148
141 0.9825520833333333 0.3277777777777778 0.034895833333333334 0.07037037037037037
179 0.9807291666666667 0.3819444444444444 0.03854166666666667 0.04537037037037037
189 0.8591145833333333 0.20601851851851852 0.0515625 0.04722222222222222
192 0.86015625 0.14166666666666666 0.0515625 0.05555555555555555
192 0.8606770833333334 0.075 0.0515625 0.06296296296296296
188 0.8591145833333333 0.23796296296296296 0.0515625 0.04259259259259259
188 0.8596354166666667 0.17453703703703705 0.0515625 0.049074074074074076
192 0.8604166666666667 0.1087962962962963 0.052083333333333336 0.05648148148148148
141 0.9825520833333333 0.3277777777777778 0.034895833333333334 0.07037037037037037
179 0.9807291666666667 0.3819444444444444 0.03854166666666667 0.04537037037037037
