68 0.8484375 0.29212962962962963 0.052083333333333336 0.10277777777777777
37 0.8489583333333334 0.18703703703703703 0.06979166666666667 0.1259259259259259
42 0.9354166666666667 0.30787037037037035 0.03125 0.09537037037037037
179 0.8484375 0.3611111111111111 0.04791666666666667 0.03518518518518519
68 0.8484375 0.29212962962962963 0.052083333333333336 0.10277777777777777
37 0.8489583333333334 0.18703703703703703 0.06979166666666667 0.1259259259259259
42 0.9354166666666667 0.30787037037037035 0.03125 0.09537037037037037
179 0.8484375 0.3611111111111111 0.04791666666666667 0.03518518518518519
68 0.8484375 0.29212962962962963 0.052083333333333336 0.10277777777777777
37 0.8489583333333334 0.18703703703703703 0.06979166666666667 0.1259259259259259
42 0.9354166666666667 0.30787037037037035 0.03125 0.09537037037037037
179 0.8484375 0.3611111111111111 0.04791666666666667 0.03518518518518519
68 0.8484375 0.29212962962962963 0.052083333333333336 0.10277777777777777
37 0.8489583333333334 0.18703703703703703 0.06979166666666667 0.1259259259259259
42 0.9354166666666667 0.30787037037037035 0.03125 0.09537037037037037
179 0.8484375 0.3611111111111111 0.04791666666666667 0.03518518518518519
68 0.8484375 0.29212962962962963 0.052083333333333336 0.10277777777777777
37 0.8489583333333334 0.18703703703703703 0.06979166666666667 0.1259259259259259
42 0.9354166666666667 0.30787037037037035 0.03125 0.09537037037037037
179 0.8484375 0.3611111111111111 0.04791666666666667 0.03518518518518519
68 0.8484375 0.29212962962962963 0.052083333333333336 0.10277777777777777
37 0.8489583333333334 0.18703703703703703 0.06979166666666667 0.1259259259259259
42 0.9354166666666667 0.30787037037037035 0.03125 0.09537037037037037
179 0.8484375 0.3611111111111111 0.04791666666666667 0.03518518518518519
