43 0.7541666666666667 0.45740740740740743 0.09166666666666666 0.15
134 0.1015625 0.4217592592592593 0.025 0.06944444444444445
196 0.32734375 0.4148148148148148 0.04114583333333333 0.06481481481481481
43 0.7541666666666667 0.45740740740740743 0.09166666666666666 0.15
134 0.1015625 0.4217592592592593 0.025 0.06944444444444445
196 0.32734375 0.4148148148148148 0.04114583333333333 0.06481481481481481
43 0.7541666666666667 0.45740740740740743 0.09166666666666666 0.15
134 0.1015625 0.4217592592592593 0.025 0.06944444444444445
196 0.32734375 0.4148148148148148 0.04114583333333333 0.06481481481481481
43 0.7541666666666667 0.45740740740740743 0.09166666666666666 0.15
134 0.1015625 0.4217592592592593 0.025 0.06944444444444445
196 0.32734375 0.4148148148148148 0.04114583333333333 0.06481481481481481
43 0.7541666666666667 0.45740740740740743 0.09166666666666666 0.15
134 0.1015625 0.4217592592592593 0.025 0.06944444444444445
196 0.32734375 0.4148148148148148 0.04114583333333333 0.06481481481481481
43 0.7541666666666667 0.45740740740740743 0.09166666666666666 0.15
134 0.1015625 0.4217592592592593 0.025 0.06944444444444445
196 0.32734375 0.4148148148148148 0.04114583333333333 0.06481481481481481
