37 0.86328125 0.39675925925925926 0.09427083333333333 0.12685185185185185
63 0.08802083333333334 0.4300925925925926 0.028125 0.041666666666666664
37 0.86328125 0.39675925925925926 0.09427083333333333 0.12685185185185185
63 0.08802083333333334 0.4300925925925926 0.028125 0.041666666666666664
37 0.86328125 0.39675925925925926 0.09427083333333333 0.12685185185185185
63 0.08802083333333334 0.4300925925925926 0.028125 0.041666666666666664
37 0.86328125 0.39675925925925926 0.09427083333333333 0.12685185185185185
63 0.08802083333333334 0.4300925925925926 0.028125 0.041666666666666664
37 0.86328125 0.39675925925925926 0.09427083333333333 0.12685185185185185
63 0.08802083333333334 0.4300925925925926 0.028125 0.041666666666666664
