173 0.83125 0.5541666666666667 0.084375 0.062037037037037036
117 0.83359375 0.462037037037037 0.08385416666666666 0.13333333333333333
2 0.8354166666666667 0.3087962962962963 0.125 0.1787037037037037
173 0.83125 0.5541666666666667 0.084375 0.062037037037037036
117 0.83359375 0.462037037037037 0.08385416666666666 0.13333333333333333
2 0.8354166666666667 0.3087962962962963 0.125 0.1787037037037037
173 0.83125 0.5541666666666667 0.084375 0.062037037037037036
117 0.83359375 0.462037037037037 0.08385416666666666 0.13333333333333333
2 0.8354166666666667 0.3087962962962963 0.125 0.1787037037037037
173 0.83125 0.5541666666666667 0.084375 0.062037037037037036
117 0.83359375 0.462037037037037 0.08385416666666666 0.13333333333333333
2 0.8354166666666667 0.3087962962962963 0.125 0.1787037037037037
173 0.83125 0.5541666666666667 0.084375 0.062037037037037036
117 0.83359375 0.462037037037037 0.08385416666666666 0.13333333333333333
2 0.8354166666666667 0.3087962962962963 0.125 0.1787037037037037
173 0.83125 0.5541666666666667 0.084375 0.062037037037037036
117 0.83359375 0.462037037037037 0.08385416666666666 0.13333333333333333
2 0.8354166666666667 0.3087962962962963 0.125 0.1787037037037037
