37 0.7669270833333334 0.4185185185185185 0.11197916666666667 0.17222222222222222
196 0.4114583333333333 0.45601851851851855 0.040625 0.06574074074074074
196 0.45755208333333336 0.4527777777777778 0.0390625 0.06296296296296296
37 0.7669270833333334 0.4185185185185185 0.11197916666666667 0.17222222222222222
196 0.4114583333333333 0.45601851851851855 0.040625 0.06574074074074074
196 0.45755208333333336 0.4527777777777778 0.0390625 0.06296296296296296
37 0.7669270833333334 0.4185185185185185 0.11197916666666667 0.17222222222222222
196 0.4114583333333333 0.45601851851851855 0.040625 0.06574074074074074
196 0.45755208333333336 0.4527777777777778 0.0390625 0.06296296296296296
37 0.7669270833333334 0.4185185185185185 0.11197916666666667 0.17222222222222222
196 0.4114583333333333 0.45601851851851855 0.040625 0.06574074074074074
196 0.45755208333333336 0.4527777777777778 0.0390625 0.06296296296296296
37 0.7669270833333334 0.4185185185185185 0.11197916666666667 0.17222222222222222
196 0.4114583333333333 0.45601851851851855 0.040625 0.06574074074074074
196 0.45755208333333336 0.4527777777777778 0.0390625 0.06296296296296296
37 0.7669270833333334 0.4185185185185185 0.11197916666666667 0.17222222222222222
196 0.4114583333333333 0.45601851851851855 0.040625 0.06574074074074074
196 0.45755208333333336 0.4527777777777778 0.0390625 0.06296296296296296
