163 0.8723958333333334 0.4861111111111111 0.078125 0.12037037037037036
47 0.6065104166666667 0.48518518518518516 0.016145833333333335 0.02962962962962963
163 0.8723958333333334 0.4861111111111111 0.078125 0.12037037037037036
47 0.6065104166666667 0.48518518518518516 0.016145833333333335 0.02962962962962963
163 0.8723958333333334 0.4861111111111111 0.078125 0.12037037037037036
47 0.6065104166666667 0.48518518518518516 0.016145833333333335 0.02962962962962963
163 0.8723958333333334 0.4861111111111111 0.078125 0.12037037037037036
47 0.6065104166666667 0.48518518518518516 0.016145833333333335 0.02962962962962963
163 0.8723958333333334 0.4861111111111111 0.078125 0.12037037037037036
47 0.6065104166666667 0.48518518518518516 0.016145833333333335 0.02962962962962963
163 0.8723958333333334 0.4861111111111111 0.078125 0.12037037037037036
47 0.6065104166666667 0.48518518518518516 0.016145833333333335 0.02962962962962963
