196 0.8697916666666666 0.3375 0.10416666666666667 0.15092592592592594
196 0.575 0.4 0.028125 0.06111111111111111
196 0.8697916666666666 0.3375 0.10416666666666667 0.15092592592592594
196 0.575 0.4 0.028125 0.06111111111111111
196 0.8697916666666666 0.3375 0.10416666666666667 0.15092592592592594
196 0.575 0.4 0.028125 0.06111111111111111
196 0.8697916666666666 0.3375 0.10416666666666667 0.15092592592592594
196 0.575 0.4 0.028125 0.06111111111111111
196 0.8697916666666666 0.3375 0.10416666666666667 0.15092592592592594
196 0.575 0.4 0.028125 0.06111111111111111
196 0.8697916666666666 0.3375 0.10416666666666667 0.15092592592592594
196 0.575 0.4 0.028125 0.06111111111111111
