67 0.40347222222222223 0.3489583333333333 0.0875 0.11458333333333333
102 0.8180555555555555 0.3237847222222222 0.04722222222222222 0.050347222222222224
67 0.40347222222222223 0.3489583333333333 0.0875 0.11458333333333333
102 0.8180555555555555 0.3237847222222222 0.04722222222222222 0.050347222222222224
67 0.40347222222222223 0.3489583333333333 0.0875 0.11458333333333333
102 0.8180555555555555 0.3237847222222222 0.04722222222222222 0.050347222222222224
67 0.40347222222222223 0.3489583333333333 0.0875 0.11458333333333333
102 0.8180555555555555 0.3237847222222222 0.04722222222222222 0.050347222222222224
67 0.40347222222222223 0.3489583333333333 0.0875 0.11458333333333333
102 0.8180555555555555 0.3237847222222222 0.04722222222222222 0.050347222222222224
67 0.40347222222222223 0.3489583333333333 0.0875 0.11458333333333333
102 0.8180555555555555 0.3237847222222222 0.04722222222222222 0.050347222222222224
