120 0.7796875 0.4634259259259259 0.09375 0.1527777777777778
144 0.5322916666666667 0.48148148148148145 0.01875 0.02962962962962963
120 0.7796875 0.4634259259259259 0.09375 0.1527777777777778
144 0.5322916666666667 0.48148148148148145 0.01875 0.02962962962962963
120 0.7796875 0.4634259259259259 0.09375 0.1527777777777778
144 0.5322916666666667 0.48148148148148145 0.01875 0.02962962962962963
120 0.7796875 0.4634259259259259 0.09375 0.1527777777777778
144 0.5322916666666667 0.48148148148148145 0.01875 0.02962962962962963
120 0.7796875 0.4634259259259259 0.09375 0.1527777777777778
144 0.5322916666666667 0.48148148148148145 0.01875 0.02962962962962963
120 0.7796875 0.4634259259259259 0.09375 0.1527777777777778
144 0.5322916666666667 0.48148148148148145 0.01875 0.02962962962962963
