149 0.8494791666666667 0.4212962962962963 0.13541666666666666 0.07962962962962963
15 0.6346354166666667 0.39490740740740743 0.06302083333333333 0.09351851851851851
13 0.634375 0.48055555555555557 0.06041666666666667 0.09259259259259259
149 0.8494791666666667 0.4212962962962963 0.13541666666666666 0.07962962962962963
15 0.6346354166666667 0.39490740740740743 0.06302083333333333 0.09351851851851851
13 0.634375 0.48055555555555557 0.06041666666666667 0.09259259259259259
149 0.8494791666666667 0.4212962962962963 0.13541666666666666 0.07962962962962963
15 0.6346354166666667 0.39490740740740743 0.06302083333333333 0.09351851851851851
13 0.634375 0.48055555555555557 0.06041666666666667 0.09259259259259259
149 0.8494791666666667 0.4212962962962963 0.13541666666666666 0.07962962962962963
15 0.6346354166666667 0.39490740740740743 0.06302083333333333 0.09351851851851851
13 0.634375 0.48055555555555557 0.06041666666666667 0.09259259259259259
149 0.8494791666666667 0.4212962962962963 0.13541666666666666 0.07962962962962963
15 0.6346354166666667 0.39490740740740743 0.06302083333333333 0.09351851851851851
13 0.634375 0.48055555555555557 0.06041666666666667 0.09259259259259259
