187 0.8041666666666667 0.1648148148148148 0.11041666666666666 0.05740740740740741
187 0.8036458333333333 0.12407407407407407 0.11145833333333334 0.05925925925925926
191 0.8028645833333333 0.08194444444444444 0.11197916666666667 0.06018518518518518
188 0.8036458333333333 0.2064814814814815 0.11041666666666666 0.05555555555555555
188 0.8033854166666666 0.24814814814814815 0.1109375 0.05555555555555555
187 0.8041666666666667 0.1648148148148148 0.11041666666666666 0.05740740740740741
187 0.8036458333333333 0.12407407407407407 0.11145833333333334 0.05925925925925926
191 0.8028645833333333 0.08194444444444444 0.11197916666666667 0.06018518518518518
188 0.8036458333333333 0.2064814814814815 0.11041666666666666 0.05555555555555555
188 0.8033854166666666 0.24814814814814815 0.1109375 0.05555555555555555
