136 0.8393229166666667 0.3888888888888889 0.0671875 0.1111111111111111
196 0.58671875 0.4689814814814815 0.0234375 0.04351851851851852
196 0.11927083333333334 0.44074074074074077 0.06979166666666667 0.10555555555555556
15 0.57109375 0.46296296296296297 0.019270833333333334 0.03148148148148148
136 0.8393229166666667 0.3888888888888889 0.0671875 0.1111111111111111
196 0.58671875 0.4689814814814815 0.0234375 0.04351851851851852
196 0.11927083333333334 0.44074074074074077 0.06979166666666667 0.10555555555555556
15 0.57109375 0.46296296296296297 0.019270833333333334 0.03148148148148148
136 0.8393229166666667 0.3888888888888889 0.0671875 0.1111111111111111
196 0.58671875 0.4689814814814815 0.0234375 0.04351851851851852
196 0.11927083333333334 0.44074074074074077 0.06979166666666667 0.10555555555555556
15 0.57109375 0.46296296296296297 0.019270833333333334 0.03148148148148148
136 0.8393229166666667 0.3888888888888889 0.0671875 0.1111111111111111
196 0.58671875 0.4689814814814815 0.0234375 0.04351851851851852
196 0.11927083333333334 0.44074074074074077 0.06979166666666667 0.10555555555555556
15 0.57109375 0.46296296296296297 0.019270833333333334 0.03148148148148148
136 0.8393229166666667 0.3888888888888889 0.0671875 0.1111111111111111
196 0.58671875 0.4689814814814815 0.0234375 0.04351851851851852
196 0.11927083333333334 0.44074074074074077 0.06979166666666667 0.10555555555555556
15 0.57109375 0.46296296296296297 0.019270833333333334 0.03148148148148148
136 0.8393229166666667 0.3888888888888889 0.0671875 0.1111111111111111
196 0.58671875 0.4689814814814815 0.0234375 0.04351851851851852
196 0.11927083333333334 0.44074074074074077 0.06979166666666667 0.10555555555555556
15 0.57109375 0.46296296296296297 0.019270833333333334 0.03148148148148148
