37 0.7393229166666667 0.4634259259259259 0.14947916666666666 0.21388888888888888
196 0.5598958333333334 0.44351851851851853 0.025 0.037037037037037035
37 0.7393229166666667 0.4634259259259259 0.14947916666666666 0.21388888888888888
196 0.5598958333333334 0.44351851851851853 0.025 0.037037037037037035
37 0.7393229166666667 0.4634259259259259 0.14947916666666666 0.21388888888888888
196 0.5598958333333334 0.44351851851851853 0.025 0.037037037037037035
37 0.7393229166666667 0.4634259259259259 0.14947916666666666 0.21388888888888888
196 0.5598958333333334 0.44351851851851853 0.025 0.037037037037037035
37 0.7393229166666667 0.4634259259259259 0.14947916666666666 0.21388888888888888
196 0.5598958333333334 0.44351851851851853 0.025 0.037037037037037035
37 0.7393229166666667 0.4634259259259259 0.14947916666666666 0.21388888888888888
196 0.5598958333333334 0.44351851851851853 0.025 0.037037037037037035
