37 0.8127604166666667 0.43842592592592594 0.13072916666666667 0.18611111111111112
196 0.29583333333333334 0.4134259259259259 0.058333333333333334 0.08796296296296297
196 0.8697916666666666 0.48518518518518516 0.021875 0.027777777777777776
37 0.8127604166666667 0.43842592592592594 0.13072916666666667 0.18611111111111112
196 0.29583333333333334 0.4134259259259259 0.058333333333333334 0.08796296296296297
196 0.8697916666666666 0.48518518518518516 0.021875 0.027777777777777776
37 0.8127604166666667 0.43842592592592594 0.13072916666666667 0.18611111111111112
196 0.29583333333333334 0.4134259259259259 0.058333333333333334 0.08796296296296297
196 0.8697916666666666 0.48518518518518516 0.021875 0.027777777777777776
37 0.8127604166666667 0.43842592592592594 0.13072916666666667 0.18611111111111112
196 0.29583333333333334 0.4134259259259259 0.058333333333333334 0.08796296296296297
196 0.8697916666666666 0.48518518518518516 0.021875 0.027777777777777776
37 0.8127604166666667 0.43842592592592594 0.13072916666666667 0.18611111111111112
196 0.29583333333333334 0.4134259259259259 0.058333333333333334 0.08796296296296297
196 0.8697916666666666 0.48518518518518516 0.021875 0.027777777777777776
