179 0.08046875 0.4777777777777778 0.03177083333333333 0.046296296296296294
123 0.08151041666666667 0.42268518518518516 0.03177083333333333 0.06944444444444445
179 0.08046875 0.4777777777777778 0.03177083333333333 0.046296296296296294
123 0.08151041666666667 0.42268518518518516 0.03177083333333333 0.06944444444444445
179 0.08046875 0.4777777777777778 0.03177083333333333 0.046296296296296294
123 0.08151041666666667 0.42268518518518516 0.03177083333333333 0.06944444444444445
179 0.08046875 0.4777777777777778 0.03177083333333333 0.046296296296296294
123 0.08151041666666667 0.42268518518518516 0.03177083333333333 0.06944444444444445
179 0.08046875 0.4777777777777778 0.03177083333333333 0.046296296296296294
123 0.08151041666666667 0.42268518518518516 0.03177083333333333 0.06944444444444445
179 0.08046875 0.4777777777777778 0.03177083333333333 0.046296296296296294
123 0.08151041666666667 0.42268518518518516 0.03177083333333333 0.06944444444444445
