188 0.8236979166666667 0.3013888888888889 0.1359375 0.05648148148148148
190 0.8234375 0.33935185185185185 0.13645833333333332 0.05648148148148148
192 0.8239583333333333 0.2222222222222222 0.13645833333333332 0.06666666666666667
188 0.8236979166666667 0.26064814814814813 0.1359375 0.062037037037037036
192 0.8236979166666667 0.18287037037037038 0.13697916666666668 0.06944444444444445
193 0.82421875 0.14351851851851852 0.13802083333333334 0.07407407407407407
191 0.8239583333333333 0.1037037037037037 0.13958333333333334 0.07777777777777778
134 0.7434895833333334 0.43287037037037035 0.0484375 0.08425925925925926
188 0.8236979166666667 0.3013888888888889 0.1359375 0.05648148148148148
190 0.8234375 0.33935185185185185 0.13645833333333332 0.05648148148148148
192 0.8239583333333333 0.2222222222222222 0.13645833333333332 0.06666666666666667
188 0.8236979166666667 0.26064814814814813 0.1359375 0.062037037037037036
192 0.8236979166666667 0.18287037037037038 0.13697916666666668 0.06944444444444445
193 0.82421875 0.14351851851851852 0.13802083333333334 0.07407407407407407
191 0.8239583333333333 0.1037037037037037 0.13958333333333334 0.07777777777777778
134 0.7434895833333334 0.43287037037037035 0.0484375 0.08425925925925926
188 0.8236979166666667 0.3013888888888889 0.1359375 0.05648148148148148
190 0.8234375 0.33935185185185185 0.13645833333333332 0.05648148148148148
192 0.8239583333333333 0.2222222222222222 0.13645833333333332 0.06666666666666667
188 0.8236979166666667 0.26064814814814813 0.1359375 0.062037037037037036
192 0.8236979166666667 0.18287037037037038 0.13697916666666668 0.06944444444444445
193 0.82421875 0.14351851851851852 0.13802083333333334 0.07407407407407407
191 0.8239583333333333 0.1037037037037037 0.13958333333333334 0.07777777777777778
134 0.7434895833333334 0.43287037037037035 0.0484375 0.08425925925925926
188 0.8236979166666667 0.3013888888888889 0.1359375 0.05648148148148148
190 0.8234375 0.33935185185185185 0.13645833333333332 0.05648148148148148
192 0.8239583333333333 0.2222222222222222 0.13645833333333332 0.06666666666666667
188 0.8236979166666667 0.26064814814814813 0.1359375 0.062037037037037036
192 0.8236979166666667 0.18287037037037038 0.13697916666666668 0.06944444444444445
193 0.82421875 0.14351851851851852 0.13802083333333334 0.07407407407407407
191 0.8239583333333333 0.1037037037037037 0.13958333333333334 0.07777777777777778
134 0.7434895833333334 0.43287037037037035 0.0484375 0.08425925925925926
188 0.8236979166666667 0.3013888888888889 0.1359375 0.05648148148148148
190 0.8234375 0.33935185185185185 0.13645833333333332 0.05648148148148148
192 0.8239583333333333 0.2222222222222222 0.13645833333333332 0.06666666666666667
188 0.8236979166666667 0.26064814814814813 0.1359375 0.062037037037037036
192 0.8236979166666667 0.18287037037037038 0.13697916666666668 0.06944444444444445
193 0.82421875 0.14351851851851852 0.13802083333333334 0.07407407407407407
191 0.8239583333333333 0.1037037037037037 0.13958333333333334 0.07777777777777778
134 0.7434895833333334 0.43287037037037035 0.0484375 0.08425925925925926
188 0.8236979166666667 0.3013888888888889 0.1359375 0.05648148148148148
190 0.8234375 0.33935185185185185 0.13645833333333332 0.05648148148148148
192 0.8239583333333333 0.2222222222222222 0.13645833333333332 0.06666666666666667
188 0.8236979166666667 0.26064814814814813 0.1359375 0.062037037037037036
192 0.8236979166666667 0.18287037037037038 0.13697916666666668 0.06944444444444445
193 0.82421875 0.14351851851851852 0.13802083333333334 0.07407407407407407
191 0.8239583333333333 0.1037037037037037 0.13958333333333334 0.07777777777777778
134 0.7434895833333334 0.43287037037037035 0.0484375 0.08425925925925926
