50 0.058333333333333334 0.4949074074074074 0.028125 0.05277777777777778
72 0.6125 0.45740740740740743 0.015625 0.027777777777777776
50 0.058333333333333334 0.4949074074074074 0.028125 0.05277777777777778
72 0.6125 0.45740740740740743 0.015625 0.027777777777777776
50 0.058333333333333334 0.4949074074074074 0.028125 0.05277777777777778
72 0.6125 0.45740740740740743 0.015625 0.027777777777777776
50 0.058333333333333334 0.4949074074074074 0.028125 0.05277777777777778
72 0.6125 0.45740740740740743 0.015625 0.027777777777777776
50 0.058333333333333334 0.4949074074074074 0.028125 0.05277777777777778
72 0.6125 0.45740740740740743 0.015625 0.027777777777777776
50 0.058333333333333334 0.4949074074074074 0.028125 0.05277777777777778
72 0.6125 0.45740740740740743 0.015625 0.027777777777777776
