136 0.78125 0.42407407407407405 0.06145833333333333 0.0962962962962963
121 0.9234375 0.4101851851851852 0.03125 0.06481481481481481
123 0.8395833333333333 0.5018518518518519 0.017708333333333333 0.03333333333333333
179 0.9223958333333333 0.4597222222222222 0.03229166666666667 0.03611111111111111
136 0.78125 0.42407407407407405 0.06145833333333333 0.0962962962962963
121 0.9234375 0.4101851851851852 0.03125 0.06481481481481481
123 0.8395833333333333 0.5018518518518519 0.017708333333333333 0.03333333333333333
179 0.9223958333333333 0.4597222222222222 0.03229166666666667 0.03611111111111111
136 0.78125 0.42407407407407405 0.06145833333333333 0.0962962962962963
121 0.9234375 0.4101851851851852 0.03125 0.06481481481481481
123 0.8395833333333333 0.5018518518518519 0.017708333333333333 0.03333333333333333
179 0.9223958333333333 0.4597222222222222 0.03229166666666667 0.03611111111111111
136 0.78125 0.42407407407407405 0.06145833333333333 0.0962962962962963
121 0.9234375 0.4101851851851852 0.03125 0.06481481481481481
123 0.8395833333333333 0.5018518518518519 0.017708333333333333 0.03333333333333333
179 0.9223958333333333 0.4597222222222222 0.03229166666666667 0.03611111111111111
136 0.78125 0.42407407407407405 0.06145833333333333 0.0962962962962963
121 0.9234375 0.4101851851851852 0.03125 0.06481481481481481
123 0.8395833333333333 0.5018518518518519 0.017708333333333333 0.03333333333333333
179 0.9223958333333333 0.4597222222222222 0.03229166666666667 0.03611111111111111
