37 0.79921875 0.46064814814814814 0.1484375 0.2101851851851852
148 0.86484375 0.5199074074074074 0.044270833333333336 0.030555555555555555
188 0.8604166666666667 0.5453703703703704 0.042708333333333334 0.03518518518518519
148 0.8640625 0.49444444444444446 0.042708333333333334 0.027777777777777776
149 0.859375 0.4671296296296296 0.042708333333333334 0.028703703703703703
141 0.7458333333333333 0.44907407407407407 0.04479166666666667 0.07962962962962963
196 0.68203125 0.4476851851851852 0.024479166666666666 0.041666666666666664
37 0.79921875 0.46064814814814814 0.1484375 0.2101851851851852
148 0.86484375 0.5199074074074074 0.044270833333333336 0.030555555555555555
188 0.8604166666666667 0.5453703703703704 0.042708333333333334 0.03518518518518519
148 0.8640625 0.49444444444444446 0.042708333333333334 0.027777777777777776
149 0.859375 0.4671296296296296 0.042708333333333334 0.028703703703703703
141 0.7458333333333333 0.44907407407407407 0.04479166666666667 0.07962962962962963
196 0.68203125 0.4476851851851852 0.024479166666666666 0.041666666666666664
37 0.79921875 0.46064814814814814 0.1484375 0.2101851851851852
148 0.86484375 0.5199074074074074 0.044270833333333336 0.030555555555555555
188 0.8604166666666667 0.5453703703703704 0.042708333333333334 0.03518518518518519
148 0.8640625 0.49444444444444446 0.042708333333333334 0.027777777777777776
149 0.859375 0.4671296296296296 0.042708333333333334 0.028703703703703703
141 0.7458333333333333 0.44907407407407407 0.04479166666666667 0.07962962962962963
196 0.68203125 0.4476851851851852 0.024479166666666666 0.041666666666666664
37 0.79921875 0.46064814814814814 0.1484375 0.2101851851851852
148 0.86484375 0.5199074074074074 0.044270833333333336 0.030555555555555555
188 0.8604166666666667 0.5453703703703704 0.042708333333333334 0.03518518518518519
148 0.8640625 0.49444444444444446 0.042708333333333334 0.027777777777777776
149 0.859375 0.4671296296296296 0.042708333333333334 0.028703703703703703
141 0.7458333333333333 0.44907407407407407 0.04479166666666667 0.07962962962962963
196 0.68203125 0.4476851851851852 0.024479166666666666 0.041666666666666664
37 0.79921875 0.46064814814814814 0.1484375 0.2101851851851852
148 0.86484375 0.5199074074074074 0.044270833333333336 0.030555555555555555
188 0.8604166666666667 0.5453703703703704 0.042708333333333334 0.03518518518518519
148 0.8640625 0.49444444444444446 0.042708333333333334 0.027777777777777776
149 0.859375 0.4671296296296296 0.042708333333333334 0.028703703703703703
141 0.7458333333333333 0.44907407407407407 0.04479166666666667 0.07962962962962963
196 0.68203125 0.4476851851851852 0.024479166666666666 0.041666666666666664
37 0.79921875 0.46064814814814814 0.1484375 0.2101851851851852
148 0.86484375 0.5199074074074074 0.044270833333333336 0.030555555555555555
188 0.8604166666666667 0.5453703703703704 0.042708333333333334 0.03518518518518519
148 0.8640625 0.49444444444444446 0.042708333333333334 0.027777777777777776
149 0.859375 0.4671296296296296 0.042708333333333334 0.028703703703703703
141 0.7458333333333333 0.44907407407407407 0.04479166666666667 0.07962962962962963
196 0.68203125 0.4476851851851852 0.024479166666666666 0.041666666666666664
