173 0.8455729166666667 0.549537037037037 0.08177083333333333 0.062037037037037036
10 0.8489583333333334 0.4486111111111111 0.11458333333333333 0.1638888888888889
173 0.8455729166666667 0.549537037037037 0.08177083333333333 0.062037037037037036
10 0.8489583333333334 0.4486111111111111 0.11458333333333333 0.1638888888888889
173 0.8455729166666667 0.549537037037037 0.08177083333333333 0.062037037037037036
10 0.8489583333333334 0.4486111111111111 0.11458333333333333 0.1638888888888889
173 0.8455729166666667 0.549537037037037 0.08177083333333333 0.062037037037037036
10 0.8489583333333334 0.4486111111111111 0.11458333333333333 0.1638888888888889
173 0.8455729166666667 0.549537037037037 0.08177083333333333 0.062037037037037036
10 0.8489583333333334 0.4486111111111111 0.11458333333333333 0.1638888888888889
173 0.8455729166666667 0.549537037037037 0.08177083333333333 0.062037037037037036
10 0.8489583333333334 0.4486111111111111 0.11458333333333333 0.1638888888888889
