37 0.45729166666666665 0.46574074074074073 0.034375 0.11666666666666667
76 0.46119791666666665 0.5606481481481481 0.024479166666666666 0.08611111111111111
37 0.45729166666666665 0.46574074074074073 0.034375 0.11666666666666667
76 0.46119791666666665 0.5606481481481481 0.024479166666666666 0.08611111111111111
37 0.45729166666666665 0.46574074074074073 0.034375 0.11666666666666667
76 0.46119791666666665 0.5606481481481481 0.024479166666666666 0.08611111111111111
37 0.45729166666666665 0.46574074074074073 0.034375 0.11666666666666667
76 0.46119791666666665 0.5606481481481481 0.024479166666666666 0.08611111111111111
37 0.45729166666666665 0.46574074074074073 0.034375 0.11666666666666667
76 0.46119791666666665 0.5606481481481481 0.024479166666666666 0.08611111111111111
