141 0.8265625 0.3337962962962963 0.075 0.1287037037037037
196 0.6635416666666667 0.4537037037037037 0.021875 0.03518518518518519
196 0.3255208333333333 0.47824074074074074 0.019791666666666666 0.030555555555555555
141 0.8265625 0.3337962962962963 0.075 0.1287037037037037
196 0.6635416666666667 0.4537037037037037 0.021875 0.03518518518518519
196 0.3255208333333333 0.47824074074074074 0.019791666666666666 0.030555555555555555
141 0.8265625 0.3337962962962963 0.075 0.1287037037037037
196 0.6635416666666667 0.4537037037037037 0.021875 0.03518518518518519
196 0.3255208333333333 0.47824074074074074 0.019791666666666666 0.030555555555555555
141 0.8265625 0.3337962962962963 0.075 0.1287037037037037
196 0.6635416666666667 0.4537037037037037 0.021875 0.03518518518518519
196 0.3255208333333333 0.47824074074074074 0.019791666666666666 0.030555555555555555
141 0.8265625 0.3337962962962963 0.075 0.1287037037037037
196 0.6635416666666667 0.4537037037037037 0.021875 0.03518518518518519
196 0.3255208333333333 0.47824074074074074 0.019791666666666666 0.030555555555555555
141 0.8265625 0.3337962962962963 0.075 0.1287037037037037
196 0.6635416666666667 0.4537037037037037 0.021875 0.03518518518518519
196 0.3255208333333333 0.47824074074074074 0.019791666666666666 0.030555555555555555
