53 0.8236979166666667 0.5143518518518518 0.05260416666666667 0.08611111111111111
100 0.8260416666666667 0.43657407407407406 0.0875 0.07314814814814814
53 0.8236979166666667 0.5143518518518518 0.05260416666666667 0.08611111111111111
100 0.8260416666666667 0.43657407407407406 0.0875 0.07314814814814814
53 0.8236979166666667 0.5143518518518518 0.05260416666666667 0.08611111111111111
100 0.8260416666666667 0.43657407407407406 0.0875 0.07314814814814814
53 0.8236979166666667 0.5143518518518518 0.05260416666666667 0.08611111111111111
100 0.8260416666666667 0.43657407407407406 0.0875 0.07314814814814814
53 0.8236979166666667 0.5143518518518518 0.05260416666666667 0.08611111111111111
100 0.8260416666666667 0.43657407407407406 0.0875 0.07314814814814814
53 0.8236979166666667 0.5143518518518518 0.05260416666666667 0.08611111111111111
100 0.8260416666666667 0.43657407407407406 0.0875 0.07314814814814814
