141 0.8528645833333334 0.4351851851851852 0.07760416666666667 0.11666666666666667
149 0.9640625 0.46805555555555556 0.06979166666666667 0.03981481481481482
10 0.21901041666666668 0.4842592592592593 0.0171875 0.03888888888888889
196 0.6958333333333333 0.44351851851851853 0.029166666666666667 0.05185185185185185
188 0.9638020833333333 0.5717592592592593 0.07135416666666666 0.05277777777777778
148 0.9674479166666666 0.5365740740740741 0.06510416666666667 0.04537037037037037
148 0.9682291666666667 0.5023148148148148 0.06354166666666666 0.03796296296296296
141 0.8528645833333334 0.4351851851851852 0.07760416666666667 0.11666666666666667
149 0.9640625 0.46805555555555556 0.06979166666666667 0.03981481481481482
10 0.21901041666666668 0.4842592592592593 0.0171875 0.03888888888888889
196 0.6958333333333333 0.44351851851851853 0.029166666666666667 0.05185185185185185
188 0.9638020833333333 0.5717592592592593 0.07135416666666666 0.05277777777777778
148 0.9674479166666666 0.5365740740740741 0.06510416666666667 0.04537037037037037
148 0.9682291666666667 0.5023148148148148 0.06354166666666666 0.03796296296296296
