12 0.7841145833333333 0.3541666666666667 0.13697916666666668 0.20092592592592592
10 0.78203125 0.5347222222222222 0.13177083333333334 0.1935185185185185
12 0.7841145833333333 0.3541666666666667 0.13697916666666668 0.20092592592592592
10 0.78203125 0.5347222222222222 0.13177083333333334 0.1935185185185185
12 0.7841145833333333 0.3541666666666667 0.13697916666666668 0.20092592592592592
10 0.78203125 0.5347222222222222 0.13177083333333334 0.1935185185185185
12 0.7841145833333333 0.3541666666666667 0.13697916666666668 0.20092592592592592
10 0.78203125 0.5347222222222222 0.13177083333333334 0.1935185185185185
12 0.7841145833333333 0.3541666666666667 0.13697916666666668 0.20092592592592592
10 0.78203125 0.5347222222222222 0.13177083333333334 0.1935185185185185
12 0.7841145833333333 0.3541666666666667 0.13697916666666668 0.20092592592592592
10 0.78203125 0.5347222222222222 0.13177083333333334 0.1935185185185185
