142 0.84765625 0.43703703703703706 0.0703125 0.10925925925925926
117 0.8481770833333333 0.33194444444444443 0.0703125 0.1175925925925926
142 0.84765625 0.43703703703703706 0.0703125 0.10925925925925926
117 0.8481770833333333 0.33194444444444443 0.0703125 0.1175925925925926
142 0.84765625 0.43703703703703706 0.0703125 0.10925925925925926
117 0.8481770833333333 0.33194444444444443 0.0703125 0.1175925925925926
142 0.84765625 0.43703703703703706 0.0703125 0.10925925925925926
117 0.8481770833333333 0.33194444444444443 0.0703125 0.1175925925925926
142 0.84765625 0.43703703703703706 0.0703125 0.10925925925925926
117 0.8481770833333333 0.33194444444444443 0.0703125 0.1175925925925926
142 0.84765625 0.43703703703703706 0.0703125 0.10925925925925926
117 0.8481770833333333 0.33194444444444443 0.0703125 0.1175925925925926
