50 0.8190104166666666 0.40694444444444444 0.08385416666666666 0.13240740740740742
179 0.8161458333333333 0.5152777777777777 0.084375 0.08796296296296297
50 0.8190104166666666 0.40694444444444444 0.08385416666666666 0.13240740740740742
179 0.8161458333333333 0.5152777777777777 0.084375 0.08796296296296297
50 0.8190104166666666 0.40694444444444444 0.08385416666666666 0.13240740740740742
179 0.8161458333333333 0.5152777777777777 0.084375 0.08796296296296297
50 0.8190104166666666 0.40694444444444444 0.08385416666666666 0.13240740740740742
179 0.8161458333333333 0.5152777777777777 0.084375 0.08796296296296297
50 0.8190104166666666 0.40694444444444444 0.08385416666666666 0.13240740740740742
179 0.8161458333333333 0.5152777777777777 0.084375 0.08796296296296297
50 0.8190104166666666 0.40694444444444444 0.08385416666666666 0.13240740740740742
179 0.8161458333333333 0.5152777777777777 0.084375 0.08796296296296297
