7 0.6830729166666667 0.5097222222222222 0.1234375 0.18796296296296297
32 0.534375 0.4777777777777778 0.026041666666666668 0.040740740740740744
58 0.53359375 0.513425925925926 0.0171875 0.030555555555555555
7 0.6830729166666667 0.5097222222222222 0.1234375 0.18796296296296297
32 0.534375 0.4777777777777778 0.026041666666666668 0.040740740740740744
58 0.53359375 0.513425925925926 0.0171875 0.030555555555555555
7 0.6830729166666667 0.5097222222222222 0.1234375 0.18796296296296297
32 0.534375 0.4777777777777778 0.026041666666666668 0.040740740740740744
58 0.53359375 0.513425925925926 0.0171875 0.030555555555555555
7 0.6830729166666667 0.5097222222222222 0.1234375 0.18796296296296297
32 0.534375 0.4777777777777778 0.026041666666666668 0.040740740740740744
58 0.53359375 0.513425925925926 0.0171875 0.030555555555555555
7 0.6830729166666667 0.5097222222222222 0.1234375 0.18796296296296297
32 0.534375 0.4777777777777778 0.026041666666666668 0.040740740740740744
58 0.53359375 0.513425925925926 0.0171875 0.030555555555555555
7 0.6830729166666667 0.5097222222222222 0.1234375 0.18796296296296297
32 0.534375 0.4777777777777778 0.026041666666666668 0.040740740740740744
58 0.53359375 0.513425925925926 0.0171875 0.030555555555555555
