148 0.91171875 0.42916666666666664 0.09010416666666667 0.030555555555555555
148 0.9119791666666667 0.4023148148148148 0.090625 0.03425925925925926
188 0.9065104166666667 0.4537037037037037 0.0921875 0.03333333333333333
196 0.7268229166666667 0.36203703703703705 0.0203125 0.08888888888888889
148 0.91171875 0.42916666666666664 0.09010416666666667 0.030555555555555555
148 0.9119791666666667 0.4023148148148148 0.090625 0.03425925925925926
188 0.9065104166666667 0.4537037037037037 0.0921875 0.03333333333333333
196 0.7268229166666667 0.36203703703703705 0.0203125 0.08888888888888889
148 0.91171875 0.42916666666666664 0.09010416666666667 0.030555555555555555
148 0.9119791666666667 0.4023148148148148 0.090625 0.03425925925925926
188 0.9065104166666667 0.4537037037037037 0.0921875 0.03333333333333333
196 0.7268229166666667 0.36203703703703705 0.0203125 0.08888888888888889
148 0.91171875 0.42916666666666664 0.09010416666666667 0.030555555555555555
148 0.9119791666666667 0.4023148148148148 0.090625 0.03425925925925926
188 0.9065104166666667 0.4537037037037037 0.0921875 0.03333333333333333
196 0.7268229166666667 0.36203703703703705 0.0203125 0.08888888888888889
148 0.91171875 0.42916666666666664 0.09010416666666667 0.030555555555555555
148 0.9119791666666667 0.4023148148148148 0.090625 0.03425925925925926
188 0.9065104166666667 0.4537037037037037 0.0921875 0.03333333333333333
196 0.7268229166666667 0.36203703703703705 0.0203125 0.08888888888888889
148 0.91171875 0.42916666666666664 0.09010416666666667 0.030555555555555555
148 0.9119791666666667 0.4023148148148148 0.090625 0.03425925925925926
188 0.9065104166666667 0.4537037037037037 0.0921875 0.03333333333333333
196 0.7268229166666667 0.36203703703703705 0.0203125 0.08888888888888889
