9 0.9591145833333333 0.3685185185185185 0.08177083333333333 0.16666666666666666
52 0.9713541666666666 0.5148148148148148 0.05416666666666667 0.12407407407407407
9 0.9591145833333333 0.3685185185185185 0.08177083333333333 0.16666666666666666
52 0.9713541666666666 0.5148148148148148 0.05416666666666667 0.12407407407407407
9 0.9591145833333333 0.3685185185185185 0.08177083333333333 0.16666666666666666
52 0.9713541666666666 0.5148148148148148 0.05416666666666667 0.12407407407407407
9 0.9591145833333333 0.3685185185185185 0.08177083333333333 0.16666666666666666
52 0.9713541666666666 0.5148148148148148 0.05416666666666667 0.12407407407407407
9 0.9591145833333333 0.3685185185185185 0.08177083333333333 0.16666666666666666
52 0.9713541666666666 0.5148148148148148 0.05416666666666667 0.12407407407407407
9 0.9591145833333333 0.3685185185185185 0.08177083333333333 0.16666666666666666
52 0.9713541666666666 0.5148148148148148 0.05416666666666667 0.12407407407407407
