179 0.15703125 0.5078703703703704 0.0328125 0.032407407407407406
99 0.15703125 0.4587962962962963 0.0328125 0.06574074074074074
196 0.80625 0.3023148148148148 0.103125 0.15462962962962962
179 0.15703125 0.5078703703703704 0.0328125 0.032407407407407406
99 0.15703125 0.4587962962962963 0.0328125 0.06574074074074074
196 0.80625 0.3023148148148148 0.103125 0.15462962962962962
179 0.15703125 0.5078703703703704 0.0328125 0.032407407407407406
99 0.15703125 0.4587962962962963 0.0328125 0.06574074074074074
196 0.80625 0.3023148148148148 0.103125 0.15462962962962962
179 0.15703125 0.5078703703703704 0.0328125 0.032407407407407406
99 0.15703125 0.4587962962962963 0.0328125 0.06574074074074074
196 0.80625 0.3023148148148148 0.103125 0.15462962962962962
179 0.15703125 0.5078703703703704 0.0328125 0.032407407407407406
99 0.15703125 0.4587962962962963 0.0328125 0.06574074074074074
196 0.80625 0.3023148148148148 0.103125 0.15462962962962962
179 0.15703125 0.5078703703703704 0.0328125 0.032407407407407406
99 0.15703125 0.4587962962962963 0.0328125 0.06574074074074074
196 0.80625 0.3023148148148148 0.103125 0.15462962962962962
