141 0.71953125 0.36018518518518516 0.08177083333333333 0.1425925925925926
177 0.72109375 0.4638888888888889 0.08177083333333333 0.07592592592592592
141 0.71953125 0.36018518518518516 0.08177083333333333 0.1425925925925926
177 0.72109375 0.4638888888888889 0.08177083333333333 0.07592592592592592
141 0.71953125 0.36018518518518516 0.08177083333333333 0.1425925925925926
177 0.72109375 0.4638888888888889 0.08177083333333333 0.07592592592592592
141 0.71953125 0.36018518518518516 0.08177083333333333 0.1425925925925926
177 0.72109375 0.4638888888888889 0.08177083333333333 0.07592592592592592
141 0.71953125 0.36018518518518516 0.08177083333333333 0.1425925925925926
177 0.72109375 0.4638888888888889 0.08177083333333333 0.07592592592592592
141 0.71953125 0.36018518518518516 0.08177083333333333 0.1425925925925926
177 0.72109375 0.4638888888888889 0.08177083333333333 0.07592592592592592
