196 0.1203125 0.3416666666666667 0.08645833333333333 0.11666666666666667
37 0.68203125 0.45925925925925926 0.0171875 0.06851851851851852
196 0.1203125 0.3416666666666667 0.08645833333333333 0.11666666666666667
37 0.68203125 0.45925925925925926 0.0171875 0.06851851851851852
196 0.1203125 0.3416666666666667 0.08645833333333333 0.11666666666666667
37 0.68203125 0.45925925925925926 0.0171875 0.06851851851851852
196 0.1203125 0.3416666666666667 0.08645833333333333 0.11666666666666667
37 0.68203125 0.45925925925925926 0.0171875 0.06851851851851852
196 0.1203125 0.3416666666666667 0.08645833333333333 0.11666666666666667
37 0.68203125 0.45925925925925926 0.0171875 0.06851851851851852
