197 0.24739583333333334 0.1736111111111111 0.09270833333333334 0.16944444444444445
196 0.38046875 0.42962962962962964 0.0203125 0.03148148148148148
43 0.46770833333333334 0.4444444444444444 0.016666666666666666 0.03518518518518519
197 0.24739583333333334 0.1736111111111111 0.09270833333333334 0.16944444444444445
196 0.38046875 0.42962962962962964 0.0203125 0.03148148148148148
43 0.46770833333333334 0.4444444444444444 0.016666666666666666 0.03518518518518519
197 0.24739583333333334 0.1736111111111111 0.09270833333333334 0.16944444444444445
196 0.38046875 0.42962962962962964 0.0203125 0.03148148148148148
43 0.46770833333333334 0.4444444444444444 0.016666666666666666 0.03518518518518519
197 0.24739583333333334 0.1736111111111111 0.09270833333333334 0.16944444444444445
196 0.38046875 0.42962962962962964 0.0203125 0.03148148148148148
43 0.46770833333333334 0.4444444444444444 0.016666666666666666 0.03518518518518519
197 0.24739583333333334 0.1736111111111111 0.09270833333333334 0.16944444444444445
196 0.38046875 0.42962962962962964 0.0203125 0.03148148148148148
43 0.46770833333333334 0.4444444444444444 0.016666666666666666 0.03518518518518519
197 0.24739583333333334 0.1736111111111111 0.09270833333333334 0.16944444444444445
196 0.38046875 0.42962962962962964 0.0203125 0.03148148148148148
43 0.46770833333333334 0.4444444444444444 0.016666666666666666 0.03518518518518519
