136 0.8005208333333333 0.3486111111111111 0.08125 0.125
120 0.8067708333333333 0.2263888888888889 0.08333333333333333 0.1287037037037037
136 0.8005208333333333 0.3486111111111111 0.08125 0.125
120 0.8067708333333333 0.2263888888888889 0.08333333333333333 0.1287037037037037
136 0.8005208333333333 0.3486111111111111 0.08125 0.125
120 0.8067708333333333 0.2263888888888889 0.08333333333333333 0.1287037037037037
136 0.8005208333333333 0.3486111111111111 0.08125 0.125
120 0.8067708333333333 0.2263888888888889 0.08333333333333333 0.1287037037037037
136 0.8005208333333333 0.3486111111111111 0.08125 0.125
120 0.8067708333333333 0.2263888888888889 0.08333333333333333 0.1287037037037037
136 0.8005208333333333 0.3486111111111111 0.08125 0.125
120 0.8067708333333333 0.2263888888888889 0.08333333333333333 0.1287037037037037
