142 0.80703125 0.4361111111111111 0.08802083333333334 0.1425925925925926
150 0.19479166666666667 0.3888888888888889 0.12291666666666666 0.16666666666666666
142 0.80703125 0.4361111111111111 0.08802083333333334 0.1425925925925926
150 0.19479166666666667 0.3888888888888889 0.12291666666666666 0.16666666666666666
142 0.80703125 0.4361111111111111 0.08802083333333334 0.1425925925925926
150 0.19479166666666667 0.3888888888888889 0.12291666666666666 0.16666666666666666
142 0.80703125 0.4361111111111111 0.08802083333333334 0.1425925925925926
150 0.19479166666666667 0.3888888888888889 0.12291666666666666 0.16666666666666666
142 0.80703125 0.4361111111111111 0.08802083333333334 0.1425925925925926
150 0.19479166666666667 0.3888888888888889 0.12291666666666666 0.16666666666666666
142 0.80703125 0.4361111111111111 0.08802083333333334 0.1425925925925926
150 0.19479166666666667 0.3888888888888889 0.12291666666666666 0.16666666666666666
