59 0.10755208333333334 0.37916666666666665 0.06822916666666666 0.15092592592592594
179 0.10833333333333334 0.49537037037037035 0.04895833333333333 0.07962962962962963
59 0.10755208333333334 0.37916666666666665 0.06822916666666666 0.15092592592592594
179 0.10833333333333334 0.49537037037037035 0.04895833333333333 0.07962962962962963
59 0.10755208333333334 0.37916666666666665 0.06822916666666666 0.15092592592592594
179 0.10833333333333334 0.49537037037037035 0.04895833333333333 0.07962962962962963
59 0.10755208333333334 0.37916666666666665 0.06822916666666666 0.15092592592592594
179 0.10833333333333334 0.49537037037037035 0.04895833333333333 0.07962962962962963
59 0.10755208333333334 0.37916666666666665 0.06822916666666666 0.15092592592592594
179 0.10833333333333334 0.49537037037037035 0.04895833333333333 0.07962962962962963
59 0.10755208333333334 0.37916666666666665 0.06822916666666666 0.15092592592592594
179 0.10833333333333334 0.49537037037037035 0.04895833333333333 0.07962962962962963
