100 0.72265625 0.45 0.10677083333333333 0.10185185185185185
53 0.7234375 0.5509259259259259 0.06666666666666667 0.11296296296296296
184 0.6265625 0.7069444444444445 0.029166666666666667 0.18796296296296297
184 0.5640625 0.562962962962963 0.015625 0.06296296296296296
100 0.72265625 0.45 0.10677083333333333 0.10185185185185185
53 0.7234375 0.5509259259259259 0.06666666666666667 0.11296296296296296
184 0.6265625 0.7069444444444445 0.029166666666666667 0.18796296296296297
184 0.5640625 0.562962962962963 0.015625 0.06296296296296296
100 0.72265625 0.45 0.10677083333333333 0.10185185185185185
53 0.7234375 0.5509259259259259 0.06666666666666667 0.11296296296296296
184 0.6265625 0.7069444444444445 0.029166666666666667 0.18796296296296297
184 0.5640625 0.562962962962963 0.015625 0.06296296296296296
100 0.72265625 0.45 0.10677083333333333 0.10185185185185185
53 0.7234375 0.5509259259259259 0.06666666666666667 0.11296296296296296
184 0.6265625 0.7069444444444445 0.029166666666666667 0.18796296296296297
184 0.5640625 0.562962962962963 0.015625 0.06296296296296296
100 0.72265625 0.45 0.10677083333333333 0.10185185185185185
53 0.7234375 0.5509259259259259 0.06666666666666667 0.11296296296296296
184 0.6265625 0.7069444444444445 0.029166666666666667 0.18796296296296297
184 0.5640625 0.562962962962963 0.015625 0.06296296296296296
100 0.72265625 0.45 0.10677083333333333 0.10185185185185185
53 0.7234375 0.5509259259259259 0.06666666666666667 0.11296296296296296
184 0.6265625 0.7069444444444445 0.029166666666666667 0.18796296296296297
184 0.5640625 0.562962962962963 0.015625 0.06296296296296296
