102 0.8203125 0.43194444444444446 0.13541666666666666 0.125
196 0.8135416666666667 0.29398148148148145 0.13229166666666667 0.19166666666666668
102 0.8203125 0.43194444444444446 0.13541666666666666 0.125
196 0.8135416666666667 0.29398148148148145 0.13229166666666667 0.19166666666666668
102 0.8203125 0.43194444444444446 0.13541666666666666 0.125
196 0.8135416666666667 0.29398148148148145 0.13229166666666667 0.19166666666666668
102 0.8203125 0.43194444444444446 0.13541666666666666 0.125
196 0.8135416666666667 0.29398148148148145 0.13229166666666667 0.19166666666666668
102 0.8203125 0.43194444444444446 0.13541666666666666 0.125
196 0.8135416666666667 0.29398148148148145 0.13229166666666667 0.19166666666666668
