60 0.8083333333333333 0.4412037037037037 0.07604166666666666 0.1361111111111111
149 0.8028645833333333 0.5425925925925926 0.04739583333333333 0.06666666666666667
60 0.8083333333333333 0.4412037037037037 0.07604166666666666 0.1361111111111111
149 0.8028645833333333 0.5425925925925926 0.04739583333333333 0.06666666666666667
60 0.8083333333333333 0.4412037037037037 0.07604166666666666 0.1361111111111111
149 0.8028645833333333 0.5425925925925926 0.04739583333333333 0.06666666666666667
60 0.8083333333333333 0.4412037037037037 0.07604166666666666 0.1361111111111111
149 0.8028645833333333 0.5425925925925926 0.04739583333333333 0.06666666666666667
60 0.8083333333333333 0.4412037037037037 0.07604166666666666 0.1361111111111111
149 0.8028645833333333 0.5425925925925926 0.04739583333333333 0.06666666666666667
60 0.8083333333333333 0.4412037037037037 0.07604166666666666 0.1361111111111111
149 0.8028645833333333 0.5425925925925926 0.04739583333333333 0.06666666666666667
