196 0.7635416666666667 0.32685185185185184 0.09895833333333333 0.1574074074074074
15 0.6440104166666667 0.3824074074074074 0.043229166666666666 0.06851851851851852
196 0.7635416666666667 0.32685185185185184 0.09895833333333333 0.1574074074074074
15 0.6440104166666667 0.3824074074074074 0.043229166666666666 0.06851851851851852
196 0.7635416666666667 0.32685185185185184 0.09895833333333333 0.1574074074074074
15 0.6440104166666667 0.3824074074074074 0.043229166666666666 0.06851851851851852
196 0.7635416666666667 0.32685185185185184 0.09895833333333333 0.1574074074074074
15 0.6440104166666667 0.3824074074074074 0.043229166666666666 0.06851851851851852
196 0.7635416666666667 0.32685185185185184 0.09895833333333333 0.1574074074074074
15 0.6440104166666667 0.3824074074074074 0.043229166666666666 0.06851851851851852
196 0.7635416666666667 0.32685185185185184 0.09895833333333333 0.1574074074074074
15 0.6440104166666667 0.3824074074074074 0.043229166666666666 0.06851851851851852
