179 0.8153645833333333 0.5916666666666667 0.0859375 0.07222222222222222
46 0.8140625 0.4912037037037037 0.08333333333333333 0.13240740740740742
53 0.81171875 0.3592592592592593 0.08385416666666666 0.13333333333333333
179 0.8153645833333333 0.5916666666666667 0.0859375 0.07222222222222222
46 0.8140625 0.4912037037037037 0.08333333333333333 0.13240740740740742
53 0.81171875 0.3592592592592593 0.08385416666666666 0.13333333333333333
179 0.8153645833333333 0.5916666666666667 0.0859375 0.07222222222222222
46 0.8140625 0.4912037037037037 0.08333333333333333 0.13240740740740742
53 0.81171875 0.3592592592592593 0.08385416666666666 0.13333333333333333
179 0.8153645833333333 0.5916666666666667 0.0859375 0.07222222222222222
46 0.8140625 0.4912037037037037 0.08333333333333333 0.13240740740740742
53 0.81171875 0.3592592592592593 0.08385416666666666 0.13333333333333333
179 0.8153645833333333 0.5916666666666667 0.0859375 0.07222222222222222
46 0.8140625 0.4912037037037037 0.08333333333333333 0.13240740740740742
53 0.81171875 0.3592592592592593 0.08385416666666666 0.13333333333333333
179 0.8153645833333333 0.5916666666666667 0.0859375 0.07222222222222222
46 0.8140625 0.4912037037037037 0.08333333333333333 0.13240740740740742
53 0.81171875 0.3592592592592593 0.08385416666666666 0.13333333333333333
