119 0.7510416666666667 0.3819444444444444 0.090625 0.1527777777777778
163 0.7450520833333333 0.5055555555555555 0.06614583333333333 0.1111111111111111
119 0.7510416666666667 0.3819444444444444 0.090625 0.1527777777777778
163 0.7450520833333333 0.5055555555555555 0.06614583333333333 0.1111111111111111
119 0.7510416666666667 0.3819444444444444 0.090625 0.1527777777777778
163 0.7450520833333333 0.5055555555555555 0.06614583333333333 0.1111111111111111
119 0.7510416666666667 0.3819444444444444 0.090625 0.1527777777777778
163 0.7450520833333333 0.5055555555555555 0.06614583333333333 0.1111111111111111
119 0.7510416666666667 0.3819444444444444 0.090625 0.1527777777777778
163 0.7450520833333333 0.5055555555555555 0.06614583333333333 0.1111111111111111
119 0.7510416666666667 0.3819444444444444 0.090625 0.1527777777777778
163 0.7450520833333333 0.5055555555555555 0.06614583333333333 0.1111111111111111
