197 0.76640625 0.45694444444444443 0.1171875 0.1935185185185185
197 0.036458333333333336 0.45092592592592595 0.06875 0.14444444444444443
197 0.76640625 0.45694444444444443 0.1171875 0.1935185185185185
197 0.036458333333333336 0.45092592592592595 0.06875 0.14444444444444443
197 0.76640625 0.45694444444444443 0.1171875 0.1935185185185185
197 0.036458333333333336 0.45092592592592595 0.06875 0.14444444444444443
197 0.76640625 0.45694444444444443 0.1171875 0.1935185185185185
197 0.036458333333333336 0.45092592592592595 0.06875 0.14444444444444443
197 0.76640625 0.45694444444444443 0.1171875 0.1935185185185185
197 0.036458333333333336 0.45092592592592595 0.06875 0.14444444444444443
197 0.76640625 0.45694444444444443 0.1171875 0.1935185185185185
197 0.036458333333333336 0.45092592592592595 0.06875 0.14444444444444443
