43 0.8369791666666667 0.34074074074074073 0.06354166666666666 0.11851851851851852
196 0.24375 0.46944444444444444 0.019791666666666666 0.03148148148148148
43 0.8369791666666667 0.34074074074074073 0.06354166666666666 0.11851851851851852
196 0.24375 0.46944444444444444 0.019791666666666666 0.03148148148148148
43 0.8369791666666667 0.34074074074074073 0.06354166666666666 0.11851851851851852
196 0.24375 0.46944444444444444 0.019791666666666666 0.03148148148148148
43 0.8369791666666667 0.34074074074074073 0.06354166666666666 0.11851851851851852
196 0.24375 0.46944444444444444 0.019791666666666666 0.03148148148148148
43 0.8369791666666667 0.34074074074074073 0.06354166666666666 0.11851851851851852
196 0.24375 0.46944444444444444 0.019791666666666666 0.03148148148148148
43 0.8369791666666667 0.34074074074074073 0.06354166666666666 0.11851851851851852
196 0.24375 0.46944444444444444 0.019791666666666666 0.03148148148148148
