12 0.7684895833333333 0.3277777777777778 0.1359375 0.1925925925925926
100 0.6244791666666667 0.4875 0.019791666666666666 0.028703703703703703
12 0.7684895833333333 0.3277777777777778 0.1359375 0.1925925925925926
100 0.6244791666666667 0.4875 0.019791666666666666 0.028703703703703703
12 0.7684895833333333 0.3277777777777778 0.1359375 0.1925925925925926
100 0.6244791666666667 0.4875 0.019791666666666666 0.028703703703703703
12 0.7684895833333333 0.3277777777777778 0.1359375 0.1925925925925926
100 0.6244791666666667 0.4875 0.019791666666666666 0.028703703703703703
12 0.7684895833333333 0.3277777777777778 0.1359375 0.1925925925925926
100 0.6244791666666667 0.4875 0.019791666666666666 0.028703703703703703
12 0.7684895833333333 0.3277777777777778 0.1359375 0.1925925925925926
100 0.6244791666666667 0.4875 0.019791666666666666 0.028703703703703703
