7 0.7776041666666667 0.3189814814814815 0.09166666666666666 0.13425925925925927
53 0.77734375 0.4324074074074074 0.06197916666666667 0.10185185185185185
7 0.7776041666666667 0.3189814814814815 0.09166666666666666 0.13425925925925927
53 0.77734375 0.4324074074074074 0.06197916666666667 0.10185185185185185
7 0.7776041666666667 0.3189814814814815 0.09166666666666666 0.13425925925925927
53 0.77734375 0.4324074074074074 0.06197916666666667 0.10185185185185185
7 0.7776041666666667 0.3189814814814815 0.09166666666666666 0.13425925925925927
53 0.77734375 0.4324074074074074 0.06197916666666667 0.10185185185185185
7 0.7776041666666667 0.3189814814814815 0.09166666666666666 0.13425925925925927
53 0.77734375 0.4324074074074074 0.06197916666666667 0.10185185185185185
7 0.7776041666666667 0.3189814814814815 0.09166666666666666 0.13425925925925927
53 0.77734375 0.4324074074074074 0.06197916666666667 0.10185185185185185
