102 0.7065104166666667 0.45555555555555555 0.13177083333333334 0.12962962962962962
35 0.571875 0.45231481481481484 0.020833333333333332 0.032407407407407406
102 0.7065104166666667 0.45555555555555555 0.13177083333333334 0.12962962962962962
35 0.571875 0.45231481481481484 0.020833333333333332 0.032407407407407406
102 0.7065104166666667 0.45555555555555555 0.13177083333333334 0.12962962962962962
35 0.571875 0.45231481481481484 0.020833333333333332 0.032407407407407406
102 0.7065104166666667 0.45555555555555555 0.13177083333333334 0.12962962962962962
35 0.571875 0.45231481481481484 0.020833333333333332 0.032407407407407406
102 0.7065104166666667 0.45555555555555555 0.13177083333333334 0.12962962962962962
35 0.571875 0.45231481481481484 0.020833333333333332 0.032407407407407406
102 0.7065104166666667 0.45555555555555555 0.13177083333333334 0.12962962962962962
35 0.571875 0.45231481481481484 0.020833333333333332 0.032407407407407406
