173 0.7510416666666667 0.4152777777777778 0.08020833333333334 0.075
2 0.7515625 0.3 0.115625 0.17222222222222222
173 0.7510416666666667 0.4152777777777778 0.08020833333333334 0.075
2 0.7515625 0.3 0.115625 0.17222222222222222
173 0.7510416666666667 0.4152777777777778 0.08020833333333334 0.075
2 0.7515625 0.3 0.115625 0.17222222222222222
173 0.7510416666666667 0.4152777777777778 0.08020833333333334 0.075
2 0.7515625 0.3 0.115625 0.17222222222222222
173 0.7510416666666667 0.4152777777777778 0.08020833333333334 0.075
2 0.7515625 0.3 0.115625 0.17222222222222222
173 0.7510416666666667 0.4152777777777778 0.08020833333333334 0.075
2 0.7515625 0.3 0.115625 0.17222222222222222
