100 0.8393229166666667 0.5319444444444444 0.1265625 0.08611111111111111
6 0.5411458333333333 0.4685185185185185 0.019791666666666666 0.03148148148148148
100 0.8393229166666667 0.5319444444444444 0.1265625 0.08611111111111111
6 0.5411458333333333 0.4685185185185185 0.019791666666666666 0.03148148148148148
100 0.8393229166666667 0.5319444444444444 0.1265625 0.08611111111111111
6 0.5411458333333333 0.4685185185185185 0.019791666666666666 0.03148148148148148
100 0.8393229166666667 0.5319444444444444 0.1265625 0.08611111111111111
6 0.5411458333333333 0.4685185185185185 0.019791666666666666 0.03148148148148148
100 0.8393229166666667 0.5319444444444444 0.1265625 0.08611111111111111
6 0.5411458333333333 0.4685185185185185 0.019791666666666666 0.03148148148148148
100 0.8393229166666667 0.5319444444444444 0.1265625 0.08611111111111111
6 0.5411458333333333 0.4685185185185185 0.019791666666666666 0.03148148148148148
