192 0.7588541666666667 0.4356481481481482 0.184375 0.06018518518518518
192 0.7614583333333333 0.3768518518518518 0.18645833333333334 0.06111111111111111
192 0.7588541666666667 0.4356481481481482 0.184375 0.06018518518518518
192 0.7614583333333333 0.3768518518518518 0.18645833333333334 0.06111111111111111
192 0.7588541666666667 0.4356481481481482 0.184375 0.06018518518518518
192 0.7614583333333333 0.3768518518518518 0.18645833333333334 0.06111111111111111
192 0.7588541666666667 0.4356481481481482 0.184375 0.06018518518518518
192 0.7614583333333333 0.3768518518518518 0.18645833333333334 0.06111111111111111
192 0.7588541666666667 0.4356481481481482 0.184375 0.06018518518518518
192 0.7614583333333333 0.3768518518518518 0.18645833333333334 0.06111111111111111
192 0.7588541666666667 0.4356481481481482 0.184375 0.06018518518518518
192 0.7614583333333333 0.3768518518518518 0.18645833333333334 0.06111111111111111
