119 0.8348958333333333 0.3611111111111111 0.096875 0.15
166 0.8317708333333333 0.48333333333333334 0.06875 0.10555555555555556
119 0.8348958333333333 0.3611111111111111 0.096875 0.15
166 0.8317708333333333 0.48333333333333334 0.06875 0.10555555555555556
119 0.8348958333333333 0.3611111111111111 0.096875 0.15
166 0.8317708333333333 0.48333333333333334 0.06875 0.10555555555555556
119 0.8348958333333333 0.3611111111111111 0.096875 0.15
166 0.8317708333333333 0.48333333333333334 0.06875 0.10555555555555556
119 0.8348958333333333 0.3611111111111111 0.096875 0.15
166 0.8317708333333333 0.48333333333333334 0.06875 0.10555555555555556
119 0.8348958333333333 0.3611111111111111 0.096875 0.15
166 0.8317708333333333 0.48333333333333334 0.06875 0.10555555555555556
