100 0.7153645833333333 0.42916666666666664 0.13489583333333333 0.09907407407407408
53 0.5682291666666667 0.48009259259259257 0.022916666666666665 0.03981481481481482
100 0.7153645833333333 0.42916666666666664 0.13489583333333333 0.09907407407407408
53 0.5682291666666667 0.48009259259259257 0.022916666666666665 0.03981481481481482
100 0.7153645833333333 0.42916666666666664 0.13489583333333333 0.09907407407407408
53 0.5682291666666667 0.48009259259259257 0.022916666666666665 0.03981481481481482
100 0.7153645833333333 0.42916666666666664 0.13489583333333333 0.09907407407407408
53 0.5682291666666667 0.48009259259259257 0.022916666666666665 0.03981481481481482
100 0.7153645833333333 0.42916666666666664 0.13489583333333333 0.09907407407407408
53 0.5682291666666667 0.48009259259259257 0.022916666666666665 0.03981481481481482
100 0.7153645833333333 0.42916666666666664 0.13489583333333333 0.09907407407407408
53 0.5682291666666667 0.48009259259259257 0.022916666666666665 0.03981481481481482
