196 0.171875 0.3055555555555556 0.12395833333333334 0.17407407407407408
11 0.045572916666666664 0.6731481481481482 0.04635416666666667 0.08333333333333333
196 0.171875 0.3055555555555556 0.12395833333333334 0.17407407407407408
11 0.045572916666666664 0.6731481481481482 0.04635416666666667 0.08333333333333333
196 0.171875 0.3055555555555556 0.12395833333333334 0.17407407407407408
11 0.045572916666666664 0.6731481481481482 0.04635416666666667 0.08333333333333333
196 0.171875 0.3055555555555556 0.12395833333333334 0.17407407407407408
11 0.045572916666666664 0.6731481481481482 0.04635416666666667 0.08333333333333333
196 0.171875 0.3055555555555556 0.12395833333333334 0.17407407407407408
11 0.045572916666666664 0.6731481481481482 0.04635416666666667 0.08333333333333333
196 0.171875 0.3055555555555556 0.12395833333333334 0.17407407407407408
11 0.045572916666666664 0.6731481481481482 0.04635416666666667 0.08333333333333333
