199 0.7817708333333333 0.27175925925925926 0.078125 0.1675925925925926
2 0.596875 0.4685185185185185 0.025 0.03888888888888889
199 0.7817708333333333 0.27175925925925926 0.078125 0.1675925925925926
2 0.596875 0.4685185185185185 0.025 0.03888888888888889
199 0.7817708333333333 0.27175925925925926 0.078125 0.1675925925925926
2 0.596875 0.4685185185185185 0.025 0.03888888888888889
199 0.7817708333333333 0.27175925925925926 0.078125 0.1675925925925926
2 0.596875 0.4685185185185185 0.025 0.03888888888888889
199 0.7817708333333333 0.27175925925925926 0.078125 0.1675925925925926
2 0.596875 0.4685185185185185 0.025 0.03888888888888889
