197 0.11588541666666667 0.33796296296296297 0.08697916666666666 0.12962962962962962
196 0.38125 0.43796296296296294 0.020833333333333332 0.03518518518518519
197 0.11588541666666667 0.33796296296296297 0.08697916666666666 0.12962962962962962
196 0.38125 0.43796296296296294 0.020833333333333332 0.03518518518518519
197 0.11588541666666667 0.33796296296296297 0.08697916666666666 0.12962962962962962
196 0.38125 0.43796296296296294 0.020833333333333332 0.03518518518518519
197 0.11588541666666667 0.33796296296296297 0.08697916666666666 0.12962962962962962
196 0.38125 0.43796296296296294 0.020833333333333332 0.03518518518518519
197 0.11588541666666667 0.33796296296296297 0.08697916666666666 0.12962962962962962
196 0.38125 0.43796296296296294 0.020833333333333332 0.03518518518518519
197 0.11588541666666667 0.33796296296296297 0.08697916666666666 0.12962962962962962
196 0.38125 0.43796296296296294 0.020833333333333332 0.03518518518518519
