134 0.8130208333333333 0.40925925925925927 0.06875 0.11296296296296296
193 0.9119791666666667 0.03657407407407407 0.17604166666666668 0.0712962962962963
192 0.9122395833333333 0.07777777777777778 0.17552083333333332 0.1
192 0.9125 0.12824074074074074 0.175 0.09166666666666666
188 0.9122395833333333 0.18194444444444444 0.17552083333333332 0.08981481481481482
188 0.91171875 0.2351851851851852 0.1765625 0.08333333333333333
190 0.91171875 0.28564814814814815 0.1765625 0.07685185185185185
134 0.8130208333333333 0.40925925925925927 0.06875 0.11296296296296296
193 0.9119791666666667 0.03657407407407407 0.17604166666666668 0.0712962962962963
192 0.9122395833333333 0.07777777777777778 0.17552083333333332 0.1
192 0.9125 0.12824074074074074 0.175 0.09166666666666666
188 0.9122395833333333 0.18194444444444444 0.17552083333333332 0.08981481481481482
188 0.91171875 0.2351851851851852 0.1765625 0.08333333333333333
190 0.91171875 0.28564814814814815 0.1765625 0.07685185185185185
