136 0.79765625 0.28935185185185186 0.0734375 0.12685185185185185
179 0.21666666666666667 0.4587962962962963 0.021875 0.028703703703703703
59 0.21614583333333334 0.42314814814814816 0.021875 0.05
136 0.79765625 0.28935185185185186 0.0734375 0.12685185185185185
179 0.21666666666666667 0.4587962962962963 0.021875 0.028703703703703703
59 0.21614583333333334 0.42314814814814816 0.021875 0.05
136 0.79765625 0.28935185185185186 0.0734375 0.12685185185185185
179 0.21666666666666667 0.4587962962962963 0.021875 0.028703703703703703
59 0.21614583333333334 0.42314814814814816 0.021875 0.05
136 0.79765625 0.28935185185185186 0.0734375 0.12685185185185185
179 0.21666666666666667 0.4587962962962963 0.021875 0.028703703703703703
59 0.21614583333333334 0.42314814814814816 0.021875 0.05
136 0.79765625 0.28935185185185186 0.0734375 0.12685185185185185
179 0.21666666666666667 0.4587962962962963 0.021875 0.028703703703703703
59 0.21614583333333334 0.42314814814814816 0.021875 0.05
136 0.79765625 0.28935185185185186 0.0734375 0.12685185185185185
179 0.21666666666666667 0.4587962962962963 0.021875 0.028703703703703703
59 0.21614583333333334 0.42314814814814816 0.021875 0.05
