7 0.78828125 0.31203703703703706 0.1140625 0.16666666666666666
53 0.7901041666666667 0.45046296296296295 0.075 0.11944444444444445
7 0.78828125 0.31203703703703706 0.1140625 0.16666666666666666
53 0.7901041666666667 0.45046296296296295 0.075 0.11944444444444445
7 0.78828125 0.31203703703703706 0.1140625 0.16666666666666666
53 0.7901041666666667 0.45046296296296295 0.075 0.11944444444444445
7 0.78828125 0.31203703703703706 0.1140625 0.16666666666666666
53 0.7901041666666667 0.45046296296296295 0.075 0.11944444444444445
7 0.78828125 0.31203703703703706 0.1140625 0.16666666666666666
53 0.7901041666666667 0.45046296296296295 0.075 0.11944444444444445
7 0.78828125 0.31203703703703706 0.1140625 0.16666666666666666
53 0.7901041666666667 0.45046296296296295 0.075 0.11944444444444445
