50 0.7442708333333333 0.43657407407407406 0.08958333333333333 0.15092592592592594
179 0.7408854166666666 0.549074074074074 0.09010416666666667 0.07777777777777778
50 0.7442708333333333 0.43657407407407406 0.08958333333333333 0.15092592592592594
179 0.7408854166666666 0.549074074074074 0.09010416666666667 0.07777777777777778
50 0.7442708333333333 0.43657407407407406 0.08958333333333333 0.15092592592592594
179 0.7408854166666666 0.549074074074074 0.09010416666666667 0.07777777777777778
50 0.7442708333333333 0.43657407407407406 0.08958333333333333 0.15092592592592594
179 0.7408854166666666 0.549074074074074 0.09010416666666667 0.07777777777777778
50 0.7442708333333333 0.43657407407407406 0.08958333333333333 0.15092592592592594
179 0.7408854166666666 0.549074074074074 0.09010416666666667 0.07777777777777778
50 0.7442708333333333 0.43657407407407406 0.08958333333333333 0.15092592592592594
179 0.7408854166666666 0.549074074074074 0.09010416666666667 0.07777777777777778
