136 0.7755208333333333 0.32407407407407407 0.08229166666666667 0.13703703703703704
155 0.7768229166666667 0.4185185185185185 0.08072916666666667 0.06296296296296296
196 0.13411458333333334 0.44351851851851853 0.0734375 0.09814814814814815
136 0.24348958333333334 0.3277777777777778 0.0203125 0.040740740740740744
108 0.5690104166666666 0.48009259259259257 0.019270833333333334 0.03425925925925926
136 0.7755208333333333 0.32407407407407407 0.08229166666666667 0.13703703703703704
155 0.7768229166666667 0.4185185185185185 0.08072916666666667 0.06296296296296296
196 0.13411458333333334 0.44351851851851853 0.0734375 0.09814814814814815
136 0.24348958333333334 0.3277777777777778 0.0203125 0.040740740740740744
108 0.5690104166666666 0.48009259259259257 0.019270833333333334 0.03425925925925926
136 0.7755208333333333 0.32407407407407407 0.08229166666666667 0.13703703703703704
155 0.7768229166666667 0.4185185185185185 0.08072916666666667 0.06296296296296296
196 0.13411458333333334 0.44351851851851853 0.0734375 0.09814814814814815
136 0.24348958333333334 0.3277777777777778 0.0203125 0.040740740740740744
108 0.5690104166666666 0.48009259259259257 0.019270833333333334 0.03425925925925926
136 0.7755208333333333 0.32407407407407407 0.08229166666666667 0.13703703703703704
155 0.7768229166666667 0.4185185185185185 0.08072916666666667 0.06296296296296296
196 0.13411458333333334 0.44351851851851853 0.0734375 0.09814814814814815
136 0.24348958333333334 0.3277777777777778 0.0203125 0.040740740740740744
108 0.5690104166666666 0.48009259259259257 0.019270833333333334 0.03425925925925926
136 0.7755208333333333 0.32407407407407407 0.08229166666666667 0.13703703703703704
155 0.7768229166666667 0.4185185185185185 0.08072916666666667 0.06296296296296296
196 0.13411458333333334 0.44351851851851853 0.0734375 0.09814814814814815
136 0.24348958333333334 0.3277777777777778 0.0203125 0.040740740740740744
108 0.5690104166666666 0.48009259259259257 0.019270833333333334 0.03425925925925926
136 0.7755208333333333 0.32407407407407407 0.08229166666666667 0.13703703703703704
155 0.7768229166666667 0.4185185185185185 0.08072916666666667 0.06296296296296296
196 0.13411458333333334 0.44351851851851853 0.0734375 0.09814814814814815
136 0.24348958333333334 0.3277777777777778 0.0203125 0.040740740740740744
108 0.5690104166666666 0.48009259259259257 0.019270833333333334 0.03425925925925926
