2 0.7877604166666666 0.5435185185185185 0.0984375 0.14629629629629629
37 0.6229166666666667 0.4842592592592593 0.019791666666666666 0.04259259259259259
2 0.7877604166666666 0.5435185185185185 0.0984375 0.14629629629629629
37 0.6229166666666667 0.4842592592592593 0.019791666666666666 0.04259259259259259
2 0.7877604166666666 0.5435185185185185 0.0984375 0.14629629629629629
37 0.6229166666666667 0.4842592592592593 0.019791666666666666 0.04259259259259259
2 0.7877604166666666 0.5435185185185185 0.0984375 0.14629629629629629
37 0.6229166666666667 0.4842592592592593 0.019791666666666666 0.04259259259259259
2 0.7877604166666666 0.5435185185185185 0.0984375 0.14629629629629629
37 0.6229166666666667 0.4842592592592593 0.019791666666666666 0.04259259259259259
2 0.7877604166666666 0.5435185185185185 0.0984375 0.14629629629629629
37 0.6229166666666667 0.4842592592592593 0.019791666666666666 0.04259259259259259
