178 0.7807291666666667 0.5546296296296296 0.08229166666666667 0.06666666666666667
120 0.7830729166666667 0.32592592592592595 0.0828125 0.1388888888888889
141 0.7817708333333333 0.45740740740740743 0.08229166666666667 0.12962962962962962
178 0.7807291666666667 0.5546296296296296 0.08229166666666667 0.06666666666666667
120 0.7830729166666667 0.32592592592592595 0.0828125 0.1388888888888889
141 0.7817708333333333 0.45740740740740743 0.08229166666666667 0.12962962962962962
178 0.7807291666666667 0.5546296296296296 0.08229166666666667 0.06666666666666667
120 0.7830729166666667 0.32592592592592595 0.0828125 0.1388888888888889
141 0.7817708333333333 0.45740740740740743 0.08229166666666667 0.12962962962962962
178 0.7807291666666667 0.5546296296296296 0.08229166666666667 0.06666666666666667
120 0.7830729166666667 0.32592592592592595 0.0828125 0.1388888888888889
141 0.7817708333333333 0.45740740740740743 0.08229166666666667 0.12962962962962962
178 0.7807291666666667 0.5546296296296296 0.08229166666666667 0.06666666666666667
120 0.7830729166666667 0.32592592592592595 0.0828125 0.1388888888888889
141 0.7817708333333333 0.45740740740740743 0.08229166666666667 0.12962962962962962
178 0.7807291666666667 0.5546296296296296 0.08229166666666667 0.06666666666666667
120 0.7830729166666667 0.32592592592592595 0.0828125 0.1388888888888889
141 0.7817708333333333 0.45740740740740743 0.08229166666666667 0.12962962962962962
