136 0.7838541666666666 0.3050925925925926 0.10520833333333333 0.1824074074074074
155 0.784375 0.42777777777777776 0.10416666666666667 0.08148148148148149
136 0.7838541666666666 0.3050925925925926 0.10520833333333333 0.1824074074074074
155 0.784375 0.42777777777777776 0.10416666666666667 0.08148148148148149
136 0.7838541666666666 0.3050925925925926 0.10520833333333333 0.1824074074074074
155 0.784375 0.42777777777777776 0.10416666666666667 0.08148148148148149
136 0.7838541666666666 0.3050925925925926 0.10520833333333333 0.1824074074074074
155 0.784375 0.42777777777777776 0.10416666666666667 0.08148148148148149
136 0.7838541666666666 0.3050925925925926 0.10520833333333333 0.1824074074074074
155 0.784375 0.42777777777777776 0.10416666666666667 0.08148148148148149
136 0.7838541666666666 0.3050925925925926 0.10520833333333333 0.1824074074074074
155 0.784375 0.42777777777777776 0.10416666666666667 0.08148148148148149
