43 0.7526041666666666 0.2199074074074074 0.10833333333333334 0.19166666666666668
197 0.7057291666666666 0.4217592592592593 0.022916666666666665 0.041666666666666664
196 0.6692708333333334 0.42314814814814816 0.026041666666666668 0.037037037037037035
150 0.2903645833333333 0.49953703703703706 0.027604166666666666 0.075
43 0.7526041666666666 0.2199074074074074 0.10833333333333334 0.19166666666666668
197 0.7057291666666666 0.4217592592592593 0.022916666666666665 0.041666666666666664
196 0.6692708333333334 0.42314814814814816 0.026041666666666668 0.037037037037037035
150 0.2903645833333333 0.49953703703703706 0.027604166666666666 0.075
43 0.7526041666666666 0.2199074074074074 0.10833333333333334 0.19166666666666668
197 0.7057291666666666 0.4217592592592593 0.022916666666666665 0.041666666666666664
196 0.6692708333333334 0.42314814814814816 0.026041666666666668 0.037037037037037035
150 0.2903645833333333 0.49953703703703706 0.027604166666666666 0.075
43 0.7526041666666666 0.2199074074074074 0.10833333333333334 0.19166666666666668
197 0.7057291666666666 0.4217592592592593 0.022916666666666665 0.041666666666666664
196 0.6692708333333334 0.42314814814814816 0.026041666666666668 0.037037037037037035
150 0.2903645833333333 0.49953703703703706 0.027604166666666666 0.075
43 0.7526041666666666 0.2199074074074074 0.10833333333333334 0.19166666666666668
197 0.7057291666666666 0.4217592592592593 0.022916666666666665 0.041666666666666664
196 0.6692708333333334 0.42314814814814816 0.026041666666666668 0.037037037037037035
150 0.2903645833333333 0.49953703703703706 0.027604166666666666 0.075
43 0.7526041666666666 0.2199074074074074 0.10833333333333334 0.19166666666666668
197 0.7057291666666666 0.4217592592592593 0.022916666666666665 0.041666666666666664
196 0.6692708333333334 0.42314814814814816 0.026041666666666668 0.037037037037037035
150 0.2903645833333333 0.49953703703703706 0.027604166666666666 0.075
