53 0.7419270833333333 0.3212962962962963 0.0953125 0.16111111111111112
7 0.7419270833333333 0.4810185185185185 0.08697916666666666 0.12685185185185185
179 0.7421875 0.5912037037037037 0.08541666666666667 0.06574074074074074
53 0.7419270833333333 0.3212962962962963 0.0953125 0.16111111111111112
7 0.7419270833333333 0.4810185185185185 0.08697916666666666 0.12685185185185185
179 0.7421875 0.5912037037037037 0.08541666666666667 0.06574074074074074
53 0.7419270833333333 0.3212962962962963 0.0953125 0.16111111111111112
7 0.7419270833333333 0.4810185185185185 0.08697916666666666 0.12685185185185185
179 0.7421875 0.5912037037037037 0.08541666666666667 0.06574074074074074
53 0.7419270833333333 0.3212962962962963 0.0953125 0.16111111111111112
7 0.7419270833333333 0.4810185185185185 0.08697916666666666 0.12685185185185185
179 0.7421875 0.5912037037037037 0.08541666666666667 0.06574074074074074
53 0.7419270833333333 0.3212962962962963 0.0953125 0.16111111111111112
7 0.7419270833333333 0.4810185185185185 0.08697916666666666 0.12685185185185185
179 0.7421875 0.5912037037037037 0.08541666666666667 0.06574074074074074
53 0.7419270833333333 0.3212962962962963 0.0953125 0.16111111111111112
7 0.7419270833333333 0.4810185185185185 0.08697916666666666 0.12685185185185185
179 0.7421875 0.5912037037037037 0.08541666666666667 0.06574074074074074
