52 0.7466145833333333 0.4162037037037037 0.0984375 0.16018518518518518
142 0.37395833333333334 0.4689814814814815 0.016666666666666666 0.028703703703703703
52 0.7466145833333333 0.4162037037037037 0.0984375 0.16018518518518518
142 0.37395833333333334 0.4689814814814815 0.016666666666666666 0.028703703703703703
52 0.7466145833333333 0.4162037037037037 0.0984375 0.16018518518518518
142 0.37395833333333334 0.4689814814814815 0.016666666666666666 0.028703703703703703
52 0.7466145833333333 0.4162037037037037 0.0984375 0.16018518518518518
142 0.37395833333333334 0.4689814814814815 0.016666666666666666 0.028703703703703703
52 0.7466145833333333 0.4162037037037037 0.0984375 0.16018518518518518
142 0.37395833333333334 0.4689814814814815 0.016666666666666666 0.028703703703703703
52 0.7466145833333333 0.4162037037037037 0.0984375 0.16018518518518518
142 0.37395833333333334 0.4689814814814815 0.016666666666666666 0.028703703703703703
