141 0.7671875 0.37407407407407406 0.09166666666666666 0.1574074074074074
134 0.65625 0.47962962962962963 0.017708333333333333 0.03148148148148148
141 0.7671875 0.37407407407407406 0.09166666666666666 0.1574074074074074
134 0.65625 0.47962962962962963 0.017708333333333333 0.03148148148148148
141 0.7671875 0.37407407407407406 0.09166666666666666 0.1574074074074074
134 0.65625 0.47962962962962963 0.017708333333333333 0.03148148148148148
141 0.7671875 0.37407407407407406 0.09166666666666666 0.1574074074074074
134 0.65625 0.47962962962962963 0.017708333333333333 0.03148148148148148
141 0.7671875 0.37407407407407406 0.09166666666666666 0.1574074074074074
134 0.65625 0.47962962962962963 0.017708333333333333 0.03148148148148148
141 0.7671875 0.37407407407407406 0.09166666666666666 0.1574074074074074
134 0.65625 0.47962962962962963 0.017708333333333333 0.03148148148148148
