12 0.8231770833333333 0.43148148148148147 0.12864583333333332 0.18518518518518517
53 0.8213541666666667 0.5930555555555556 0.0875 0.1398148148148148
12 0.8231770833333333 0.43148148148148147 0.12864583333333332 0.18518518518518517
53 0.8213541666666667 0.5930555555555556 0.0875 0.1398148148148148
12 0.8231770833333333 0.43148148148148147 0.12864583333333332 0.18518518518518517
53 0.8213541666666667 0.5930555555555556 0.0875 0.1398148148148148
12 0.8231770833333333 0.43148148148148147 0.12864583333333332 0.18518518518518517
53 0.8213541666666667 0.5930555555555556 0.0875 0.1398148148148148
12 0.8231770833333333 0.43148148148148147 0.12864583333333332 0.18518518518518517
53 0.8213541666666667 0.5930555555555556 0.0875 0.1398148148148148
12 0.8231770833333333 0.43148148148148147 0.12864583333333332 0.18518518518518517
53 0.8213541666666667 0.5930555555555556 0.0875 0.1398148148148148
