10 0.8375 0.4060185185185185 0.10729166666666666 0.15648148148148147
173 0.83671875 0.5050925925925925 0.07135416666666666 0.05462962962962963
10 0.8375 0.4060185185185185 0.10729166666666666 0.15648148148148147
173 0.83671875 0.5050925925925925 0.07135416666666666 0.05462962962962963
10 0.8375 0.4060185185185185 0.10729166666666666 0.15648148148148147
173 0.83671875 0.5050925925925925 0.07135416666666666 0.05462962962962963
10 0.8375 0.4060185185185185 0.10729166666666666 0.15648148148148147
173 0.83671875 0.5050925925925925 0.07135416666666666 0.05462962962962963
10 0.8375 0.4060185185185185 0.10729166666666666 0.15648148148148147
173 0.83671875 0.5050925925925925 0.07135416666666666 0.05462962962962963
10 0.8375 0.4060185185185185 0.10729166666666666 0.15648148148148147
173 0.83671875 0.5050925925925925 0.07135416666666666 0.05462962962962963
