184 0.6591145833333333 0.8064814814814815 0.03802083333333333 0.27037037037037037
141 0.5505208333333333 0.4597222222222222 0.020833333333333332 0.03981481481481482
184 0.6591145833333333 0.8064814814814815 0.03802083333333333 0.27037037037037037
141 0.5505208333333333 0.4597222222222222 0.020833333333333332 0.03981481481481482
184 0.6591145833333333 0.8064814814814815 0.03802083333333333 0.27037037037037037
141 0.5505208333333333 0.4597222222222222 0.020833333333333332 0.03981481481481482
184 0.6591145833333333 0.8064814814814815 0.03802083333333333 0.27037037037037037
141 0.5505208333333333 0.4597222222222222 0.020833333333333332 0.03981481481481482
184 0.6591145833333333 0.8064814814814815 0.03802083333333333 0.27037037037037037
141 0.5505208333333333 0.4597222222222222 0.020833333333333332 0.03981481481481482
184 0.6591145833333333 0.8064814814814815 0.03802083333333333 0.27037037037037037
141 0.5505208333333333 0.4597222222222222 0.020833333333333332 0.03981481481481482
