50 0.84921875 0.4912037037037037 0.06614583333333333 0.10277777777777777
179 0.8513020833333333 0.5694444444444444 0.0703125 0.05555555555555555
50 0.84921875 0.4912037037037037 0.06614583333333333 0.10277777777777777
179 0.8513020833333333 0.5694444444444444 0.0703125 0.05555555555555555
50 0.84921875 0.4912037037037037 0.06614583333333333 0.10277777777777777
179 0.8513020833333333 0.5694444444444444 0.0703125 0.05555555555555555
50 0.84921875 0.4912037037037037 0.06614583333333333 0.10277777777777777
179 0.8513020833333333 0.5694444444444444 0.0703125 0.05555555555555555
50 0.84921875 0.4912037037037037 0.06614583333333333 0.10277777777777777
179 0.8513020833333333 0.5694444444444444 0.0703125 0.05555555555555555
50 0.84921875 0.4912037037037037 0.06614583333333333 0.10277777777777777
179 0.8513020833333333 0.5694444444444444 0.0703125 0.05555555555555555
