179 0.7049479166666667 0.4976851851851852 0.03802083333333333 0.032407407407407406
50 0.70546875 0.44907407407407407 0.03802083333333333 0.06481481481481481
179 0.7049479166666667 0.4976851851851852 0.03802083333333333 0.032407407407407406
50 0.70546875 0.44907407407407407 0.03802083333333333 0.06481481481481481
179 0.7049479166666667 0.4976851851851852 0.03802083333333333 0.032407407407407406
50 0.70546875 0.44907407407407407 0.03802083333333333 0.06481481481481481
179 0.7049479166666667 0.4976851851851852 0.03802083333333333 0.032407407407407406
50 0.70546875 0.44907407407407407 0.03802083333333333 0.06481481481481481
179 0.7049479166666667 0.4976851851851852 0.03802083333333333 0.032407407407407406
50 0.70546875 0.44907407407407407 0.03802083333333333 0.06481481481481481
