123 0.88203125 0.40694444444444444 0.05364583333333333 0.08796296296296297
179 0.8799479166666667 0.4726851851851852 0.0515625 0.05092592592592592
123 0.88203125 0.40694444444444444 0.05364583333333333 0.08796296296296297
179 0.8799479166666667 0.4726851851851852 0.0515625 0.05092592592592592
123 0.88203125 0.40694444444444444 0.05364583333333333 0.08796296296296297
179 0.8799479166666667 0.4726851851851852 0.0515625 0.05092592592592592
123 0.88203125 0.40694444444444444 0.05364583333333333 0.08796296296296297
179 0.8799479166666667 0.4726851851851852 0.0515625 0.05092592592592592
123 0.88203125 0.40694444444444444 0.05364583333333333 0.08796296296296297
179 0.8799479166666667 0.4726851851851852 0.0515625 0.05092592592592592
123 0.88203125 0.40694444444444444 0.05364583333333333 0.08796296296296297
179 0.8799479166666667 0.4726851851851852 0.0515625 0.05092592592592592
