43 0.6903645833333333 0.4337962962962963 0.0890625 0.15092592592592594
196 0.30625 0.4699074074074074 0.036458333333333336 0.058333333333333334
43 0.6903645833333333 0.4337962962962963 0.0890625 0.15092592592592594
196 0.30625 0.4699074074074074 0.036458333333333336 0.058333333333333334
43 0.6903645833333333 0.4337962962962963 0.0890625 0.15092592592592594
196 0.30625 0.4699074074074074 0.036458333333333336 0.058333333333333334
43 0.6903645833333333 0.4337962962962963 0.0890625 0.15092592592592594
196 0.30625 0.4699074074074074 0.036458333333333336 0.058333333333333334
43 0.6903645833333333 0.4337962962962963 0.0890625 0.15092592592592594
196 0.30625 0.4699074074074074 0.036458333333333336 0.058333333333333334
43 0.6903645833333333 0.4337962962962963 0.0890625 0.15092592592592594
196 0.30625 0.4699074074074074 0.036458333333333336 0.058333333333333334
