196 0.6317708333333333 0.38425925925925924 0.021875 0.11296296296296296
196 0.54921875 0.4351851851851852 0.0265625 0.07407407407407407
196 0.6317708333333333 0.38425925925925924 0.021875 0.11296296296296296
196 0.54921875 0.4351851851851852 0.0265625 0.07407407407407407
196 0.6317708333333333 0.38425925925925924 0.021875 0.11296296296296296
196 0.54921875 0.4351851851851852 0.0265625 0.07407407407407407
196 0.6317708333333333 0.38425925925925924 0.021875 0.11296296296296296
196 0.54921875 0.4351851851851852 0.0265625 0.07407407407407407
196 0.6317708333333333 0.38425925925925924 0.021875 0.11296296296296296
196 0.54921875 0.4351851851851852 0.0265625 0.07407407407407407
196 0.6317708333333333 0.38425925925925924 0.021875 0.11296296296296296
196 0.54921875 0.4351851851851852 0.0265625 0.07407407407407407
