196 0.1609375 0.3736111111111111 0.10729166666666666 0.14907407407407408
53 0.5333333333333333 0.45787037037037037 0.016666666666666666 0.028703703703703703
16 0.5328125 0.42407407407407405 0.026041666666666668 0.040740740740740744
123 0.6880208333333333 0.4847222222222222 0.016666666666666666 0.030555555555555555
196 0.1609375 0.3736111111111111 0.10729166666666666 0.14907407407407408
53 0.5333333333333333 0.45787037037037037 0.016666666666666666 0.028703703703703703
16 0.5328125 0.42407407407407405 0.026041666666666668 0.040740740740740744
123 0.6880208333333333 0.4847222222222222 0.016666666666666666 0.030555555555555555
196 0.1609375 0.3736111111111111 0.10729166666666666 0.14907407407407408
53 0.5333333333333333 0.45787037037037037 0.016666666666666666 0.028703703703703703
16 0.5328125 0.42407407407407405 0.026041666666666668 0.040740740740740744
123 0.6880208333333333 0.4847222222222222 0.016666666666666666 0.030555555555555555
196 0.1609375 0.3736111111111111 0.10729166666666666 0.14907407407407408
53 0.5333333333333333 0.45787037037037037 0.016666666666666666 0.028703703703703703
16 0.5328125 0.42407407407407405 0.026041666666666668 0.040740740740740744
123 0.6880208333333333 0.4847222222222222 0.016666666666666666 0.030555555555555555
196 0.1609375 0.3736111111111111 0.10729166666666666 0.14907407407407408
53 0.5333333333333333 0.45787037037037037 0.016666666666666666 0.028703703703703703
16 0.5328125 0.42407407407407405 0.026041666666666668 0.040740740740740744
123 0.6880208333333333 0.4847222222222222 0.016666666666666666 0.030555555555555555
196 0.1609375 0.3736111111111111 0.10729166666666666 0.14907407407407408
53 0.5333333333333333 0.45787037037037037 0.016666666666666666 0.028703703703703703
16 0.5328125 0.42407407407407405 0.026041666666666668 0.040740740740740744
123 0.6880208333333333 0.4847222222222222 0.016666666666666666 0.030555555555555555
