134 0.7833333333333333 0.4351851851851852 0.07395833333333333 0.12222222222222222
179 0.7838541666666666 0.5236111111111111 0.075 0.06388888888888888
136 0.7828125 0.3148148148148148 0.07291666666666667 0.12777777777777777
134 0.7833333333333333 0.4351851851851852 0.07395833333333333 0.12222222222222222
179 0.7838541666666666 0.5236111111111111 0.075 0.06388888888888888
136 0.7828125 0.3148148148148148 0.07291666666666667 0.12777777777777777
134 0.7833333333333333 0.4351851851851852 0.07395833333333333 0.12222222222222222
179 0.7838541666666666 0.5236111111111111 0.075 0.06388888888888888
136 0.7828125 0.3148148148148148 0.07291666666666667 0.12777777777777777
134 0.7833333333333333 0.4351851851851852 0.07395833333333333 0.12222222222222222
179 0.7838541666666666 0.5236111111111111 0.075 0.06388888888888888
136 0.7828125 0.3148148148148148 0.07291666666666667 0.12777777777777777
134 0.7833333333333333 0.4351851851851852 0.07395833333333333 0.12222222222222222
179 0.7838541666666666 0.5236111111111111 0.075 0.06388888888888888
136 0.7828125 0.3148148148148148 0.07291666666666667 0.12777777777777777
134 0.7833333333333333 0.4351851851851852 0.07395833333333333 0.12222222222222222
179 0.7838541666666666 0.5236111111111111 0.075 0.06388888888888888
136 0.7828125 0.3148148148148148 0.07291666666666667 0.12777777777777777
