192 0.20364583333333333 0.3578703703703704 0.14583333333333334 0.06944444444444445
192 0.20364583333333333 0.4060185185185185 0.14583333333333334 0.062037037037037036
59 0.9901041666666667 0.44305555555555554 0.019791666666666666 0.04722222222222222
192 0.20364583333333333 0.3578703703703704 0.14583333333333334 0.06944444444444445
192 0.20364583333333333 0.4060185185185185 0.14583333333333334 0.062037037037037036
59 0.9901041666666667 0.44305555555555554 0.019791666666666666 0.04722222222222222
192 0.20364583333333333 0.3578703703703704 0.14583333333333334 0.06944444444444445
192 0.20364583333333333 0.4060185185185185 0.14583333333333334 0.062037037037037036
59 0.9901041666666667 0.44305555555555554 0.019791666666666666 0.04722222222222222
192 0.20364583333333333 0.3578703703703704 0.14583333333333334 0.06944444444444445
192 0.20364583333333333 0.4060185185185185 0.14583333333333334 0.062037037037037036
59 0.9901041666666667 0.44305555555555554 0.019791666666666666 0.04722222222222222
192 0.20364583333333333 0.3578703703703704 0.14583333333333334 0.06944444444444445
192 0.20364583333333333 0.4060185185185185 0.14583333333333334 0.062037037037037036
59 0.9901041666666667 0.44305555555555554 0.019791666666666666 0.04722222222222222
192 0.20364583333333333 0.3578703703703704 0.14583333333333334 0.06944444444444445
192 0.20364583333333333 0.4060185185185185 0.14583333333333334 0.062037037037037036
59 0.9901041666666667 0.44305555555555554 0.019791666666666666 0.04722222222222222
