136 0.7325520833333333 0.38657407407407407 0.0703125 0.1175925925925926
196 0.33307291666666666 0.4703703703703704 0.025520833333333333 0.044444444444444446
136 0.7325520833333333 0.38657407407407407 0.0703125 0.1175925925925926
196 0.33307291666666666 0.4703703703703704 0.025520833333333333 0.044444444444444446
136 0.7325520833333333 0.38657407407407407 0.0703125 0.1175925925925926
196 0.33307291666666666 0.4703703703703704 0.025520833333333333 0.044444444444444446
136 0.7325520833333333 0.38657407407407407 0.0703125 0.1175925925925926
196 0.33307291666666666 0.4703703703703704 0.025520833333333333 0.044444444444444446
136 0.7325520833333333 0.38657407407407407 0.0703125 0.1175925925925926
196 0.33307291666666666 0.4703703703703704 0.025520833333333333 0.044444444444444446
136 0.7325520833333333 0.38657407407407407 0.0703125 0.1175925925925926
196 0.33307291666666666 0.4703703703703704 0.025520833333333333 0.044444444444444446
