37 0.80546875 0.3597222222222222 0.1234375 0.18611111111111112
136 0.6 0.4287037037037037 0.03229166666666667 0.08148148148148149
134 0.61875 0.48564814814814816 0.028125 0.06759259259259259
196 0.7109375 0.5333333333333333 0.030208333333333334 0.1037037037037037
37 0.80546875 0.3597222222222222 0.1234375 0.18611111111111112
136 0.6 0.4287037037037037 0.03229166666666667 0.08148148148148149
134 0.61875 0.48564814814814816 0.028125 0.06759259259259259
196 0.7109375 0.5333333333333333 0.030208333333333334 0.1037037037037037
37 0.80546875 0.3597222222222222 0.1234375 0.18611111111111112
136 0.6 0.4287037037037037 0.03229166666666667 0.08148148148148149
134 0.61875 0.48564814814814816 0.028125 0.06759259259259259
196 0.7109375 0.5333333333333333 0.030208333333333334 0.1037037037037037
37 0.80546875 0.3597222222222222 0.1234375 0.18611111111111112
136 0.6 0.4287037037037037 0.03229166666666667 0.08148148148148149
134 0.61875 0.48564814814814816 0.028125 0.06759259259259259
196 0.7109375 0.5333333333333333 0.030208333333333334 0.1037037037037037
37 0.80546875 0.3597222222222222 0.1234375 0.18611111111111112
136 0.6 0.4287037037037037 0.03229166666666667 0.08148148148148149
134 0.61875 0.48564814814814816 0.028125 0.06759259259259259
196 0.7109375 0.5333333333333333 0.030208333333333334 0.1037037037037037
37 0.80546875 0.3597222222222222 0.1234375 0.18611111111111112
136 0.6 0.4287037037037037 0.03229166666666667 0.08148148148148149
134 0.61875 0.48564814814814816 0.028125 0.06759259259259259
196 0.7109375 0.5333333333333333 0.030208333333333334 0.1037037037037037
