37 0.8557291666666667 0.4162037037037037 0.10416666666666667 0.14722222222222223
196 0.72734375 0.44537037037037036 0.028645833333333332 0.05
196 0.025 0.39490740740740743 0.026041666666666668 0.09351851851851851
37 0.8557291666666667 0.4162037037037037 0.10416666666666667 0.14722222222222223
196 0.72734375 0.44537037037037036 0.028645833333333332 0.05
196 0.025 0.39490740740740743 0.026041666666666668 0.09351851851851851
37 0.8557291666666667 0.4162037037037037 0.10416666666666667 0.14722222222222223
196 0.72734375 0.44537037037037036 0.028645833333333332 0.05
196 0.025 0.39490740740740743 0.026041666666666668 0.09351851851851851
37 0.8557291666666667 0.4162037037037037 0.10416666666666667 0.14722222222222223
196 0.72734375 0.44537037037037036 0.028645833333333332 0.05
196 0.025 0.39490740740740743 0.026041666666666668 0.09351851851851851
37 0.8557291666666667 0.4162037037037037 0.10416666666666667 0.14722222222222223
196 0.72734375 0.44537037037037036 0.028645833333333332 0.05
196 0.025 0.39490740740740743 0.026041666666666668 0.09351851851851851
37 0.8557291666666667 0.4162037037037037 0.10416666666666667 0.14722222222222223
196 0.72734375 0.44537037037037036 0.028645833333333332 0.05
196 0.025 0.39490740740740743 0.026041666666666668 0.09351851851851851
