186 0.3203125 0.7467592592592592 0.041666666666666664 0.21944444444444444
74 0.32265625 0.5712962962962963 0.07447916666666667 0.12962962962962962
186 0.3203125 0.7467592592592592 0.041666666666666664 0.21944444444444444
74 0.32265625 0.5712962962962963 0.07447916666666667 0.12962962962962962
186 0.3203125 0.7467592592592592 0.041666666666666664 0.21944444444444444
74 0.32265625 0.5712962962962963 0.07447916666666667 0.12962962962962962
186 0.3203125 0.7467592592592592 0.041666666666666664 0.21944444444444444
74 0.32265625 0.5712962962962963 0.07447916666666667 0.12962962962962962
186 0.3203125 0.7467592592592592 0.041666666666666664 0.21944444444444444
74 0.32265625 0.5712962962962963 0.07447916666666667 0.12962962962962962
186 0.3203125 0.7467592592592592 0.041666666666666664 0.21944444444444444
74 0.32265625 0.5712962962962963 0.07447916666666667 0.12962962962962962
