69 0.6606770833333333 0.6032407407407407 0.11302083333333333 0.18981481481481483
37 0.66796875 0.4023148148148148 0.1421875 0.2361111111111111
69 0.6606770833333333 0.6032407407407407 0.11302083333333333 0.18981481481481483
37 0.66796875 0.4023148148148148 0.1421875 0.2361111111111111
69 0.6606770833333333 0.6032407407407407 0.11302083333333333 0.18981481481481483
37 0.66796875 0.4023148148148148 0.1421875 0.2361111111111111
69 0.6606770833333333 0.6032407407407407 0.11302083333333333 0.18981481481481483
37 0.66796875 0.4023148148148148 0.1421875 0.2361111111111111
69 0.6606770833333333 0.6032407407407407 0.11302083333333333 0.18981481481481483
37 0.66796875 0.4023148148148148 0.1421875 0.2361111111111111
69 0.6606770833333333 0.6032407407407407 0.11302083333333333 0.18981481481481483
37 0.66796875 0.4023148148148148 0.1421875 0.2361111111111111
