136 0.7919270833333333 0.35694444444444445 0.07760416666666667 0.13425925925925927
155 0.5817708333333333 0.4074074074074074 0.040625 0.03148148148148148
52 0.5822916666666667 0.4425925925925926 0.027083333333333334 0.046296296296296294
32 0.5809895833333333 0.36712962962962964 0.04010416666666667 0.06574074074074074
136 0.7919270833333333 0.35694444444444445 0.07760416666666667 0.13425925925925927
155 0.5817708333333333 0.4074074074074074 0.040625 0.03148148148148148
52 0.5822916666666667 0.4425925925925926 0.027083333333333334 0.046296296296296294
32 0.5809895833333333 0.36712962962962964 0.04010416666666667 0.06574074074074074
136 0.7919270833333333 0.35694444444444445 0.07760416666666667 0.13425925925925927
155 0.5817708333333333 0.4074074074074074 0.040625 0.03148148148148148
52 0.5822916666666667 0.4425925925925926 0.027083333333333334 0.046296296296296294
32 0.5809895833333333 0.36712962962962964 0.04010416666666667 0.06574074074074074
136 0.7919270833333333 0.35694444444444445 0.07760416666666667 0.13425925925925927
155 0.5817708333333333 0.4074074074074074 0.040625 0.03148148148148148
52 0.5822916666666667 0.4425925925925926 0.027083333333333334 0.046296296296296294
32 0.5809895833333333 0.36712962962962964 0.04010416666666667 0.06574074074074074
136 0.7919270833333333 0.35694444444444445 0.07760416666666667 0.13425925925925927
155 0.5817708333333333 0.4074074074074074 0.040625 0.03148148148148148
52 0.5822916666666667 0.4425925925925926 0.027083333333333334 0.046296296296296294
32 0.5809895833333333 0.36712962962962964 0.04010416666666667 0.06574074074074074
136 0.7919270833333333 0.35694444444444445 0.07760416666666667 0.13425925925925927
155 0.5817708333333333 0.4074074074074074 0.040625 0.03148148148148148
52 0.5822916666666667 0.4425925925925926 0.027083333333333334 0.046296296296296294
32 0.5809895833333333 0.36712962962962964 0.04010416666666667 0.06574074074074074
