136 0.8028645833333333 0.4587962962962963 0.0640625 0.10092592592592593
119 0.8052083333333333 0.337037037037037 0.09166666666666666 0.14444444444444443
177 0.7359375 0.4875 0.04479166666666667 0.03981481481481482
136 0.4578125 0.3282407407407407 0.020833333333333332 0.03796296296296296
141 0.7377604166666667 0.43333333333333335 0.04635416666666667 0.07222222222222222
96 0.7783854166666667 0.662962962962963 0.08385416666666666 0.11296296296296296
136 0.8028645833333333 0.4587962962962963 0.0640625 0.10092592592592593
119 0.8052083333333333 0.337037037037037 0.09166666666666666 0.14444444444444443
177 0.7359375 0.4875 0.04479166666666667 0.03981481481481482
136 0.4578125 0.3282407407407407 0.020833333333333332 0.03796296296296296
141 0.7377604166666667 0.43333333333333335 0.04635416666666667 0.07222222222222222
96 0.7783854166666667 0.662962962962963 0.08385416666666666 0.11296296296296296
