196 0.8354166666666667 0.36018518518518516 0.08958333333333333 0.14814814814814814
7 0.30520833333333336 0.46064814814814814 0.01875 0.028703703703703703
196 0.8354166666666667 0.36018518518518516 0.08958333333333333 0.14814814814814814
7 0.30520833333333336 0.46064814814814814 0.01875 0.028703703703703703
196 0.8354166666666667 0.36018518518518516 0.08958333333333333 0.14814814814814814
7 0.30520833333333336 0.46064814814814814 0.01875 0.028703703703703703
196 0.8354166666666667 0.36018518518518516 0.08958333333333333 0.14814814814814814
7 0.30520833333333336 0.46064814814814814 0.01875 0.028703703703703703
196 0.8354166666666667 0.36018518518518516 0.08958333333333333 0.14814814814814814
7 0.30520833333333336 0.46064814814814814 0.01875 0.028703703703703703
196 0.8354166666666667 0.36018518518518516 0.08958333333333333 0.14814814814814814
7 0.30520833333333336 0.46064814814814814 0.01875 0.028703703703703703
