37 0.80390625 0.40324074074074073 0.15677083333333333 0.22314814814814815
197 0.19375 0.39490740740740743 0.04791666666666667 0.08611111111111111
37 0.80390625 0.40324074074074073 0.15677083333333333 0.22314814814814815
197 0.19375 0.39490740740740743 0.04791666666666667 0.08611111111111111
37 0.80390625 0.40324074074074073 0.15677083333333333 0.22314814814814815
197 0.19375 0.39490740740740743 0.04791666666666667 0.08611111111111111
37 0.80390625 0.40324074074074073 0.15677083333333333 0.22314814814814815
197 0.19375 0.39490740740740743 0.04791666666666667 0.08611111111111111
37 0.80390625 0.40324074074074073 0.15677083333333333 0.22314814814814815
197 0.19375 0.39490740740740743 0.04791666666666667 0.08611111111111111
37 0.80390625 0.40324074074074073 0.15677083333333333 0.22314814814814815
197 0.19375 0.39490740740740743 0.04791666666666667 0.08611111111111111
