17 0.83125 0.4009259259259259 0.10833333333333334 0.15555555555555556
59 0.8276041666666667 0.21712962962962962 0.07083333333333333 0.1175925925925926
179 0.82734375 0.30462962962962964 0.07239583333333334 0.06851851851851852
17 0.83125 0.4009259259259259 0.10833333333333334 0.15555555555555556
59 0.8276041666666667 0.21712962962962962 0.07083333333333333 0.1175925925925926
179 0.82734375 0.30462962962962964 0.07239583333333334 0.06851851851851852
17 0.83125 0.4009259259259259 0.10833333333333334 0.15555555555555556
59 0.8276041666666667 0.21712962962962962 0.07083333333333333 0.1175925925925926
179 0.82734375 0.30462962962962964 0.07239583333333334 0.06851851851851852
17 0.83125 0.4009259259259259 0.10833333333333334 0.15555555555555556
59 0.8276041666666667 0.21712962962962962 0.07083333333333333 0.1175925925925926
179 0.82734375 0.30462962962962964 0.07239583333333334 0.06851851851851852
17 0.83125 0.4009259259259259 0.10833333333333334 0.15555555555555556
59 0.8276041666666667 0.21712962962962962 0.07083333333333333 0.1175925925925926
179 0.82734375 0.30462962962962964 0.07239583333333334 0.06851851851851852
17 0.83125 0.4009259259259259 0.10833333333333334 0.15555555555555556
59 0.8276041666666667 0.21712962962962962 0.07083333333333333 0.1175925925925926
179 0.82734375 0.30462962962962964 0.07239583333333334 0.06851851851851852
