59 0.8729166666666667 0.6407407407407407 0.03125 0.08148148148148149
123 0.8796875 0.5703703703703704 0.05 0.07962962962962963
59 0.8729166666666667 0.6407407407407407 0.03125 0.08148148148148149
123 0.8796875 0.5703703703703704 0.05 0.07962962962962963
59 0.8729166666666667 0.6407407407407407 0.03125 0.08148148148148149
123 0.8796875 0.5703703703703704 0.05 0.07962962962962963
59 0.8729166666666667 0.6407407407407407 0.03125 0.08148148148148149
123 0.8796875 0.5703703703703704 0.05 0.07962962962962963
59 0.8729166666666667 0.6407407407407407 0.03125 0.08148148148148149
123 0.8796875 0.5703703703703704 0.05 0.07962962962962963
59 0.8729166666666667 0.6407407407407407 0.03125 0.08148148148148149
123 0.8796875 0.5703703703703704 0.05 0.07962962962962963
