119 0.8200520833333333 0.275 0.09322916666666667 0.15555555555555556
163 0.8171875 0.40324074074074073 0.07083333333333333 0.10833333333333334
196 0.3828125 0.4310185185185185 0.017708333333333333 0.030555555555555555
119 0.8200520833333333 0.275 0.09322916666666667 0.15555555555555556
163 0.8171875 0.40324074074074073 0.07083333333333333 0.10833333333333334
196 0.3828125 0.4310185185185185 0.017708333333333333 0.030555555555555555
119 0.8200520833333333 0.275 0.09322916666666667 0.15555555555555556
163 0.8171875 0.40324074074074073 0.07083333333333333 0.10833333333333334
196 0.3828125 0.4310185185185185 0.017708333333333333 0.030555555555555555
119 0.8200520833333333 0.275 0.09322916666666667 0.15555555555555556
163 0.8171875 0.40324074074074073 0.07083333333333333 0.10833333333333334
196 0.3828125 0.4310185185185185 0.017708333333333333 0.030555555555555555
119 0.8200520833333333 0.275 0.09322916666666667 0.15555555555555556
163 0.8171875 0.40324074074074073 0.07083333333333333 0.10833333333333334
196 0.3828125 0.4310185185185185 0.017708333333333333 0.030555555555555555
119 0.8200520833333333 0.275 0.09322916666666667 0.15555555555555556
163 0.8171875 0.40324074074074073 0.07083333333333333 0.10833333333333334
196 0.3828125 0.4310185185185185 0.017708333333333333 0.030555555555555555
