161 0.7338541666666667 0.32731481481481484 0.075 0.13425925925925927
119 0.73359375 0.1837962962962963 0.1078125 0.18055555555555555
161 0.7338541666666667 0.32731481481481484 0.075 0.13425925925925927
119 0.73359375 0.1837962962962963 0.1078125 0.18055555555555555
161 0.7338541666666667 0.32731481481481484 0.075 0.13425925925925927
119 0.73359375 0.1837962962962963 0.1078125 0.18055555555555555
161 0.7338541666666667 0.32731481481481484 0.075 0.13425925925925927
119 0.73359375 0.1837962962962963 0.1078125 0.18055555555555555
161 0.7338541666666667 0.32731481481481484 0.075 0.13425925925925927
119 0.73359375 0.1837962962962963 0.1078125 0.18055555555555555
161 0.7338541666666667 0.32731481481481484 0.075 0.13425925925925927
119 0.73359375 0.1837962962962963 0.1078125 0.18055555555555555
