196 0.7143229166666667 0.2726851851851852 0.1109375 0.18981481481481483
179 0.02578125 0.5212962962962963 0.0453125 0.037037037037037035
99 0.024739583333333332 0.4652777777777778 0.04739583333333333 0.0712962962962963
196 0.7143229166666667 0.2726851851851852 0.1109375 0.18981481481481483
179 0.02578125 0.5212962962962963 0.0453125 0.037037037037037035
99 0.024739583333333332 0.4652777777777778 0.04739583333333333 0.0712962962962963
196 0.7143229166666667 0.2726851851851852 0.1109375 0.18981481481481483
179 0.02578125 0.5212962962962963 0.0453125 0.037037037037037035
99 0.024739583333333332 0.4652777777777778 0.04739583333333333 0.0712962962962963
196 0.7143229166666667 0.2726851851851852 0.1109375 0.18981481481481483
179 0.02578125 0.5212962962962963 0.0453125 0.037037037037037035
99 0.024739583333333332 0.4652777777777778 0.04739583333333333 0.0712962962962963
196 0.7143229166666667 0.2726851851851852 0.1109375 0.18981481481481483
179 0.02578125 0.5212962962962963 0.0453125 0.037037037037037035
99 0.024739583333333332 0.4652777777777778 0.04739583333333333 0.0712962962962963
196 0.7143229166666667 0.2726851851851852 0.1109375 0.18981481481481483
179 0.02578125 0.5212962962962963 0.0453125 0.037037037037037035
99 0.024739583333333332 0.4652777777777778 0.04739583333333333 0.0712962962962963
