196 0.11067708333333333 0.42453703703703705 0.07864583333333333 0.11574074074074074
81 0.8890625 0.7819444444444444 0.09791666666666667 0.15462962962962962
196 0.11067708333333333 0.42453703703703705 0.07864583333333333 0.11574074074074074
81 0.8890625 0.7819444444444444 0.09791666666666667 0.15462962962962962
196 0.11067708333333333 0.42453703703703705 0.07864583333333333 0.11574074074074074
81 0.8890625 0.7819444444444444 0.09791666666666667 0.15462962962962962
196 0.11067708333333333 0.42453703703703705 0.07864583333333333 0.11574074074074074
81 0.8890625 0.7819444444444444 0.09791666666666667 0.15462962962962962
196 0.11067708333333333 0.42453703703703705 0.07864583333333333 0.11574074074074074
81 0.8890625 0.7819444444444444 0.09791666666666667 0.15462962962962962
196 0.11067708333333333 0.42453703703703705 0.07864583333333333 0.11574074074074074
81 0.8890625 0.7819444444444444 0.09791666666666667 0.15462962962962962
