177 0.6549479166666666 0.4597222222222222 0.09427083333333333 0.08981481481481482
141 0.6549479166666666 0.33796296296296297 0.09635416666666667 0.17222222222222222
177 0.6549479166666666 0.4597222222222222 0.09427083333333333 0.08981481481481482
141 0.6549479166666666 0.33796296296296297 0.09635416666666667 0.17222222222222222
177 0.6549479166666666 0.4597222222222222 0.09427083333333333 0.08981481481481482
141 0.6549479166666666 0.33796296296296297 0.09635416666666667 0.17222222222222222
177 0.6549479166666666 0.4597222222222222 0.09427083333333333 0.08981481481481482
141 0.6549479166666666 0.33796296296296297 0.09635416666666667 0.17222222222222222
177 0.6549479166666666 0.4597222222222222 0.09427083333333333 0.08981481481481482
141 0.6549479166666666 0.33796296296296297 0.09635416666666667 0.17222222222222222
177 0.6549479166666666 0.4597222222222222 0.09427083333333333 0.08981481481481482
141 0.6549479166666666 0.33796296296296297 0.09635416666666667 0.17222222222222222
