43 0.7744791666666667 0.3282407407407407 0.10520833333333333 0.17685185185185184
196 0.4473958333333333 0.38425925925925924 0.042708333333333334 0.07777777777777778
43 0.7744791666666667 0.3282407407407407 0.10520833333333333 0.17685185185185184
196 0.4473958333333333 0.38425925925925924 0.042708333333333334 0.07777777777777778
43 0.7744791666666667 0.3282407407407407 0.10520833333333333 0.17685185185185184
196 0.4473958333333333 0.38425925925925924 0.042708333333333334 0.07777777777777778
43 0.7744791666666667 0.3282407407407407 0.10520833333333333 0.17685185185185184
196 0.4473958333333333 0.38425925925925924 0.042708333333333334 0.07777777777777778
43 0.7744791666666667 0.3282407407407407 0.10520833333333333 0.17685185185185184
196 0.4473958333333333 0.38425925925925924 0.042708333333333334 0.07777777777777778
43 0.7744791666666667 0.3282407407407407 0.10520833333333333 0.17685185185185184
196 0.4473958333333333 0.38425925925925924 0.042708333333333334 0.07777777777777778
