179 0.73046875 0.5680555555555555 0.08489583333333334 0.0787037037037037
2 0.7328125 0.4388888888888889 0.12708333333333333 0.18888888888888888
179 0.73046875 0.5680555555555555 0.08489583333333334 0.0787037037037037
2 0.7328125 0.4388888888888889 0.12708333333333333 0.18888888888888888
179 0.73046875 0.5680555555555555 0.08489583333333334 0.0787037037037037
2 0.7328125 0.4388888888888889 0.12708333333333333 0.18888888888888888
179 0.73046875 0.5680555555555555 0.08489583333333334 0.0787037037037037
2 0.7328125 0.4388888888888889 0.12708333333333333 0.18888888888888888
179 0.73046875 0.5680555555555555 0.08489583333333334 0.0787037037037037
2 0.7328125 0.4388888888888889 0.12708333333333333 0.18888888888888888
179 0.73046875 0.5680555555555555 0.08489583333333334 0.0787037037037037
2 0.7328125 0.4388888888888889 0.12708333333333333 0.18888888888888888
