179 0.8208333333333333 0.4791666666666667 0.08854166666666667 0.10092592592592593
59 0.8276041666666667 0.36435185185185187 0.08125 0.1361111111111111
179 0.8208333333333333 0.4791666666666667 0.08854166666666667 0.10092592592592593
59 0.8276041666666667 0.36435185185185187 0.08125 0.1361111111111111
179 0.8208333333333333 0.4791666666666667 0.08854166666666667 0.10092592592592593
59 0.8276041666666667 0.36435185185185187 0.08125 0.1361111111111111
179 0.8208333333333333 0.4791666666666667 0.08854166666666667 0.10092592592592593
59 0.8276041666666667 0.36435185185185187 0.08125 0.1361111111111111
179 0.8208333333333333 0.4791666666666667 0.08854166666666667 0.10092592592592593
59 0.8276041666666667 0.36435185185185187 0.08125 0.1361111111111111
179 0.8208333333333333 0.4791666666666667 0.08854166666666667 0.10092592592592593
59 0.8276041666666667 0.36435185185185187 0.08125 0.1361111111111111
