179 0.7317708333333334 0.42685185185185187 0.07604166666666666 0.06296296296296296
15 0.73203125 0.3194444444444444 0.11302083333333333 0.17222222222222222
179 0.7317708333333334 0.42685185185185187 0.07604166666666666 0.06296296296296296
15 0.73203125 0.3194444444444444 0.11302083333333333 0.17222222222222222
179 0.7317708333333334 0.42685185185185187 0.07604166666666666 0.06296296296296296
15 0.73203125 0.3194444444444444 0.11302083333333333 0.17222222222222222
179 0.7317708333333334 0.42685185185185187 0.07604166666666666 0.06296296296296296
15 0.73203125 0.3194444444444444 0.11302083333333333 0.17222222222222222
179 0.7317708333333334 0.42685185185185187 0.07604166666666666 0.06296296296296296
15 0.73203125 0.3194444444444444 0.11302083333333333 0.17222222222222222
179 0.7317708333333334 0.42685185185185187 0.07604166666666666 0.06296296296296296
15 0.73203125 0.3194444444444444 0.11302083333333333 0.17222222222222222
