148 0.7276041666666667 0.42407407407407405 0.10520833333333333 0.03888888888888889
59 0.08880208333333334 0.49027777777777776 0.016145833333333335 0.04537037037037037
142 0.6322916666666667 0.43425925925925923 0.04583333333333333 0.08148148148148149
148 0.7276041666666667 0.42407407407407405 0.10520833333333333 0.03888888888888889
59 0.08880208333333334 0.49027777777777776 0.016145833333333335 0.04537037037037037
142 0.6322916666666667 0.43425925925925923 0.04583333333333333 0.08148148148148149
148 0.7276041666666667 0.42407407407407405 0.10520833333333333 0.03888888888888889
59 0.08880208333333334 0.49027777777777776 0.016145833333333335 0.04537037037037037
142 0.6322916666666667 0.43425925925925923 0.04583333333333333 0.08148148148148149
148 0.7276041666666667 0.42407407407407405 0.10520833333333333 0.03888888888888889
59 0.08880208333333334 0.49027777777777776 0.016145833333333335 0.04537037037037037
142 0.6322916666666667 0.43425925925925923 0.04583333333333333 0.08148148148148149
148 0.7276041666666667 0.42407407407407405 0.10520833333333333 0.03888888888888889
59 0.08880208333333334 0.49027777777777776 0.016145833333333335 0.04537037037037037
142 0.6322916666666667 0.43425925925925923 0.04583333333333333 0.08148148148148149
148 0.7276041666666667 0.42407407407407405 0.10520833333333333 0.03888888888888889
59 0.08880208333333334 0.49027777777777776 0.016145833333333335 0.04537037037037037
142 0.6322916666666667 0.43425925925925923 0.04583333333333333 0.08148148148148149
