197 0.14296875 0.49027777777777776 0.034895833333333334 0.08796296296296297
197 0.12942708333333333 0.3851851851851852 0.0734375 0.1111111111111111
197 0.14296875 0.49027777777777776 0.034895833333333334 0.08796296296296297
197 0.12942708333333333 0.3851851851851852 0.0734375 0.1111111111111111
197 0.14296875 0.49027777777777776 0.034895833333333334 0.08796296296296297
197 0.12942708333333333 0.3851851851851852 0.0734375 0.1111111111111111
197 0.14296875 0.49027777777777776 0.034895833333333334 0.08796296296296297
197 0.12942708333333333 0.3851851851851852 0.0734375 0.1111111111111111
197 0.14296875 0.49027777777777776 0.034895833333333334 0.08796296296296297
197 0.12942708333333333 0.3851851851851852 0.0734375 0.1111111111111111
197 0.14296875 0.49027777777777776 0.034895833333333334 0.08796296296296297
197 0.12942708333333333 0.3851851851851852 0.0734375 0.1111111111111111
