45 0.7653645833333333 0.6768518518518518 0.0859375 0.14814814814814814
32 0.7791666666666667 0.5421296296296296 0.12604166666666666 0.21388888888888888
45 0.7653645833333333 0.6768518518518518 0.0859375 0.14814814814814814
32 0.7791666666666667 0.5421296296296296 0.12604166666666666 0.21388888888888888
45 0.7653645833333333 0.6768518518518518 0.0859375 0.14814814814814814
32 0.7791666666666667 0.5421296296296296 0.12604166666666666 0.21388888888888888
45 0.7653645833333333 0.6768518518518518 0.0859375 0.14814814814814814
32 0.7791666666666667 0.5421296296296296 0.12604166666666666 0.21388888888888888
45 0.7653645833333333 0.6768518518518518 0.0859375 0.14814814814814814
32 0.7791666666666667 0.5421296296296296 0.12604166666666666 0.21388888888888888
45 0.7653645833333333 0.6768518518518518 0.0859375 0.14814814814814814
32 0.7791666666666667 0.5421296296296296 0.12604166666666666 0.21388888888888888
