149 0.74609375 0.5319444444444444 0.14114583333333333 0.049074074074074076
149 0.7473958333333334 0.4837962962962963 0.140625 0.04537037037037037
136 0.3 0.4648148148148148 0.015625 0.027777777777777776
2 0.55625 0.4689814814814815 0.01875 0.028703703703703703
149 0.74609375 0.5319444444444444 0.14114583333333333 0.049074074074074076
149 0.7473958333333334 0.4837962962962963 0.140625 0.04537037037037037
136 0.3 0.4648148148148148 0.015625 0.027777777777777776
2 0.55625 0.4689814814814815 0.01875 0.028703703703703703
149 0.74609375 0.5319444444444444 0.14114583333333333 0.049074074074074076
149 0.7473958333333334 0.4837962962962963 0.140625 0.04537037037037037
136 0.3 0.4648148148148148 0.015625 0.027777777777777776
2 0.55625 0.4689814814814815 0.01875 0.028703703703703703
149 0.74609375 0.5319444444444444 0.14114583333333333 0.049074074074074076
149 0.7473958333333334 0.4837962962962963 0.140625 0.04537037037037037
136 0.3 0.4648148148148148 0.015625 0.027777777777777776
2 0.55625 0.4689814814814815 0.01875 0.028703703703703703
149 0.74609375 0.5319444444444444 0.14114583333333333 0.049074074074074076
149 0.7473958333333334 0.4837962962962963 0.140625 0.04537037037037037
136 0.3 0.4648148148148148 0.015625 0.027777777777777776
2 0.55625 0.4689814814814815 0.01875 0.028703703703703703
149 0.74609375 0.5319444444444444 0.14114583333333333 0.049074074074074076
149 0.7473958333333334 0.4837962962962963 0.140625 0.04537037037037037
136 0.3 0.4648148148148148 0.015625 0.027777777777777776
2 0.55625 0.4689814814814815 0.01875 0.028703703703703703
