59 0.8166666666666667 0.44074074074074077 0.075 0.11481481481481481
53 0.8213541666666667 0.3226851851851852 0.078125 0.12314814814814815
2 0.86171875 0.4777777777777778 0.016145833333333335 0.027777777777777776
59 0.8166666666666667 0.44074074074074077 0.075 0.11481481481481481
53 0.8213541666666667 0.3226851851851852 0.078125 0.12314814814814815
2 0.86171875 0.4777777777777778 0.016145833333333335 0.027777777777777776
59 0.8166666666666667 0.44074074074074077 0.075 0.11481481481481481
53 0.8213541666666667 0.3226851851851852 0.078125 0.12314814814814815
2 0.86171875 0.4777777777777778 0.016145833333333335 0.027777777777777776
59 0.8166666666666667 0.44074074074074077 0.075 0.11481481481481481
53 0.8213541666666667 0.3226851851851852 0.078125 0.12314814814814815
2 0.86171875 0.4777777777777778 0.016145833333333335 0.027777777777777776
59 0.8166666666666667 0.44074074074074077 0.075 0.11481481481481481
53 0.8213541666666667 0.3226851851851852 0.078125 0.12314814814814815
2 0.86171875 0.4777777777777778 0.016145833333333335 0.027777777777777776
59 0.8166666666666667 0.44074074074074077 0.075 0.11481481481481481
53 0.8213541666666667 0.3226851851851852 0.078125 0.12314814814814815
2 0.86171875 0.4777777777777778 0.016145833333333335 0.027777777777777776
