134 0.8130208333333333 0.4842592592592593 0.06770833333333333 0.11666666666666667
119 0.50234375 0.44722222222222224 0.0203125 0.037037037037037035
134 0.8130208333333333 0.4842592592592593 0.06770833333333333 0.11666666666666667
119 0.50234375 0.44722222222222224 0.0203125 0.037037037037037035
134 0.8130208333333333 0.4842592592592593 0.06770833333333333 0.11666666666666667
119 0.50234375 0.44722222222222224 0.0203125 0.037037037037037035
134 0.8130208333333333 0.4842592592592593 0.06770833333333333 0.11666666666666667
119 0.50234375 0.44722222222222224 0.0203125 0.037037037037037035
134 0.8130208333333333 0.4842592592592593 0.06770833333333333 0.11666666666666667
119 0.50234375 0.44722222222222224 0.0203125 0.037037037037037035
134 0.8130208333333333 0.4842592592592593 0.06770833333333333 0.11666666666666667
119 0.50234375 0.44722222222222224 0.0203125 0.037037037037037035
