192 0.31744791666666666 0.41203703703703703 0.10885416666666667 0.04814814814814815
192 0.31744791666666666 0.3731481481481482 0.10885416666666667 0.05185185185185185
83 0.012760416666666666 0.5583333333333333 0.025520833333333333 0.040740740740740744
192 0.31744791666666666 0.41203703703703703 0.10885416666666667 0.04814814814814815
192 0.31744791666666666 0.3731481481481482 0.10885416666666667 0.05185185185185185
83 0.012760416666666666 0.5583333333333333 0.025520833333333333 0.040740740740740744
192 0.31744791666666666 0.41203703703703703 0.10885416666666667 0.04814814814814815
192 0.31744791666666666 0.3731481481481482 0.10885416666666667 0.05185185185185185
83 0.012760416666666666 0.5583333333333333 0.025520833333333333 0.040740740740740744
192 0.31744791666666666 0.41203703703703703 0.10885416666666667 0.04814814814814815
192 0.31744791666666666 0.3731481481481482 0.10885416666666667 0.05185185185185185
83 0.012760416666666666 0.5583333333333333 0.025520833333333333 0.040740740740740744
192 0.31744791666666666 0.41203703703703703 0.10885416666666667 0.04814814814814815
192 0.31744791666666666 0.3731481481481482 0.10885416666666667 0.05185185185185185
83 0.012760416666666666 0.5583333333333333 0.025520833333333333 0.040740740740740744
192 0.31744791666666666 0.41203703703703703 0.10885416666666667 0.04814814814814815
192 0.31744791666666666 0.3731481481481482 0.10885416666666667 0.05185185185185185
83 0.012760416666666666 0.5583333333333333 0.025520833333333333 0.040740740740740744
