43 0.76640625 0.30925925925925923 0.07552083333333333 0.12222222222222222
196 0.13697916666666668 0.412962962962963 0.05416666666666667 0.07407407407407407
136 0.7276041666666667 0.2962962962962963 0.019791666666666666 0.037037037037037035
43 0.76640625 0.30925925925925923 0.07552083333333333 0.12222222222222222
196 0.13697916666666668 0.412962962962963 0.05416666666666667 0.07407407407407407
136 0.7276041666666667 0.2962962962962963 0.019791666666666666 0.037037037037037035
43 0.76640625 0.30925925925925923 0.07552083333333333 0.12222222222222222
196 0.13697916666666668 0.412962962962963 0.05416666666666667 0.07407407407407407
136 0.7276041666666667 0.2962962962962963 0.019791666666666666 0.037037037037037035
43 0.76640625 0.30925925925925923 0.07552083333333333 0.12222222222222222
196 0.13697916666666668 0.412962962962963 0.05416666666666667 0.07407407407407407
136 0.7276041666666667 0.2962962962962963 0.019791666666666666 0.037037037037037035
43 0.76640625 0.30925925925925923 0.07552083333333333 0.12222222222222222
196 0.13697916666666668 0.412962962962963 0.05416666666666667 0.07407407407407407
136 0.7276041666666667 0.2962962962962963 0.019791666666666666 0.037037037037037035
43 0.76640625 0.30925925925925923 0.07552083333333333 0.12222222222222222
196 0.13697916666666668 0.412962962962963 0.05416666666666667 0.07407407407407407
136 0.7276041666666667 0.2962962962962963 0.019791666666666666 0.037037037037037035
