176 0.8377604166666667 0.5425925925925926 0.0671875 0.06296296296296296
133 0.8395833333333333 0.45694444444444443 0.06770833333333333 0.11574074074074074
74 0.3963541666666667 0.5185185185185185 0.022916666666666665 0.040740740740740744
176 0.8377604166666667 0.5425925925925926 0.0671875 0.06296296296296296
133 0.8395833333333333 0.45694444444444443 0.06770833333333333 0.11574074074074074
74 0.3963541666666667 0.5185185185185185 0.022916666666666665 0.040740740740740744
176 0.8377604166666667 0.5425925925925926 0.0671875 0.06296296296296296
133 0.8395833333333333 0.45694444444444443 0.06770833333333333 0.11574074074074074
74 0.3963541666666667 0.5185185185185185 0.022916666666666665 0.040740740740740744
176 0.8377604166666667 0.5425925925925926 0.0671875 0.06296296296296296
133 0.8395833333333333 0.45694444444444443 0.06770833333333333 0.11574074074074074
74 0.3963541666666667 0.5185185185185185 0.022916666666666665 0.040740740740740744
176 0.8377604166666667 0.5425925925925926 0.0671875 0.06296296296296296
133 0.8395833333333333 0.45694444444444443 0.06770833333333333 0.11574074074074074
74 0.3963541666666667 0.5185185185185185 0.022916666666666665 0.040740740740740744
176 0.8377604166666667 0.5425925925925926 0.0671875 0.06296296296296296
133 0.8395833333333333 0.45694444444444443 0.06770833333333333 0.11574074074074074
74 0.3963541666666667 0.5185185185185185 0.022916666666666665 0.040740740740740744
