61 0.8177083333333334 0.4388888888888889 0.08333333333333333 0.13148148148148148
53 0.6841145833333333 0.41203703703703703 0.0265625 0.05185185185185185
46 0.6841145833333333 0.46574074074074073 0.027604166666666666 0.053703703703703705
179 0.6854166666666667 0.5050925925925925 0.028125 0.028703703703703703
61 0.8177083333333334 0.4388888888888889 0.08333333333333333 0.13148148148148148
53 0.6841145833333333 0.41203703703703703 0.0265625 0.05185185185185185
46 0.6841145833333333 0.46574074074074073 0.027604166666666666 0.053703703703703705
179 0.6854166666666667 0.5050925925925925 0.028125 0.028703703703703703
61 0.8177083333333334 0.4388888888888889 0.08333333333333333 0.13148148148148148
53 0.6841145833333333 0.41203703703703703 0.0265625 0.05185185185185185
46 0.6841145833333333 0.46574074074074073 0.027604166666666666 0.053703703703703705
179 0.6854166666666667 0.5050925925925925 0.028125 0.028703703703703703
61 0.8177083333333334 0.4388888888888889 0.08333333333333333 0.13148148148148148
53 0.6841145833333333 0.41203703703703703 0.0265625 0.05185185185185185
46 0.6841145833333333 0.46574074074074073 0.027604166666666666 0.053703703703703705
179 0.6854166666666667 0.5050925925925925 0.028125 0.028703703703703703
61 0.8177083333333334 0.4388888888888889 0.08333333333333333 0.13148148148148148
53 0.6841145833333333 0.41203703703703703 0.0265625 0.05185185185185185
46 0.6841145833333333 0.46574074074074073 0.027604166666666666 0.053703703703703705
179 0.6854166666666667 0.5050925925925925 0.028125 0.028703703703703703
61 0.8177083333333334 0.4388888888888889 0.08333333333333333 0.13148148148148148
53 0.6841145833333333 0.41203703703703703 0.0265625 0.05185185185185185
46 0.6841145833333333 0.46574074074074073 0.027604166666666666 0.053703703703703705
179 0.6854166666666667 0.5050925925925925 0.028125 0.028703703703703703
