136 0.38359375 0.1527777777777778 0.04635416666666667 0.07962962962962963
117 0.5536458333333333 0.49166666666666664 0.01875 0.03333333333333333
136 0.8046875 0.4263888888888889 0.05625 0.08981481481481482
2 0.5533854166666666 0.4537037037037037 0.027604166666666666 0.04259259259259259
196 0.6317708333333333 0.4300925925925926 0.036458333333333336 0.06388888888888888
136 0.38359375 0.1527777777777778 0.04635416666666667 0.07962962962962963
117 0.5536458333333333 0.49166666666666664 0.01875 0.03333333333333333
136 0.8046875 0.4263888888888889 0.05625 0.08981481481481482
2 0.5533854166666666 0.4537037037037037 0.027604166666666666 0.04259259259259259
196 0.6317708333333333 0.4300925925925926 0.036458333333333336 0.06388888888888888
