60 0.8546875 0.4166666666666667 0.07604166666666666 0.11666666666666667
173 0.85390625 0.5009259259259259 0.07552083333333333 0.05
60 0.8546875 0.4166666666666667 0.07604166666666666 0.11666666666666667
173 0.85390625 0.5009259259259259 0.07552083333333333 0.05
60 0.8546875 0.4166666666666667 0.07604166666666666 0.11666666666666667
173 0.85390625 0.5009259259259259 0.07552083333333333 0.05
60 0.8546875 0.4166666666666667 0.07604166666666666 0.11666666666666667
173 0.85390625 0.5009259259259259 0.07552083333333333 0.05
60 0.8546875 0.4166666666666667 0.07604166666666666 0.11666666666666667
173 0.85390625 0.5009259259259259 0.07552083333333333 0.05
60 0.8546875 0.4166666666666667 0.07604166666666666 0.11666666666666667
173 0.85390625 0.5009259259259259 0.07552083333333333 0.05
