196 0.12630208333333334 0.39166666666666666 0.06927083333333334 0.09074074074074075
62 0.14192708333333334 0.4699074074074074 0.022395833333333334 0.062037037037037036
120 0.678125 0.4486111111111111 0.022916666666666665 0.03981481481481482
196 0.12630208333333334 0.39166666666666666 0.06927083333333334 0.09074074074074075
62 0.14192708333333334 0.4699074074074074 0.022395833333333334 0.062037037037037036
120 0.678125 0.4486111111111111 0.022916666666666665 0.03981481481481482
196 0.12630208333333334 0.39166666666666666 0.06927083333333334 0.09074074074074075
62 0.14192708333333334 0.4699074074074074 0.022395833333333334 0.062037037037037036
120 0.678125 0.4486111111111111 0.022916666666666665 0.03981481481481482
196 0.12630208333333334 0.39166666666666666 0.06927083333333334 0.09074074074074075
62 0.14192708333333334 0.4699074074074074 0.022395833333333334 0.062037037037037036
120 0.678125 0.4486111111111111 0.022916666666666665 0.03981481481481482
196 0.12630208333333334 0.39166666666666666 0.06927083333333334 0.09074074074074075
62 0.14192708333333334 0.4699074074074074 0.022395833333333334 0.062037037037037036
120 0.678125 0.4486111111111111 0.022916666666666665 0.03981481481481482
196 0.12630208333333334 0.39166666666666666 0.06927083333333334 0.09074074074074075
62 0.14192708333333334 0.4699074074074074 0.022395833333333334 0.062037037037037036
120 0.678125 0.4486111111111111 0.022916666666666665 0.03981481481481482
