136 0.8466145833333333 0.41388888888888886 0.06510416666666667 0.1037037037037037
2 0.55625 0.45231481481481484 0.028125 0.04351851851851852
196 0.640625 0.42453703703703705 0.03958333333333333 0.06944444444444445
136 0.37526041666666665 0.13055555555555556 0.0515625 0.09444444444444444
117 0.5565104166666667 0.4898148148148148 0.0203125 0.03518518518518519
136 0.8466145833333333 0.41388888888888886 0.06510416666666667 0.1037037037037037
2 0.55625 0.45231481481481484 0.028125 0.04351851851851852
196 0.640625 0.42453703703703705 0.03958333333333333 0.06944444444444445
136 0.37526041666666665 0.13055555555555556 0.0515625 0.09444444444444444
117 0.5565104166666667 0.4898148148148148 0.0203125 0.03518518518518519
136 0.8466145833333333 0.41388888888888886 0.06510416666666667 0.1037037037037037
2 0.55625 0.45231481481481484 0.028125 0.04351851851851852
196 0.640625 0.42453703703703705 0.03958333333333333 0.06944444444444445
136 0.37526041666666665 0.13055555555555556 0.0515625 0.09444444444444444
117 0.5565104166666667 0.4898148148148148 0.0203125 0.03518518518518519
136 0.8466145833333333 0.41388888888888886 0.06510416666666667 0.1037037037037037
2 0.55625 0.45231481481481484 0.028125 0.04351851851851852
196 0.640625 0.42453703703703705 0.03958333333333333 0.06944444444444445
136 0.37526041666666665 0.13055555555555556 0.0515625 0.09444444444444444
117 0.5565104166666667 0.4898148148148148 0.0203125 0.03518518518518519
136 0.8466145833333333 0.41388888888888886 0.06510416666666667 0.1037037037037037
2 0.55625 0.45231481481481484 0.028125 0.04351851851851852
196 0.640625 0.42453703703703705 0.03958333333333333 0.06944444444444445
136 0.37526041666666665 0.13055555555555556 0.0515625 0.09444444444444444
117 0.5565104166666667 0.4898148148148148 0.0203125 0.03518518518518519
136 0.8466145833333333 0.41388888888888886 0.06510416666666667 0.1037037037037037
2 0.55625 0.45231481481481484 0.028125 0.04351851851851852
196 0.640625 0.42453703703703705 0.03958333333333333 0.06944444444444445
136 0.37526041666666665 0.13055555555555556 0.0515625 0.09444444444444444
117 0.5565104166666667 0.4898148148148148 0.0203125 0.03518518518518519
