43 0.78203125 0.44537037037037036 0.10572916666666667 0.1685185185185185
196 0.5903645833333333 0.4148148148148148 0.05364583333333333 0.08703703703703704
43 0.78203125 0.44537037037037036 0.10572916666666667 0.1685185185185185
196 0.5903645833333333 0.4148148148148148 0.05364583333333333 0.08703703703703704
43 0.78203125 0.44537037037037036 0.10572916666666667 0.1685185185185185
196 0.5903645833333333 0.4148148148148148 0.05364583333333333 0.08703703703703704
43 0.78203125 0.44537037037037036 0.10572916666666667 0.1685185185185185
196 0.5903645833333333 0.4148148148148148 0.05364583333333333 0.08703703703703704
43 0.78203125 0.44537037037037036 0.10572916666666667 0.1685185185185185
196 0.5903645833333333 0.4148148148148148 0.05364583333333333 0.08703703703703704
43 0.78203125 0.44537037037037036 0.10572916666666667 0.1685185185185185
196 0.5903645833333333 0.4148148148148148 0.05364583333333333 0.08703703703703704
