6 0.8041666666666667 0.412962962962963 0.08541666666666667 0.11851851851851852
16 0.80390625 0.3037037037037037 0.08802083333333334 0.12037037037037036
6 0.8041666666666667 0.412962962962963 0.08541666666666667 0.11851851851851852
16 0.80390625 0.3037037037037037 0.08802083333333334 0.12037037037037036
6 0.8041666666666667 0.412962962962963 0.08541666666666667 0.11851851851851852
16 0.80390625 0.3037037037037037 0.08802083333333334 0.12037037037037036
6 0.8041666666666667 0.412962962962963 0.08541666666666667 0.11851851851851852
16 0.80390625 0.3037037037037037 0.08802083333333334 0.12037037037037036
6 0.8041666666666667 0.412962962962963 0.08541666666666667 0.11851851851851852
16 0.80390625 0.3037037037037037 0.08802083333333334 0.12037037037037036
6 0.8041666666666667 0.412962962962963 0.08541666666666667 0.11851851851851852
16 0.80390625 0.3037037037037037 0.08802083333333334 0.12037037037037036
