50 0.17421875 0.5009259259259259 0.0484375 0.09074074074074075
179 0.178125 0.5717592592592593 0.046875 0.049074074074074076
50 0.17421875 0.5009259259259259 0.0484375 0.09074074074074075
179 0.178125 0.5717592592592593 0.046875 0.049074074074074076
50 0.17421875 0.5009259259259259 0.0484375 0.09074074074074075
179 0.178125 0.5717592592592593 0.046875 0.049074074074074076
50 0.17421875 0.5009259259259259 0.0484375 0.09074074074074075
179 0.178125 0.5717592592592593 0.046875 0.049074074074074076
50 0.17421875 0.5009259259259259 0.0484375 0.09074074074074075
179 0.178125 0.5717592592592593 0.046875 0.049074074074074076
50 0.17421875 0.5009259259259259 0.0484375 0.09074074074074075
179 0.178125 0.5717592592592593 0.046875 0.049074074074074076
