120 0.80859375 0.34814814814814815 0.10260416666666666 0.15925925925925927
37 0.8184895833333333 0.1763888888888889 0.15052083333333333 0.2212962962962963
120 0.80859375 0.34814814814814815 0.10260416666666666 0.15925925925925927
37 0.8184895833333333 0.1763888888888889 0.15052083333333333 0.2212962962962963
120 0.80859375 0.34814814814814815 0.10260416666666666 0.15925925925925927
37 0.8184895833333333 0.1763888888888889 0.15052083333333333 0.2212962962962963
120 0.80859375 0.34814814814814815 0.10260416666666666 0.15925925925925927
37 0.8184895833333333 0.1763888888888889 0.15052083333333333 0.2212962962962963
120 0.80859375 0.34814814814814815 0.10260416666666666 0.15925925925925927
37 0.8184895833333333 0.1763888888888889 0.15052083333333333 0.2212962962962963
120 0.80859375 0.34814814814814815 0.10260416666666666 0.15925925925925927
37 0.8184895833333333 0.1763888888888889 0.15052083333333333 0.2212962962962963
