168 0.80703125 0.3638888888888889 0.09322916666666667 0.15925925925925927
37 0.8083333333333333 0.2 0.13645833333333332 0.2111111111111111
168 0.80703125 0.3638888888888889 0.09322916666666667 0.15925925925925927
37 0.8083333333333333 0.2 0.13645833333333332 0.2111111111111111
168 0.80703125 0.3638888888888889 0.09322916666666667 0.15925925925925927
37 0.8083333333333333 0.2 0.13645833333333332 0.2111111111111111
168 0.80703125 0.3638888888888889 0.09322916666666667 0.15925925925925927
37 0.8083333333333333 0.2 0.13645833333333332 0.2111111111111111
168 0.80703125 0.3638888888888889 0.09322916666666667 0.15925925925925927
37 0.8083333333333333 0.2 0.13645833333333332 0.2111111111111111
168 0.80703125 0.3638888888888889 0.09322916666666667 0.15925925925925927
37 0.8083333333333333 0.2 0.13645833333333332 0.2111111111111111
