43 0.8390625 0.43796296296296294 0.05625 0.08888888888888889
90 0.9567708333333333 0.5662037037037037 0.027083333333333334 0.058333333333333334
43 0.8390625 0.43796296296296294 0.05625 0.08888888888888889
90 0.9567708333333333 0.5662037037037037 0.027083333333333334 0.058333333333333334
43 0.8390625 0.43796296296296294 0.05625 0.08888888888888889
90 0.9567708333333333 0.5662037037037037 0.027083333333333334 0.058333333333333334
43 0.8390625 0.43796296296296294 0.05625 0.08888888888888889
90 0.9567708333333333 0.5662037037037037 0.027083333333333334 0.058333333333333334
43 0.8390625 0.43796296296296294 0.05625 0.08888888888888889
90 0.9567708333333333 0.5662037037037037 0.027083333333333334 0.058333333333333334
43 0.8390625 0.43796296296296294 0.05625 0.08888888888888889
90 0.9567708333333333 0.5662037037037037 0.027083333333333334 0.058333333333333334
