2 0.7270833333333333 0.24722222222222223 0.146875 0.22777777777777777
118 0.7270833333333333 0.4305555555555556 0.10104166666666667 0.17222222222222222
2 0.7270833333333333 0.24722222222222223 0.146875 0.22777777777777777
118 0.7270833333333333 0.4305555555555556 0.10104166666666667 0.17222222222222222
2 0.7270833333333333 0.24722222222222223 0.146875 0.22777777777777777
118 0.7270833333333333 0.4305555555555556 0.10104166666666667 0.17222222222222222
2 0.7270833333333333 0.24722222222222223 0.146875 0.22777777777777777
118 0.7270833333333333 0.4305555555555556 0.10104166666666667 0.17222222222222222
2 0.7270833333333333 0.24722222222222223 0.146875 0.22777777777777777
118 0.7270833333333333 0.4305555555555556 0.10104166666666667 0.17222222222222222
2 0.7270833333333333 0.24722222222222223 0.146875 0.22777777777777777
118 0.7270833333333333 0.4305555555555556 0.10104166666666667 0.17222222222222222
