188 0.13411458333333334 0.42824074074074076 0.1015625 0.03981481481481482
43 0.7630208333333334 0.46574074074074073 0.016666666666666666 0.053703703703703705
188 0.13411458333333334 0.42824074074074076 0.1015625 0.03981481481481482
43 0.7630208333333334 0.46574074074074073 0.016666666666666666 0.053703703703703705
188 0.13411458333333334 0.42824074074074076 0.1015625 0.03981481481481482
43 0.7630208333333334 0.46574074074074073 0.016666666666666666 0.053703703703703705
188 0.13411458333333334 0.42824074074074076 0.1015625 0.03981481481481482
43 0.7630208333333334 0.46574074074074073 0.016666666666666666 0.053703703703703705
188 0.13411458333333334 0.42824074074074076 0.1015625 0.03981481481481482
43 0.7630208333333334 0.46574074074074073 0.016666666666666666 0.053703703703703705
188 0.13411458333333334 0.42824074074074076 0.1015625 0.03981481481481482
43 0.7630208333333334 0.46574074074074073 0.016666666666666666 0.053703703703703705
