78 0.8005208333333333 0.44027777777777777 0.05520833333333333 0.11018518518518519
62 0.16041666666666668 0.4986111111111111 0.027083333333333334 0.05648148148148148
136 0.5830729166666667 0.4689814814814815 0.030729166666666665 0.05462962962962963
78 0.8005208333333333 0.44027777777777777 0.05520833333333333 0.11018518518518519
62 0.16041666666666668 0.4986111111111111 0.027083333333333334 0.05648148148148148
136 0.5830729166666667 0.4689814814814815 0.030729166666666665 0.05462962962962963
78 0.8005208333333333 0.44027777777777777 0.05520833333333333 0.11018518518518519
62 0.16041666666666668 0.4986111111111111 0.027083333333333334 0.05648148148148148
136 0.5830729166666667 0.4689814814814815 0.030729166666666665 0.05462962962962963
78 0.8005208333333333 0.44027777777777777 0.05520833333333333 0.11018518518518519
62 0.16041666666666668 0.4986111111111111 0.027083333333333334 0.05648148148148148
136 0.5830729166666667 0.4689814814814815 0.030729166666666665 0.05462962962962963
78 0.8005208333333333 0.44027777777777777 0.05520833333333333 0.11018518518518519
62 0.16041666666666668 0.4986111111111111 0.027083333333333334 0.05648148148148148
136 0.5830729166666667 0.4689814814814815 0.030729166666666665 0.05462962962962963
78 0.8005208333333333 0.44027777777777777 0.05520833333333333 0.11018518518518519
62 0.16041666666666668 0.4986111111111111 0.027083333333333334 0.05648148148148148
136 0.5830729166666667 0.4689814814814815 0.030729166666666665 0.05462962962962963
