196 0.17395833333333333 0.3175925925925926 0.11145833333333334 0.14444444444444443
62 0.2234375 0.45185185185185184 0.015625 0.03148148148148148
196 0.4953125 0.45694444444444443 0.019791666666666666 0.03796296296296296
196 0.17395833333333333 0.3175925925925926 0.11145833333333334 0.14444444444444443
62 0.2234375 0.45185185185185184 0.015625 0.03148148148148148
196 0.4953125 0.45694444444444443 0.019791666666666666 0.03796296296296296
196 0.17395833333333333 0.3175925925925926 0.11145833333333334 0.14444444444444443
62 0.2234375 0.45185185185185184 0.015625 0.03148148148148148
196 0.4953125 0.45694444444444443 0.019791666666666666 0.03796296296296296
196 0.17395833333333333 0.3175925925925926 0.11145833333333334 0.14444444444444443
62 0.2234375 0.45185185185185184 0.015625 0.03148148148148148
196 0.4953125 0.45694444444444443 0.019791666666666666 0.03796296296296296
196 0.17395833333333333 0.3175925925925926 0.11145833333333334 0.14444444444444443
62 0.2234375 0.45185185185185184 0.015625 0.03148148148148148
196 0.4953125 0.45694444444444443 0.019791666666666666 0.03796296296296296
196 0.17395833333333333 0.3175925925925926 0.11145833333333334 0.14444444444444443
62 0.2234375 0.45185185185185184 0.015625 0.03148148148148148
196 0.4953125 0.45694444444444443 0.019791666666666666 0.03796296296296296
