59 0.19114583333333332 0.31296296296296294 0.03333333333333333 0.053703703703703705
179 0.19322916666666667 0.3527777777777778 0.03333333333333333 0.027777777777777776
142 0.1421875 0.3578703703703704 0.03854166666666667 0.05648148148148148
59 0.19114583333333332 0.31296296296296294 0.03333333333333333 0.053703703703703705
179 0.19322916666666667 0.3527777777777778 0.03333333333333333 0.027777777777777776
142 0.1421875 0.3578703703703704 0.03854166666666667 0.05648148148148148
59 0.19114583333333332 0.31296296296296294 0.03333333333333333 0.053703703703703705
179 0.19322916666666667 0.3527777777777778 0.03333333333333333 0.027777777777777776
142 0.1421875 0.3578703703703704 0.03854166666666667 0.05648148148148148
59 0.19114583333333332 0.31296296296296294 0.03333333333333333 0.053703703703703705
179 0.19322916666666667 0.3527777777777778 0.03333333333333333 0.027777777777777776
142 0.1421875 0.3578703703703704 0.03854166666666667 0.05648148148148148
59 0.19114583333333332 0.31296296296296294 0.03333333333333333 0.053703703703703705
179 0.19322916666666667 0.3527777777777778 0.03333333333333333 0.027777777777777776
142 0.1421875 0.3578703703703704 0.03854166666666667 0.05648148148148148
59 0.19114583333333332 0.31296296296296294 0.03333333333333333 0.053703703703703705
179 0.19322916666666667 0.3527777777777778 0.03333333333333333 0.027777777777777776
142 0.1421875 0.3578703703703704 0.03854166666666667 0.05648148148148148
