102 0.7838541666666666 0.4638888888888889 0.14583333333333334 0.10185185185185185
111 0.5190104166666667 0.49444444444444446 0.0328125 0.07222222222222222
102 0.7838541666666666 0.4638888888888889 0.14583333333333334 0.10185185185185185
111 0.5190104166666667 0.49444444444444446 0.0328125 0.07222222222222222
102 0.7838541666666666 0.4638888888888889 0.14583333333333334 0.10185185185185185
111 0.5190104166666667 0.49444444444444446 0.0328125 0.07222222222222222
102 0.7838541666666666 0.4638888888888889 0.14583333333333334 0.10185185185185185
111 0.5190104166666667 0.49444444444444446 0.0328125 0.07222222222222222
102 0.7838541666666666 0.4638888888888889 0.14583333333333334 0.10185185185185185
111 0.5190104166666667 0.49444444444444446 0.0328125 0.07222222222222222
102 0.7838541666666666 0.4638888888888889 0.14583333333333334 0.10185185185185185
111 0.5190104166666667 0.49444444444444446 0.0328125 0.07222222222222222
