156 0.778125 0.5662037037037037 0.07291666666666667 0.075
37 0.7830729166666667 0.4583333333333333 0.1140625 0.16296296296296298
62 0.13854166666666667 0.4412037037037037 0.028125 0.04722222222222222
156 0.778125 0.5662037037037037 0.07291666666666667 0.075
37 0.7830729166666667 0.4583333333333333 0.1140625 0.16296296296296298
62 0.13854166666666667 0.4412037037037037 0.028125 0.04722222222222222
156 0.778125 0.5662037037037037 0.07291666666666667 0.075
37 0.7830729166666667 0.4583333333333333 0.1140625 0.16296296296296298
62 0.13854166666666667 0.4412037037037037 0.028125 0.04722222222222222
156 0.778125 0.5662037037037037 0.07291666666666667 0.075
37 0.7830729166666667 0.4583333333333333 0.1140625 0.16296296296296298
62 0.13854166666666667 0.4412037037037037 0.028125 0.04722222222222222
156 0.778125 0.5662037037037037 0.07291666666666667 0.075
37 0.7830729166666667 0.4583333333333333 0.1140625 0.16296296296296298
62 0.13854166666666667 0.4412037037037037 0.028125 0.04722222222222222
156 0.778125 0.5662037037037037 0.07291666666666667 0.075
37 0.7830729166666667 0.4583333333333333 0.1140625 0.16296296296296298
62 0.13854166666666667 0.4412037037037037 0.028125 0.04722222222222222
