43 0.9044270833333333 0.44537037037037036 0.04635416666666667 0.06851851851851852
196 0.43385416666666665 0.4152777777777778 0.021875 0.041666666666666664
43 0.9044270833333333 0.44537037037037036 0.04635416666666667 0.06851851851851852
196 0.43385416666666665 0.4152777777777778 0.021875 0.041666666666666664
43 0.9044270833333333 0.44537037037037036 0.04635416666666667 0.06851851851851852
196 0.43385416666666665 0.4152777777777778 0.021875 0.041666666666666664
43 0.9044270833333333 0.44537037037037036 0.04635416666666667 0.06851851851851852
196 0.43385416666666665 0.4152777777777778 0.021875 0.041666666666666664
43 0.9044270833333333 0.44537037037037036 0.04635416666666667 0.06851851851851852
196 0.43385416666666665 0.4152777777777778 0.021875 0.041666666666666664
43 0.9044270833333333 0.44537037037037036 0.04635416666666667 0.06851851851851852
196 0.43385416666666665 0.4152777777777778 0.021875 0.041666666666666664
