37 0.8268229166666666 0.39166666666666666 0.12447916666666667 0.1685185185185185
76 0.8182291666666667 0.5314814814814814 0.08125 0.12407407407407407
142 0.9427083333333334 0.5023148148148148 0.03958333333333333 0.06759259259259259
37 0.8268229166666666 0.39166666666666666 0.12447916666666667 0.1685185185185185
76 0.8182291666666667 0.5314814814814814 0.08125 0.12407407407407407
142 0.9427083333333334 0.5023148148148148 0.03958333333333333 0.06759259259259259
37 0.8268229166666666 0.39166666666666666 0.12447916666666667 0.1685185185185185
76 0.8182291666666667 0.5314814814814814 0.08125 0.12407407407407407
142 0.9427083333333334 0.5023148148148148 0.03958333333333333 0.06759259259259259
37 0.8268229166666666 0.39166666666666666 0.12447916666666667 0.1685185185185185
76 0.8182291666666667 0.5314814814814814 0.08125 0.12407407407407407
142 0.9427083333333334 0.5023148148148148 0.03958333333333333 0.06759259259259259
37 0.8268229166666666 0.39166666666666666 0.12447916666666667 0.1685185185185185
76 0.8182291666666667 0.5314814814814814 0.08125 0.12407407407407407
142 0.9427083333333334 0.5023148148148148 0.03958333333333333 0.06759259259259259
37 0.8268229166666666 0.39166666666666666 0.12447916666666667 0.1685185185185185
76 0.8182291666666667 0.5314814814814814 0.08125 0.12407407407407407
142 0.9427083333333334 0.5023148148148148 0.03958333333333333 0.06759259259259259
