133 0.12630208333333334 0.5171296296296296 0.06302083333333333 0.15462962962962962
79 0.6088541666666667 0.44537037037037036 0.019791666666666666 0.037037037037037035
133 0.12630208333333334 0.5171296296296296 0.06302083333333333 0.15462962962962962
79 0.6088541666666667 0.44537037037037036 0.019791666666666666 0.037037037037037035
133 0.12630208333333334 0.5171296296296296 0.06302083333333333 0.15462962962962962
79 0.6088541666666667 0.44537037037037036 0.019791666666666666 0.037037037037037035
133 0.12630208333333334 0.5171296296296296 0.06302083333333333 0.15462962962962962
79 0.6088541666666667 0.44537037037037036 0.019791666666666666 0.037037037037037035
133 0.12630208333333334 0.5171296296296296 0.06302083333333333 0.15462962962962962
79 0.6088541666666667 0.44537037037037036 0.019791666666666666 0.037037037037037035
133 0.12630208333333334 0.5171296296296296 0.06302083333333333 0.15462962962962962
79 0.6088541666666667 0.44537037037037036 0.019791666666666666 0.037037037037037035
