2 0.7513020833333334 0.3962962962962963 0.09322916666666667 0.13518518518518519
117 0.7497395833333333 0.5120370370370371 0.06302083333333333 0.10185185185185185
2 0.7513020833333334 0.3962962962962963 0.09322916666666667 0.13518518518518519
117 0.7497395833333333 0.5120370370370371 0.06302083333333333 0.10185185185185185
2 0.7513020833333334 0.3962962962962963 0.09322916666666667 0.13518518518518519
117 0.7497395833333333 0.5120370370370371 0.06302083333333333 0.10185185185185185
2 0.7513020833333334 0.3962962962962963 0.09322916666666667 0.13518518518518519
117 0.7497395833333333 0.5120370370370371 0.06302083333333333 0.10185185185185185
2 0.7513020833333334 0.3962962962962963 0.09322916666666667 0.13518518518518519
117 0.7497395833333333 0.5120370370370371 0.06302083333333333 0.10185185185185185
2 0.7513020833333334 0.3962962962962963 0.09322916666666667 0.13518518518518519
117 0.7497395833333333 0.5120370370370371 0.06302083333333333 0.10185185185185185
