196 0.10234375 0.41944444444444445 0.07135416666666666 0.08518518518518518
53 0.62265625 0.44583333333333336 0.018229166666666668 0.032407407407407406
148 0.9640625 0.4148148148148148 0.071875 0.03518518518518519
196 0.10234375 0.41944444444444445 0.07135416666666666 0.08518518518518518
53 0.62265625 0.44583333333333336 0.018229166666666668 0.032407407407407406
148 0.9640625 0.4148148148148148 0.071875 0.03518518518518519
196 0.10234375 0.41944444444444445 0.07135416666666666 0.08518518518518518
53 0.62265625 0.44583333333333336 0.018229166666666668 0.032407407407407406
148 0.9640625 0.4148148148148148 0.071875 0.03518518518518519
196 0.10234375 0.41944444444444445 0.07135416666666666 0.08518518518518518
53 0.62265625 0.44583333333333336 0.018229166666666668 0.032407407407407406
148 0.9640625 0.4148148148148148 0.071875 0.03518518518518519
196 0.10234375 0.41944444444444445 0.07135416666666666 0.08518518518518518
53 0.62265625 0.44583333333333336 0.018229166666666668 0.032407407407407406
148 0.9640625 0.4148148148148148 0.071875 0.03518518518518519
196 0.10234375 0.41944444444444445 0.07135416666666666 0.08518518518518518
53 0.62265625 0.44583333333333336 0.018229166666666668 0.032407407407407406
148 0.9640625 0.4148148148148148 0.071875 0.03518518518518519
