52 0.8427083333333333 0.3976851851851852 0.07291666666666667 0.11944444444444445
46 0.83828125 0.5152777777777777 0.07447916666666667 0.11388888888888889
52 0.8427083333333333 0.3976851851851852 0.07291666666666667 0.11944444444444445
46 0.83828125 0.5152777777777777 0.07447916666666667 0.11388888888888889
52 0.8427083333333333 0.3976851851851852 0.07291666666666667 0.11944444444444445
46 0.83828125 0.5152777777777777 0.07447916666666667 0.11388888888888889
52 0.8427083333333333 0.3976851851851852 0.07291666666666667 0.11944444444444445
46 0.83828125 0.5152777777777777 0.07447916666666667 0.11388888888888889
52 0.8427083333333333 0.3976851851851852 0.07291666666666667 0.11944444444444445
46 0.83828125 0.5152777777777777 0.07447916666666667 0.11388888888888889
52 0.8427083333333333 0.3976851851851852 0.07291666666666667 0.11944444444444445
46 0.83828125 0.5152777777777777 0.07447916666666667 0.11388888888888889
