100 0.8234375 0.47314814814814815 0.13333333333333333 0.06851851851851852
43 0.609375 0.47962962962962963 0.015625 0.04259259259259259
100 0.8234375 0.47314814814814815 0.13333333333333333 0.06851851851851852
43 0.609375 0.47962962962962963 0.015625 0.04259259259259259
100 0.8234375 0.47314814814814815 0.13333333333333333 0.06851851851851852
43 0.609375 0.47962962962962963 0.015625 0.04259259259259259
100 0.8234375 0.47314814814814815 0.13333333333333333 0.06851851851851852
43 0.609375 0.47962962962962963 0.015625 0.04259259259259259
100 0.8234375 0.47314814814814815 0.13333333333333333 0.06851851851851852
43 0.609375 0.47962962962962963 0.015625 0.04259259259259259
