50 0.15286458333333333 0.412962962962963 0.06197916666666667 0.1259259259259259
141 0.7739583333333333 0.5046296296296297 0.07083333333333333 0.11666666666666667
142 0.77265625 0.3925925925925926 0.07135416666666666 0.12037037037037036
50 0.15286458333333333 0.412962962962963 0.06197916666666667 0.1259259259259259
141 0.7739583333333333 0.5046296296296297 0.07083333333333333 0.11666666666666667
142 0.77265625 0.3925925925925926 0.07135416666666666 0.12037037037037036
50 0.15286458333333333 0.412962962962963 0.06197916666666667 0.1259259259259259
141 0.7739583333333333 0.5046296296296297 0.07083333333333333 0.11666666666666667
142 0.77265625 0.3925925925925926 0.07135416666666666 0.12037037037037036
50 0.15286458333333333 0.412962962962963 0.06197916666666667 0.1259259259259259
141 0.7739583333333333 0.5046296296296297 0.07083333333333333 0.11666666666666667
142 0.77265625 0.3925925925925926 0.07135416666666666 0.12037037037037036
50 0.15286458333333333 0.412962962962963 0.06197916666666667 0.1259259259259259
141 0.7739583333333333 0.5046296296296297 0.07083333333333333 0.11666666666666667
142 0.77265625 0.3925925925925926 0.07135416666666666 0.12037037037037036
50 0.15286458333333333 0.412962962962963 0.06197916666666667 0.1259259259259259
141 0.7739583333333333 0.5046296296296297 0.07083333333333333 0.11666666666666667
142 0.77265625 0.3925925925925926 0.07135416666666666 0.12037037037037036
