52 0.7333333333333333 0.513425925925926 0.09583333333333334 0.16203703703703703
35 0.7325520833333333 0.325 0.1515625 0.22962962962962963
52 0.7333333333333333 0.513425925925926 0.09583333333333334 0.16203703703703703
35 0.7325520833333333 0.325 0.1515625 0.22962962962962963
52 0.7333333333333333 0.513425925925926 0.09583333333333334 0.16203703703703703
35 0.7325520833333333 0.325 0.1515625 0.22962962962962963
52 0.7333333333333333 0.513425925925926 0.09583333333333334 0.16203703703703703
35 0.7325520833333333 0.325 0.1515625 0.22962962962962963
52 0.7333333333333333 0.513425925925926 0.09583333333333334 0.16203703703703703
35 0.7325520833333333 0.325 0.1515625 0.22962962962962963
52 0.7333333333333333 0.513425925925926 0.09583333333333334 0.16203703703703703
35 0.7325520833333333 0.325 0.1515625 0.22962962962962963
