62 0.81484375 0.425 0.049479166666666664 0.07962962962962963
62 0.3765625 0.4583333333333333 0.019791666666666666 0.05740740740740741
62 0.81484375 0.425 0.049479166666666664 0.07962962962962963
62 0.3765625 0.4583333333333333 0.019791666666666666 0.05740740740740741
62 0.81484375 0.425 0.049479166666666664 0.07962962962962963
62 0.3765625 0.4583333333333333 0.019791666666666666 0.05740740740740741
62 0.81484375 0.425 0.049479166666666664 0.07962962962962963
62 0.3765625 0.4583333333333333 0.019791666666666666 0.05740740740740741
62 0.81484375 0.425 0.049479166666666664 0.07962962962962963
62 0.3765625 0.4583333333333333 0.019791666666666666 0.05740740740740741
62 0.81484375 0.425 0.049479166666666664 0.07962962962962963
62 0.3765625 0.4583333333333333 0.019791666666666666 0.05740740740740741
