192 0.8125 0.45092592592592595 0.09479166666666666 0.03333333333333333
192 0.8119791666666667 0.4810185185185185 0.09479166666666666 0.030555555555555555
188 0.8125 0.42314814814814816 0.09375 0.03518518518518519
46 0.0890625 0.5101851851851852 0.036458333333333336 0.05185185185185185
192 0.8125 0.45092592592592595 0.09479166666666666 0.03333333333333333
192 0.8119791666666667 0.4810185185185185 0.09479166666666666 0.030555555555555555
188 0.8125 0.42314814814814816 0.09375 0.03518518518518519
46 0.0890625 0.5101851851851852 0.036458333333333336 0.05185185185185185
192 0.8125 0.45092592592592595 0.09479166666666666 0.03333333333333333
192 0.8119791666666667 0.4810185185185185 0.09479166666666666 0.030555555555555555
188 0.8125 0.42314814814814816 0.09375 0.03518518518518519
46 0.0890625 0.5101851851851852 0.036458333333333336 0.05185185185185185
192 0.8125 0.45092592592592595 0.09479166666666666 0.03333333333333333
192 0.8119791666666667 0.4810185185185185 0.09479166666666666 0.030555555555555555
188 0.8125 0.42314814814814816 0.09375 0.03518518518518519
46 0.0890625 0.5101851851851852 0.036458333333333336 0.05185185185185185
192 0.8125 0.45092592592592595 0.09479166666666666 0.03333333333333333
192 0.8119791666666667 0.4810185185185185 0.09479166666666666 0.030555555555555555
188 0.8125 0.42314814814814816 0.09375 0.03518518518518519
46 0.0890625 0.5101851851851852 0.036458333333333336 0.05185185185185185
192 0.8125 0.45092592592592595 0.09479166666666666 0.03333333333333333
192 0.8119791666666667 0.4810185185185185 0.09479166666666666 0.030555555555555555
188 0.8125 0.42314814814814816 0.09375 0.03518518518518519
46 0.0890625 0.5101851851851852 0.036458333333333336 0.05185185185185185
