25 0.8265625 0.30277777777777776 0.075 0.12222222222222222
30 0.8260416666666667 0.4412037037037037 0.029166666666666667 0.15462962962962962
25 0.8265625 0.30277777777777776 0.075 0.12222222222222222
30 0.8260416666666667 0.4412037037037037 0.029166666666666667 0.15462962962962962
25 0.8265625 0.30277777777777776 0.075 0.12222222222222222
30 0.8260416666666667 0.4412037037037037 0.029166666666666667 0.15462962962962962
25 0.8265625 0.30277777777777776 0.075 0.12222222222222222
30 0.8260416666666667 0.4412037037037037 0.029166666666666667 0.15462962962962962
25 0.8265625 0.30277777777777776 0.075 0.12222222222222222
30 0.8260416666666667 0.4412037037037037 0.029166666666666667 0.15462962962962962
25 0.8265625 0.30277777777777776 0.075 0.12222222222222222
30 0.8260416666666667 0.4412037037037037 0.029166666666666667 0.15462962962962962
