3 0.79453125 0.29907407407407405 0.1171875 0.20555555555555555
173 0.7932291666666667 0.4273148148148148 0.08333333333333333 0.06759259259259259
3 0.79453125 0.29907407407407405 0.1171875 0.20555555555555555
173 0.7932291666666667 0.4273148148148148 0.08333333333333333 0.06759259259259259
3 0.79453125 0.29907407407407405 0.1171875 0.20555555555555555
173 0.7932291666666667 0.4273148148148148 0.08333333333333333 0.06759259259259259
3 0.79453125 0.29907407407407405 0.1171875 0.20555555555555555
173 0.7932291666666667 0.4273148148148148 0.08333333333333333 0.06759259259259259
3 0.79453125 0.29907407407407405 0.1171875 0.20555555555555555
173 0.7932291666666667 0.4273148148148148 0.08333333333333333 0.06759259259259259
3 0.79453125 0.29907407407407405 0.1171875 0.20555555555555555
173 0.7932291666666667 0.4273148148148148 0.08333333333333333 0.06759259259259259
