6 0.6869791666666667 0.3587962962962963 0.08333333333333333 0.125
16 0.6901041666666666 0.24444444444444444 0.084375 0.12962962962962962
6 0.6869791666666667 0.3587962962962963 0.08333333333333333 0.125
16 0.6901041666666666 0.24444444444444444 0.084375 0.12962962962962962
6 0.6869791666666667 0.3587962962962963 0.08333333333333333 0.125
16 0.6901041666666666 0.24444444444444444 0.084375 0.12962962962962962
6 0.6869791666666667 0.3587962962962963 0.08333333333333333 0.125
16 0.6901041666666666 0.24444444444444444 0.084375 0.12962962962962962
6 0.6869791666666667 0.3587962962962963 0.08333333333333333 0.125
16 0.6901041666666666 0.24444444444444444 0.084375 0.12962962962962962
6 0.6869791666666667 0.3587962962962963 0.08333333333333333 0.125
16 0.6901041666666666 0.24444444444444444 0.084375 0.12962962962962962
