58 0.7625 0.36712962962962964 0.06666666666666667 0.12129629629629629
33 0.76484375 0.2273148148148148 0.0984375 0.16944444444444445
58 0.7625 0.36712962962962964 0.06666666666666667 0.12129629629629629
33 0.76484375 0.2273148148148148 0.0984375 0.16944444444444445
58 0.7625 0.36712962962962964 0.06666666666666667 0.12129629629629629
33 0.76484375 0.2273148148148148 0.0984375 0.16944444444444445
58 0.7625 0.36712962962962964 0.06666666666666667 0.12129629629629629
33 0.76484375 0.2273148148148148 0.0984375 0.16944444444444445
58 0.7625 0.36712962962962964 0.06666666666666667 0.12129629629629629
33 0.76484375 0.2273148148148148 0.0984375 0.16944444444444445
58 0.7625 0.36712962962962964 0.06666666666666667 0.12129629629629629
33 0.76484375 0.2273148148148148 0.0984375 0.16944444444444445
