91 0.7815104166666667 0.49166666666666664 0.10677083333333333 0.06851851851851852
53 0.6877604166666667 0.30185185185185187 0.044270833333333336 0.08148148148148149
46 0.6869791666666667 0.3861111111111111 0.04375 0.07962962962962963
91 0.7815104166666667 0.49166666666666664 0.10677083333333333 0.06851851851851852
53 0.6877604166666667 0.30185185185185187 0.044270833333333336 0.08148148148148149
46 0.6869791666666667 0.3861111111111111 0.04375 0.07962962962962963
91 0.7815104166666667 0.49166666666666664 0.10677083333333333 0.06851851851851852
53 0.6877604166666667 0.30185185185185187 0.044270833333333336 0.08148148148148149
46 0.6869791666666667 0.3861111111111111 0.04375 0.07962962962962963
91 0.7815104166666667 0.49166666666666664 0.10677083333333333 0.06851851851851852
53 0.6877604166666667 0.30185185185185187 0.044270833333333336 0.08148148148148149
46 0.6869791666666667 0.3861111111111111 0.04375 0.07962962962962963
91 0.7815104166666667 0.49166666666666664 0.10677083333333333 0.06851851851851852
53 0.6877604166666667 0.30185185185185187 0.044270833333333336 0.08148148148148149
46 0.6869791666666667 0.3861111111111111 0.04375 0.07962962962962963
91 0.7815104166666667 0.49166666666666664 0.10677083333333333 0.06851851851851852
53 0.6877604166666667 0.30185185185185187 0.044270833333333336 0.08148148148148149
46 0.6869791666666667 0.3861111111111111 0.04375 0.07962962962962963
