61 0.88203125 0.40925925925925927 0.0328125 0.06481481481481481
179 0.8783854166666667 0.45555555555555555 0.034895833333333334 0.03518518518518519
61 0.88203125 0.40925925925925927 0.0328125 0.06481481481481481
179 0.8783854166666667 0.45555555555555555 0.034895833333333334 0.03518518518518519
61 0.88203125 0.40925925925925927 0.0328125 0.06481481481481481
179 0.8783854166666667 0.45555555555555555 0.034895833333333334 0.03518518518518519
61 0.88203125 0.40925925925925927 0.0328125 0.06481481481481481
179 0.8783854166666667 0.45555555555555555 0.034895833333333334 0.03518518518518519
61 0.88203125 0.40925925925925927 0.0328125 0.06481481481481481
179 0.8783854166666667 0.45555555555555555 0.034895833333333334 0.03518518518518519
61 0.88203125 0.40925925925925927 0.0328125 0.06481481481481481
179 0.8783854166666667 0.45555555555555555 0.034895833333333334 0.03518518518518519
