33 0.8296875 0.4375 0.11875 0.26944444444444443
53 0.825 0.6699074074074074 0.09583333333333334 0.19907407407407407
33 0.8296875 0.4375 0.11875 0.26944444444444443
53 0.825 0.6699074074074074 0.09583333333333334 0.19907407407407407
33 0.8296875 0.4375 0.11875 0.26944444444444443
53 0.825 0.6699074074074074 0.09583333333333334 0.19907407407407407
33 0.8296875 0.4375 0.11875 0.26944444444444443
53 0.825 0.6699074074074074 0.09583333333333334 0.19907407407407407
33 0.8296875 0.4375 0.11875 0.26944444444444443
53 0.825 0.6699074074074074 0.09583333333333334 0.19907407407407407
33 0.8296875 0.4375 0.11875 0.26944444444444443
53 0.825 0.6699074074074074 0.09583333333333334 0.19907407407407407
