68 0.7322916666666667 0.25324074074074077 0.06145833333333333 0.11388888888888889
179 0.7315104166666667 0.36435185185185187 0.0609375 0.11203703703703703
37 0.6174479166666667 0.1537037037037037 0.0421875 0.06111111111111111
68 0.7322916666666667 0.25324074074074077 0.06145833333333333 0.11388888888888889
179 0.7315104166666667 0.36435185185185187 0.0609375 0.11203703703703703
37 0.6174479166666667 0.1537037037037037 0.0421875 0.06111111111111111
68 0.7322916666666667 0.25324074074074077 0.06145833333333333 0.11388888888888889
179 0.7315104166666667 0.36435185185185187 0.0609375 0.11203703703703703
37 0.6174479166666667 0.1537037037037037 0.0421875 0.06111111111111111
68 0.7322916666666667 0.25324074074074077 0.06145833333333333 0.11388888888888889
179 0.7315104166666667 0.36435185185185187 0.0609375 0.11203703703703703
37 0.6174479166666667 0.1537037037037037 0.0421875 0.06111111111111111
68 0.7322916666666667 0.25324074074074077 0.06145833333333333 0.11388888888888889
179 0.7315104166666667 0.36435185185185187 0.0609375 0.11203703703703703
37 0.6174479166666667 0.1537037037037037 0.0421875 0.06111111111111111
68 0.7322916666666667 0.25324074074074077 0.06145833333333333 0.11388888888888889
179 0.7315104166666667 0.36435185185185187 0.0609375 0.11203703703703703
37 0.6174479166666667 0.1537037037037037 0.0421875 0.06111111111111111
