177 0.8283854166666667 0.3574074074074074 0.04739583333333333 0.04814814814814815
123 0.8309895833333333 0.2824074074074074 0.04739583333333333 0.10925925925925926
177 0.8283854166666667 0.3574074074074074 0.04739583333333333 0.04814814814814815
123 0.8309895833333333 0.2824074074074074 0.04739583333333333 0.10925925925925926
177 0.8283854166666667 0.3574074074074074 0.04739583333333333 0.04814814814814815
123 0.8309895833333333 0.2824074074074074 0.04739583333333333 0.10925925925925926
177 0.8283854166666667 0.3574074074074074 0.04739583333333333 0.04814814814814815
123 0.8309895833333333 0.2824074074074074 0.04739583333333333 0.10925925925925926
177 0.8283854166666667 0.3574074074074074 0.04739583333333333 0.04814814814814815
123 0.8309895833333333 0.2824074074074074 0.04739583333333333 0.10925925925925926
177 0.8283854166666667 0.3574074074074074 0.04739583333333333 0.04814814814814815
123 0.8309895833333333 0.2824074074074074 0.04739583333333333 0.10925925925925926
