90 0.5109375 0.6305555555555555 0.13854166666666667 0.07777777777777778
91 0.6578125 0.6351851851851852 0.13333333333333333 0.08333333333333333
148 0.8354166666666667 0.5208333333333334 0.059375 0.04351851851851852
149 0.8263020833333333 0.47453703703703703 0.0546875 0.049074074074074076
90 0.5109375 0.6305555555555555 0.13854166666666667 0.07777777777777778
91 0.6578125 0.6351851851851852 0.13333333333333333 0.08333333333333333
148 0.8354166666666667 0.5208333333333334 0.059375 0.04351851851851852
149 0.8263020833333333 0.47453703703703703 0.0546875 0.049074074074074076
90 0.5109375 0.6305555555555555 0.13854166666666667 0.07777777777777778
91 0.6578125 0.6351851851851852 0.13333333333333333 0.08333333333333333
148 0.8354166666666667 0.5208333333333334 0.059375 0.04351851851851852
149 0.8263020833333333 0.47453703703703703 0.0546875 0.049074074074074076
90 0.5109375 0.6305555555555555 0.13854166666666667 0.07777777777777778
91 0.6578125 0.6351851851851852 0.13333333333333333 0.08333333333333333
148 0.8354166666666667 0.5208333333333334 0.059375 0.04351851851851852
149 0.8263020833333333 0.47453703703703703 0.0546875 0.049074074074074076
90 0.5109375 0.6305555555555555 0.13854166666666667 0.07777777777777778
91 0.6578125 0.6351851851851852 0.13333333333333333 0.08333333333333333
148 0.8354166666666667 0.5208333333333334 0.059375 0.04351851851851852
149 0.8263020833333333 0.47453703703703703 0.0546875 0.049074074074074076
90 0.5109375 0.6305555555555555 0.13854166666666667 0.07777777777777778
91 0.6578125 0.6351851851851852 0.13333333333333333 0.08333333333333333
148 0.8354166666666667 0.5208333333333334 0.059375 0.04351851851851852
149 0.8263020833333333 0.47453703703703703 0.0546875 0.049074074074074076
