83 0.82109375 0.40879629629629627 0.030729166666666665 0.04722222222222222
100 0.6981770833333333 0.30185185185185187 0.0671875 0.03888888888888889
25 0.6721354166666667 0.3486111111111111 0.04114583333333333 0.06388888888888888
83 0.82109375 0.40879629629629627 0.030729166666666665 0.04722222222222222
100 0.6981770833333333 0.30185185185185187 0.0671875 0.03888888888888889
25 0.6721354166666667 0.3486111111111111 0.04114583333333333 0.06388888888888888
83 0.82109375 0.40879629629629627 0.030729166666666665 0.04722222222222222
100 0.6981770833333333 0.30185185185185187 0.0671875 0.03888888888888889
25 0.6721354166666667 0.3486111111111111 0.04114583333333333 0.06388888888888888
83 0.82109375 0.40879629629629627 0.030729166666666665 0.04722222222222222
100 0.6981770833333333 0.30185185185185187 0.0671875 0.03888888888888889
25 0.6721354166666667 0.3486111111111111 0.04114583333333333 0.06388888888888888
83 0.82109375 0.40879629629629627 0.030729166666666665 0.04722222222222222
100 0.6981770833333333 0.30185185185185187 0.0671875 0.03888888888888889
25 0.6721354166666667 0.3486111111111111 0.04114583333333333 0.06388888888888888
83 0.82109375 0.40879629629629627 0.030729166666666665 0.04722222222222222
100 0.6981770833333333 0.30185185185185187 0.0671875 0.03888888888888889
25 0.6721354166666667 0.3486111111111111 0.04114583333333333 0.06388888888888888
