179 0.87109375 0.45694444444444443 0.05364583333333333 0.041666666666666664
47 0.87265625 0.3972222222222222 0.05260416666666667 0.08148148148148149
179 0.87109375 0.45694444444444443 0.05364583333333333 0.041666666666666664
47 0.87265625 0.3972222222222222 0.05260416666666667 0.08148148148148149
179 0.87109375 0.45694444444444443 0.05364583333333333 0.041666666666666664
47 0.87265625 0.3972222222222222 0.05260416666666667 0.08148148148148149
179 0.87109375 0.45694444444444443 0.05364583333333333 0.041666666666666664
47 0.87265625 0.3972222222222222 0.05260416666666667 0.08148148148148149
179 0.87109375 0.45694444444444443 0.05364583333333333 0.041666666666666664
47 0.87265625 0.3972222222222222 0.05260416666666667 0.08148148148148149
179 0.87109375 0.45694444444444443 0.05364583333333333 0.041666666666666664
47 0.87265625 0.3972222222222222 0.05260416666666667 0.08148148148148149
