3 0.7346354166666667 0.3731481481481482 0.1140625 0.19444444444444445
13 0.73828125 0.1875 0.12135416666666667 0.20462962962962963
3 0.7346354166666667 0.3731481481481482 0.1140625 0.19444444444444445
13 0.73828125 0.1875 0.12135416666666667 0.20462962962962963
3 0.7346354166666667 0.3731481481481482 0.1140625 0.19444444444444445
13 0.73828125 0.1875 0.12135416666666667 0.20462962962962963
3 0.7346354166666667 0.3731481481481482 0.1140625 0.19444444444444445
13 0.73828125 0.1875 0.12135416666666667 0.20462962962962963
3 0.7346354166666667 0.3731481481481482 0.1140625 0.19444444444444445
13 0.73828125 0.1875 0.12135416666666667 0.20462962962962963
3 0.7346354166666667 0.3731481481481482 0.1140625 0.19444444444444445
13 0.73828125 0.1875 0.12135416666666667 0.20462962962962963
