100 0.8484375 0.4287037037037037 0.09791666666666667 0.07962962962962963
86 0.6856770833333333 0.5263888888888889 0.024479166666666666 0.03981481481481482
100 0.8484375 0.4287037037037037 0.09791666666666667 0.07962962962962963
86 0.6856770833333333 0.5263888888888889 0.024479166666666666 0.03981481481481482
100 0.8484375 0.4287037037037037 0.09791666666666667 0.07962962962962963
86 0.6856770833333333 0.5263888888888889 0.024479166666666666 0.03981481481481482
100 0.8484375 0.4287037037037037 0.09791666666666667 0.07962962962962963
86 0.6856770833333333 0.5263888888888889 0.024479166666666666 0.03981481481481482
100 0.8484375 0.4287037037037037 0.09791666666666667 0.07962962962962963
86 0.6856770833333333 0.5263888888888889 0.024479166666666666 0.03981481481481482
100 0.8484375 0.4287037037037037 0.09791666666666667 0.07962962962962963
86 0.6856770833333333 0.5263888888888889 0.024479166666666666 0.03981481481481482
