39 0.7682291666666666 0.30462962962962964 0.084375 0.15555555555555556
179 0.7669270833333334 0.41435185185185186 0.08489583333333334 0.06944444444444445
39 0.7682291666666666 0.30462962962962964 0.084375 0.15555555555555556
179 0.7669270833333334 0.41435185185185186 0.08489583333333334 0.06944444444444445
39 0.7682291666666666 0.30462962962962964 0.084375 0.15555555555555556
179 0.7669270833333334 0.41435185185185186 0.08489583333333334 0.06944444444444445
39 0.7682291666666666 0.30462962962962964 0.084375 0.15555555555555556
179 0.7669270833333334 0.41435185185185186 0.08489583333333334 0.06944444444444445
39 0.7682291666666666 0.30462962962962964 0.084375 0.15555555555555556
179 0.7669270833333334 0.41435185185185186 0.08489583333333334 0.06944444444444445
