48 0.8361979166666667 0.2902777777777778 0.07552083333333333 0.1287037037037037
136 0.4630208333333333 0.3736111111111111 0.019791666666666666 0.03425925925925926
136 0.55546875 0.46574074074074073 0.016145833333333335 0.027777777777777776
48 0.8361979166666667 0.2902777777777778 0.07552083333333333 0.1287037037037037
136 0.4630208333333333 0.3736111111111111 0.019791666666666666 0.03425925925925926
136 0.55546875 0.46574074074074073 0.016145833333333335 0.027777777777777776
48 0.8361979166666667 0.2902777777777778 0.07552083333333333 0.1287037037037037
136 0.4630208333333333 0.3736111111111111 0.019791666666666666 0.03425925925925926
136 0.55546875 0.46574074074074073 0.016145833333333335 0.027777777777777776
48 0.8361979166666667 0.2902777777777778 0.07552083333333333 0.1287037037037037
136 0.4630208333333333 0.3736111111111111 0.019791666666666666 0.03425925925925926
136 0.55546875 0.46574074074074073 0.016145833333333335 0.027777777777777776
48 0.8361979166666667 0.2902777777777778 0.07552083333333333 0.1287037037037037
136 0.4630208333333333 0.3736111111111111 0.019791666666666666 0.03425925925925926
136 0.55546875 0.46574074074074073 0.016145833333333335 0.027777777777777776
48 0.8361979166666667 0.2902777777777778 0.07552083333333333 0.1287037037037037
136 0.4630208333333333 0.3736111111111111 0.019791666666666666 0.03425925925925926
136 0.55546875 0.46574074074074073 0.016145833333333335 0.027777777777777776
