196 0.9786458333333333 0.4583333333333333 0.042708333333333334 0.08703703703703704
134 0.6122395833333333 0.5023148148148148 0.018229166666666668 0.04722222222222222
196 0.9786458333333333 0.4583333333333333 0.042708333333333334 0.08703703703703704
134 0.6122395833333333 0.5023148148148148 0.018229166666666668 0.04722222222222222
196 0.9786458333333333 0.4583333333333333 0.042708333333333334 0.08703703703703704
134 0.6122395833333333 0.5023148148148148 0.018229166666666668 0.04722222222222222
196 0.9786458333333333 0.4583333333333333 0.042708333333333334 0.08703703703703704
134 0.6122395833333333 0.5023148148148148 0.018229166666666668 0.04722222222222222
196 0.9786458333333333 0.4583333333333333 0.042708333333333334 0.08703703703703704
134 0.6122395833333333 0.5023148148148148 0.018229166666666668 0.04722222222222222
196 0.9786458333333333 0.4583333333333333 0.042708333333333334 0.08703703703703704
134 0.6122395833333333 0.5023148148148148 0.018229166666666668 0.04722222222222222
