174 0.7060185185185185 0.2771345875542692 0.05324074074074074 0.04486251808972504
82 0.7083333333333334 0.20260492040520983 0.05555555555555555 0.10998552821997105
174 0.7060185185185185 0.2771345875542692 0.05324074074074074 0.04486251808972504
82 0.7083333333333334 0.20260492040520983 0.05555555555555555 0.10998552821997105
174 0.7060185185185185 0.2771345875542692 0.05324074074074074 0.04486251808972504
82 0.7083333333333334 0.20260492040520983 0.05555555555555555 0.10998552821997105
174 0.7060185185185185 0.2771345875542692 0.05324074074074074 0.04486251808972504
82 0.7083333333333334 0.20260492040520983 0.05555555555555555 0.10998552821997105
174 0.7060185185185185 0.2771345875542692 0.05324074074074074 0.04486251808972504
82 0.7083333333333334 0.20260492040520983 0.05555555555555555 0.10998552821997105
174 0.7060185185185185 0.2771345875542692 0.05324074074074074 0.04486251808972504
82 0.7083333333333334 0.20260492040520983 0.05555555555555555 0.10998552821997105
