64 0.8130208333333333 0.37083333333333335 0.071875 0.1361111111111111
50 0.6690104166666667 0.35509259259259257 0.04635416666666667 0.0824074074074074
179 0.6666666666666666 0.41435185185185186 0.04583333333333333 0.03796296296296296
63 0.803125 0.5074074074074074 0.06875 0.13148148148148148
64 0.8130208333333333 0.37083333333333335 0.071875 0.1361111111111111
50 0.6690104166666667 0.35509259259259257 0.04635416666666667 0.0824074074074074
179 0.6666666666666666 0.41435185185185186 0.04583333333333333 0.03796296296296296
63 0.803125 0.5074074074074074 0.06875 0.13148148148148148
64 0.8130208333333333 0.37083333333333335 0.071875 0.1361111111111111
50 0.6690104166666667 0.35509259259259257 0.04635416666666667 0.0824074074074074
179 0.6666666666666666 0.41435185185185186 0.04583333333333333 0.03796296296296296
63 0.803125 0.5074074074074074 0.06875 0.13148148148148148
64 0.8130208333333333 0.37083333333333335 0.071875 0.1361111111111111
50 0.6690104166666667 0.35509259259259257 0.04635416666666667 0.0824074074074074
179 0.6666666666666666 0.41435185185185186 0.04583333333333333 0.03796296296296296
63 0.803125 0.5074074074074074 0.06875 0.13148148148148148
64 0.8130208333333333 0.37083333333333335 0.071875 0.1361111111111111
50 0.6690104166666667 0.35509259259259257 0.04635416666666667 0.0824074074074074
179 0.6666666666666666 0.41435185185185186 0.04583333333333333 0.03796296296296296
63 0.803125 0.5074074074074074 0.06875 0.13148148148148148
64 0.8130208333333333 0.37083333333333335 0.071875 0.1361111111111111
50 0.6690104166666667 0.35509259259259257 0.04635416666666667 0.0824074074074074
179 0.6666666666666666 0.41435185185185186 0.04583333333333333 0.03796296296296296
63 0.803125 0.5074074074074074 0.06875 0.13148148148148148
