39 0.7872395833333333 0.2708333333333333 0.0765625 0.14537037037037037
27 0.5096354166666667 0.30092592592592593 0.022395833333333334 0.027777777777777776
179 0.7869791666666667 0.375 0.07708333333333334 0.06481481481481481
39 0.7872395833333333 0.2708333333333333 0.0765625 0.14537037037037037
27 0.5096354166666667 0.30092592592592593 0.022395833333333334 0.027777777777777776
179 0.7869791666666667 0.375 0.07708333333333334 0.06481481481481481
39 0.7872395833333333 0.2708333333333333 0.0765625 0.14537037037037037
27 0.5096354166666667 0.30092592592592593 0.022395833333333334 0.027777777777777776
179 0.7869791666666667 0.375 0.07708333333333334 0.06481481481481481
39 0.7872395833333333 0.2708333333333333 0.0765625 0.14537037037037037
27 0.5096354166666667 0.30092592592592593 0.022395833333333334 0.027777777777777776
179 0.7869791666666667 0.375 0.07708333333333334 0.06481481481481481
39 0.7872395833333333 0.2708333333333333 0.0765625 0.14537037037037037
27 0.5096354166666667 0.30092592592592593 0.022395833333333334 0.027777777777777776
179 0.7869791666666667 0.375 0.07708333333333334 0.06481481481481481
39 0.7872395833333333 0.2708333333333333 0.0765625 0.14537037037037037
27 0.5096354166666667 0.30092592592592593 0.022395833333333334 0.027777777777777776
179 0.7869791666666667 0.375 0.07708333333333334 0.06481481481481481
