2 0.34375 0.29398148148148145 0.07291666666666667 0.30092592592592593
118 0.35598958333333336 0.5101851851851852 0.0671875 0.24074074074074073
2 0.34375 0.29398148148148145 0.07291666666666667 0.30092592592592593
118 0.35598958333333336 0.5101851851851852 0.0671875 0.24074074074074073
2 0.34375 0.29398148148148145 0.07291666666666667 0.30092592592592593
118 0.35598958333333336 0.5101851851851852 0.0671875 0.24074074074074073
2 0.34375 0.29398148148148145 0.07291666666666667 0.30092592592592593
118 0.35598958333333336 0.5101851851851852 0.0671875 0.24074074074074073
2 0.34375 0.29398148148148145 0.07291666666666667 0.30092592592592593
118 0.35598958333333336 0.5101851851851852 0.0671875 0.24074074074074073
2 0.34375 0.29398148148148145 0.07291666666666667 0.30092592592592593
118 0.35598958333333336 0.5101851851851852 0.0671875 0.24074074074074073
