25 0.8598958333333333 0.3277777777777778 0.10729166666666666 0.17222222222222222
30 0.8546875 0.5199074074074074 0.042708333333333334 0.21574074074074073
25 0.8598958333333333 0.3277777777777778 0.10729166666666666 0.17222222222222222
30 0.8546875 0.5199074074074074 0.042708333333333334 0.21574074074074073
25 0.8598958333333333 0.3277777777777778 0.10729166666666666 0.17222222222222222
30 0.8546875 0.5199074074074074 0.042708333333333334 0.21574074074074073
25 0.8598958333333333 0.3277777777777778 0.10729166666666666 0.17222222222222222
30 0.8546875 0.5199074074074074 0.042708333333333334 0.21574074074074073
25 0.8598958333333333 0.3277777777777778 0.10729166666666666 0.17222222222222222
30 0.8546875 0.5199074074074074 0.042708333333333334 0.21574074074074073
25 0.8598958333333333 0.3277777777777778 0.10729166666666666 0.17222222222222222
30 0.8546875 0.5199074074074074 0.042708333333333334 0.21574074074074073
