6 0.5848958333333333 0.44583333333333336 0.029166666666666667 0.04537037037037037
16 0.5846354166666666 0.4041666666666667 0.0296875 0.04537037037037037
6 0.5848958333333333 0.44583333333333336 0.029166666666666667 0.04537037037037037
16 0.5846354166666666 0.4041666666666667 0.0296875 0.04537037037037037
6 0.5848958333333333 0.44583333333333336 0.029166666666666667 0.04537037037037037
16 0.5846354166666666 0.4041666666666667 0.0296875 0.04537037037037037
6 0.5848958333333333 0.44583333333333336 0.029166666666666667 0.04537037037037037
16 0.5846354166666666 0.4041666666666667 0.0296875 0.04537037037037037
6 0.5848958333333333 0.44583333333333336 0.029166666666666667 0.04537037037037037
16 0.5846354166666666 0.4041666666666667 0.0296875 0.04537037037037037
6 0.5848958333333333 0.44583333333333336 0.029166666666666667 0.04537037037037037
16 0.5846354166666666 0.4041666666666667 0.0296875 0.04537037037037037
