3 0.7119791666666667 0.32175925925925924 0.15104166666666666 0.25833333333333336
173 0.7151041666666667 0.4638888888888889 0.11458333333333333 0.11666666666666667
15 0.5661458333333333 0.2824074074074074 0.051041666666666666 0.07592592592592592
3 0.7119791666666667 0.32175925925925924 0.15104166666666666 0.25833333333333336
173 0.7151041666666667 0.4638888888888889 0.11458333333333333 0.11666666666666667
15 0.5661458333333333 0.2824074074074074 0.051041666666666666 0.07592592592592592
3 0.7119791666666667 0.32175925925925924 0.15104166666666666 0.25833333333333336
173 0.7151041666666667 0.4638888888888889 0.11458333333333333 0.11666666666666667
15 0.5661458333333333 0.2824074074074074 0.051041666666666666 0.07592592592592592
3 0.7119791666666667 0.32175925925925924 0.15104166666666666 0.25833333333333336
173 0.7151041666666667 0.4638888888888889 0.11458333333333333 0.11666666666666667
15 0.5661458333333333 0.2824074074074074 0.051041666666666666 0.07592592592592592
3 0.7119791666666667 0.32175925925925924 0.15104166666666666 0.25833333333333336
173 0.7151041666666667 0.4638888888888889 0.11458333333333333 0.11666666666666667
15 0.5661458333333333 0.2824074074074074 0.051041666666666666 0.07592592592592592
3 0.7119791666666667 0.32175925925925924 0.15104166666666666 0.25833333333333336
173 0.7151041666666667 0.4638888888888889 0.11458333333333333 0.11666666666666667
15 0.5661458333333333 0.2824074074074074 0.051041666666666666 0.07592592592592592
