90 0.22473958333333333 0.3976851851851852 0.10572916666666667 0.06944444444444445
91 0.3302083333333333 0.39351851851851855 0.10208333333333333 0.06296296296296296
194 0.5825520833333333 0.35694444444444445 0.06822916666666666 0.028703703703703703
194 0.5828125 0.33240740740740743 0.06770833333333333 0.027777777777777776
194 0.5833333333333334 0.30648148148148147 0.06770833333333333 0.03333333333333333
194 0.5841145833333333 0.2796296296296296 0.06822916666666666 0.03148148148148148
141 0.37057291666666664 0.3384259259259259 0.04114583333333333 0.03425925925925926
126 0.36770833333333336 0.26944444444444443 0.04479166666666667 0.11296296296296296
141 0.37421875 0.43796296296296294 0.04010416666666667 0.03333333333333333
90 0.22473958333333333 0.3976851851851852 0.10572916666666667 0.06944444444444445
91 0.3302083333333333 0.39351851851851855 0.10208333333333333 0.06296296296296296
194 0.5825520833333333 0.35694444444444445 0.06822916666666666 0.028703703703703703
194 0.5828125 0.33240740740740743 0.06770833333333333 0.027777777777777776
194 0.5833333333333334 0.30648148148148147 0.06770833333333333 0.03333333333333333
194 0.5841145833333333 0.2796296296296296 0.06822916666666666 0.03148148148148148
141 0.37057291666666664 0.3384259259259259 0.04114583333333333 0.03425925925925926
126 0.36770833333333336 0.26944444444444443 0.04479166666666667 0.11296296296296296
141 0.37421875 0.43796296296296294 0.04010416666666667 0.03333333333333333
90 0.22473958333333333 0.3976851851851852 0.10572916666666667 0.06944444444444445
91 0.3302083333333333 0.39351851851851855 0.10208333333333333 0.06296296296296296
194 0.5825520833333333 0.35694444444444445 0.06822916666666666 0.028703703703703703
194 0.5828125 0.33240740740740743 0.06770833333333333 0.027777777777777776
194 0.5833333333333334 0.30648148148148147 0.06770833333333333 0.03333333333333333
194 0.5841145833333333 0.2796296296296296 0.06822916666666666 0.03148148148148148
141 0.37057291666666664 0.3384259259259259 0.04114583333333333 0.03425925925925926
126 0.36770833333333336 0.26944444444444443 0.04479166666666667 0.11296296296296296
141 0.37421875 0.43796296296296294 0.04010416666666667 0.03333333333333333
90 0.22473958333333333 0.3976851851851852 0.10572916666666667 0.06944444444444445
91 0.3302083333333333 0.39351851851851855 0.10208333333333333 0.06296296296296296
194 0.5825520833333333 0.35694444444444445 0.06822916666666666 0.028703703703703703
194 0.5828125 0.33240740740740743 0.06770833333333333 0.027777777777777776
194 0.5833333333333334 0.30648148148148147 0.06770833333333333 0.03333333333333333
194 0.5841145833333333 0.2796296296296296 0.06822916666666666 0.03148148148148148
141 0.37057291666666664 0.3384259259259259 0.04114583333333333 0.03425925925925926
126 0.36770833333333336 0.26944444444444443 0.04479166666666667 0.11296296296296296
141 0.37421875 0.43796296296296294 0.04010416666666667 0.03333333333333333
90 0.22473958333333333 0.3976851851851852 0.10572916666666667 0.06944444444444445
91 0.3302083333333333 0.39351851851851855 0.10208333333333333 0.06296296296296296
194 0.5825520833333333 0.35694444444444445 0.06822916666666666 0.028703703703703703
194 0.5828125 0.33240740740740743 0.06770833333333333 0.027777777777777776
194 0.5833333333333334 0.30648148148148147 0.06770833333333333 0.03333333333333333
194 0.5841145833333333 0.2796296296296296 0.06822916666666666 0.03148148148148148
141 0.37057291666666664 0.3384259259259259 0.04114583333333333 0.03425925925925926
126 0.36770833333333336 0.26944444444444443 0.04479166666666667 0.11296296296296296
141 0.37421875 0.43796296296296294 0.04010416666666667 0.03333333333333333
90 0.22473958333333333 0.3976851851851852 0.10572916666666667 0.06944444444444445
91 0.3302083333333333 0.39351851851851855 0.10208333333333333 0.06296296296296296
194 0.5825520833333333 0.35694444444444445 0.06822916666666666 0.028703703703703703
194 0.5828125 0.33240740740740743 0.06770833333333333 0.027777777777777776
194 0.5833333333333334 0.30648148148148147 0.06770833333333333 0.03333333333333333
194 0.5841145833333333 0.2796296296296296 0.06822916666666666 0.03148148148148148
141 0.37057291666666664 0.3384259259259259 0.04114583333333333 0.03425925925925926
126 0.36770833333333336 0.26944444444444443 0.04479166666666667 0.11296296296296296
141 0.37421875 0.43796296296296294 0.04010416666666667 0.03333333333333333
