64 0.13463541666666667 0.38564814814814813 0.0265625 0.04722222222222222
63 0.13229166666666667 0.3365740740740741 0.025 0.05277777777777778
64 0.13463541666666667 0.38564814814814813 0.0265625 0.04722222222222222
63 0.13229166666666667 0.3365740740740741 0.025 0.05277777777777778
64 0.13463541666666667 0.38564814814814813 0.0265625 0.04722222222222222
63 0.13229166666666667 0.3365740740740741 0.025 0.05277777777777778
64 0.13463541666666667 0.38564814814814813 0.0265625 0.04722222222222222
63 0.13229166666666667 0.3365740740740741 0.025 0.05277777777777778
64 0.13463541666666667 0.38564814814814813 0.0265625 0.04722222222222222
63 0.13229166666666667 0.3365740740740741 0.025 0.05277777777777778
64 0.13463541666666667 0.38564814814814813 0.0265625 0.04722222222222222
63 0.13229166666666667 0.3365740740740741 0.025 0.05277777777777778
