83 0.8052083333333333 0.449537037037037 0.029166666666666667 0.049074074074074076
26 0.5638020833333334 0.3074074074074074 0.030729166666666665 0.04814814814814815
83 0.8052083333333333 0.449537037037037 0.029166666666666667 0.049074074074074076
26 0.5638020833333334 0.3074074074074074 0.030729166666666665 0.04814814814814815
83 0.8052083333333333 0.449537037037037 0.029166666666666667 0.049074074074074076
26 0.5638020833333334 0.3074074074074074 0.030729166666666665 0.04814814814814815
83 0.8052083333333333 0.449537037037037 0.029166666666666667 0.049074074074074076
26 0.5638020833333334 0.3074074074074074 0.030729166666666665 0.04814814814814815
83 0.8052083333333333 0.449537037037037 0.029166666666666667 0.049074074074074076
26 0.5638020833333334 0.3074074074074074 0.030729166666666665 0.04814814814814815
83 0.8052083333333333 0.449537037037037 0.029166666666666667 0.049074074074074076
26 0.5638020833333334 0.3074074074074074 0.030729166666666665 0.04814814814814815
