118 0.49609375 0.48194444444444445 0.0546875 0.12129629629629629
43 0.030208333333333334 0.5453703703703704 0.03854166666666667 0.04814814814814815
118 0.49609375 0.48194444444444445 0.0546875 0.12129629629629629
43 0.030208333333333334 0.5453703703703704 0.03854166666666667 0.04814814814814815
118 0.49609375 0.48194444444444445 0.0546875 0.12129629629629629
43 0.030208333333333334 0.5453703703703704 0.03854166666666667 0.04814814814814815
118 0.49609375 0.48194444444444445 0.0546875 0.12129629629629629
43 0.030208333333333334 0.5453703703703704 0.03854166666666667 0.04814814814814815
118 0.49609375 0.48194444444444445 0.0546875 0.12129629629629629
43 0.030208333333333334 0.5453703703703704 0.03854166666666667 0.04814814814814815
118 0.49609375 0.48194444444444445 0.0546875 0.12129629629629629
43 0.030208333333333334 0.5453703703703704 0.03854166666666667 0.04814814814814815
