48 0.7815104166666667 0.1824074074074074 0.06302083333333333 0.11481481481481481
43 0.76953125 0.2638888888888889 0.022395833333333334 0.04259259259259259
48 0.7815104166666667 0.1824074074074074 0.06302083333333333 0.11481481481481481
43 0.76953125 0.2638888888888889 0.022395833333333334 0.04259259259259259
48 0.7815104166666667 0.1824074074074074 0.06302083333333333 0.11481481481481481
43 0.76953125 0.2638888888888889 0.022395833333333334 0.04259259259259259
48 0.7815104166666667 0.1824074074074074 0.06302083333333333 0.11481481481481481
43 0.76953125 0.2638888888888889 0.022395833333333334 0.04259259259259259
48 0.7815104166666667 0.1824074074074074 0.06302083333333333 0.11481481481481481
43 0.76953125 0.2638888888888889 0.022395833333333334 0.04259259259259259
48 0.7815104166666667 0.1824074074074074 0.06302083333333333 0.11481481481481481
43 0.76953125 0.2638888888888889 0.022395833333333334 0.04259259259259259
