91 0.37578125 0.5643518518518519 0.12135416666666667 0.08055555555555556
90 0.27734375 0.5694444444444444 0.07552083333333333 0.07037037037037037
91 0.37578125 0.5643518518518519 0.12135416666666667 0.08055555555555556
90 0.27734375 0.5694444444444444 0.07552083333333333 0.07037037037037037
91 0.37578125 0.5643518518518519 0.12135416666666667 0.08055555555555556
90 0.27734375 0.5694444444444444 0.07552083333333333 0.07037037037037037
91 0.37578125 0.5643518518518519 0.12135416666666667 0.08055555555555556
90 0.27734375 0.5694444444444444 0.07552083333333333 0.07037037037037037
91 0.37578125 0.5643518518518519 0.12135416666666667 0.08055555555555556
90 0.27734375 0.5694444444444444 0.07552083333333333 0.07037037037037037
91 0.37578125 0.5643518518518519 0.12135416666666667 0.08055555555555556
90 0.27734375 0.5694444444444444 0.07552083333333333 0.07037037037037037
