179 0.696875 0.26435185185185184 0.08229166666666667 0.06944444444444445
179 0.6950520833333333 0.32685185185185184 0.0828125 0.07222222222222222
58 0.5197916666666667 0.27685185185185185 0.019791666666666666 0.03518518518518519
6 0.5203125 0.23796296296296296 0.028125 0.044444444444444446
123 0.7010416666666667 0.16018518518518518 0.08645833333333333 0.16111111111111112
179 0.696875 0.26435185185185184 0.08229166666666667 0.06944444444444445
179 0.6950520833333333 0.32685185185185184 0.0828125 0.07222222222222222
58 0.5197916666666667 0.27685185185185185 0.019791666666666666 0.03518518518518519
6 0.5203125 0.23796296296296296 0.028125 0.044444444444444446
123 0.7010416666666667 0.16018518518518518 0.08645833333333333 0.16111111111111112
179 0.696875 0.26435185185185184 0.08229166666666667 0.06944444444444445
179 0.6950520833333333 0.32685185185185184 0.0828125 0.07222222222222222
58 0.5197916666666667 0.27685185185185185 0.019791666666666666 0.03518518518518519
6 0.5203125 0.23796296296296296 0.028125 0.044444444444444446
123 0.7010416666666667 0.16018518518518518 0.08645833333333333 0.16111111111111112
179 0.696875 0.26435185185185184 0.08229166666666667 0.06944444444444445
179 0.6950520833333333 0.32685185185185184 0.0828125 0.07222222222222222
58 0.5197916666666667 0.27685185185185185 0.019791666666666666 0.03518518518518519
6 0.5203125 0.23796296296296296 0.028125 0.044444444444444446
123 0.7010416666666667 0.16018518518518518 0.08645833333333333 0.16111111111111112
179 0.696875 0.26435185185185184 0.08229166666666667 0.06944444444444445
179 0.6950520833333333 0.32685185185185184 0.0828125 0.07222222222222222
58 0.5197916666666667 0.27685185185185185 0.019791666666666666 0.03518518518518519
6 0.5203125 0.23796296296296296 0.028125 0.044444444444444446
123 0.7010416666666667 0.16018518518518518 0.08645833333333333 0.16111111111111112
179 0.696875 0.26435185185185184 0.08229166666666667 0.06944444444444445
179 0.6950520833333333 0.32685185185185184 0.0828125 0.07222222222222222
58 0.5197916666666667 0.27685185185185185 0.019791666666666666 0.03518518518518519
6 0.5203125 0.23796296296296296 0.028125 0.044444444444444446
123 0.7010416666666667 0.16018518518518518 0.08645833333333333 0.16111111111111112
