67 0.8026041666666667 0.4398148148148148 0.07395833333333333 0.14074074074074075
62 0.80859375 0.30092592592592593 0.07447916666666667 0.14074074074074075
67 0.8026041666666667 0.4398148148148148 0.07395833333333333 0.14074074074074075
62 0.80859375 0.30092592592592593 0.07447916666666667 0.14074074074074075
67 0.8026041666666667 0.4398148148148148 0.07395833333333333 0.14074074074074075
62 0.80859375 0.30092592592592593 0.07447916666666667 0.14074074074074075
67 0.8026041666666667 0.4398148148148148 0.07395833333333333 0.14074074074074075
62 0.80859375 0.30092592592592593 0.07447916666666667 0.14074074074074075
67 0.8026041666666667 0.4398148148148148 0.07395833333333333 0.14074074074074075
62 0.80859375 0.30092592592592593 0.07447916666666667 0.14074074074074075
