48 0.7359375 0.32037037037037036 0.128125 0.22962962962962963
59 0.57890625 0.29074074074074074 0.0296875 0.05185185185185185
48 0.7359375 0.32037037037037036 0.128125 0.22962962962962963
59 0.57890625 0.29074074074074074 0.0296875 0.05185185185185185
48 0.7359375 0.32037037037037036 0.128125 0.22962962962962963
59 0.57890625 0.29074074074074074 0.0296875 0.05185185185185185
48 0.7359375 0.32037037037037036 0.128125 0.22962962962962963
59 0.57890625 0.29074074074074074 0.0296875 0.05185185185185185
48 0.7359375 0.32037037037037036 0.128125 0.22962962962962963
59 0.57890625 0.29074074074074074 0.0296875 0.05185185185185185
