120 0.74609375 0.2064814814814815 0.0734375 0.1259259259259259
136 0.74296875 0.3277777777777778 0.0734375 0.12037037037037036
120 0.74609375 0.2064814814814815 0.0734375 0.1259259259259259
136 0.74296875 0.3277777777777778 0.0734375 0.12037037037037036
120 0.74609375 0.2064814814814815 0.0734375 0.1259259259259259
136 0.74296875 0.3277777777777778 0.0734375 0.12037037037037036
120 0.74609375 0.2064814814814815 0.0734375 0.1259259259259259
136 0.74296875 0.3277777777777778 0.0734375 0.12037037037037036
120 0.74609375 0.2064814814814815 0.0734375 0.1259259259259259
136 0.74296875 0.3277777777777778 0.0734375 0.12037037037037036
120 0.74609375 0.2064814814814815 0.0734375 0.1259259259259259
136 0.74296875 0.3277777777777778 0.0734375 0.12037037037037036
