12 0.80390625 0.32407407407407407 0.1140625 0.22407407407407406
53 0.7893229166666667 0.4736111111111111 0.08385416666666666 0.14537037037037037
12 0.80390625 0.32407407407407407 0.1140625 0.22407407407407406
53 0.7893229166666667 0.4736111111111111 0.08385416666666666 0.14537037037037037
12 0.80390625 0.32407407407407407 0.1140625 0.22407407407407406
53 0.7893229166666667 0.4736111111111111 0.08385416666666666 0.14537037037037037
12 0.80390625 0.32407407407407407 0.1140625 0.22407407407407406
53 0.7893229166666667 0.4736111111111111 0.08385416666666666 0.14537037037037037
12 0.80390625 0.32407407407407407 0.1140625 0.22407407407407406
53 0.7893229166666667 0.4736111111111111 0.08385416666666666 0.14537037037037037
12 0.80390625 0.32407407407407407 0.1140625 0.22407407407407406
53 0.7893229166666667 0.4736111111111111 0.08385416666666666 0.14537037037037037
