117 0.7606770833333333 0.3458333333333333 0.07552083333333333 0.13240740740740742
2 0.7609375 0.21157407407407408 0.11354166666666667 0.16944444444444445
117 0.7606770833333333 0.3458333333333333 0.07552083333333333 0.13240740740740742
2 0.7609375 0.21157407407407408 0.11354166666666667 0.16944444444444445
117 0.7606770833333333 0.3458333333333333 0.07552083333333333 0.13240740740740742
2 0.7609375 0.21157407407407408 0.11354166666666667 0.16944444444444445
117 0.7606770833333333 0.3458333333333333 0.07552083333333333 0.13240740740740742
2 0.7609375 0.21157407407407408 0.11354166666666667 0.16944444444444445
117 0.7606770833333333 0.3458333333333333 0.07552083333333333 0.13240740740740742
2 0.7609375 0.21157407407407408 0.11354166666666667 0.16944444444444445
117 0.7606770833333333 0.3458333333333333 0.07552083333333333 0.13240740740740742
2 0.7609375 0.21157407407407408 0.11354166666666667 0.16944444444444445
