148 0.8880208333333334 0.44074074074074077 0.09791666666666667 0.03333333333333333
90 0.6419270833333334 0.549537037037037 0.06302083333333333 0.04537037037037037
148 0.8880208333333334 0.44074074074074077 0.09791666666666667 0.03333333333333333
90 0.6419270833333334 0.549537037037037 0.06302083333333333 0.04537037037037037
148 0.8880208333333334 0.44074074074074077 0.09791666666666667 0.03333333333333333
90 0.6419270833333334 0.549537037037037 0.06302083333333333 0.04537037037037037
148 0.8880208333333334 0.44074074074074077 0.09791666666666667 0.03333333333333333
90 0.6419270833333334 0.549537037037037 0.06302083333333333 0.04537037037037037
148 0.8880208333333334 0.44074074074074077 0.09791666666666667 0.03333333333333333
90 0.6419270833333334 0.549537037037037 0.06302083333333333 0.04537037037037037
148 0.8880208333333334 0.44074074074074077 0.09791666666666667 0.03333333333333333
90 0.6419270833333334 0.549537037037037 0.06302083333333333 0.04537037037037037
