43 0.8700520833333333 0.3425925925925926 0.07135416666666666 0.10555555555555556
69 0.8666666666666667 0.44675925925925924 0.06979166666666667 0.10277777777777777
37 0.05390625 0.4722222222222222 0.018229166666666668 0.03333333333333333
43 0.8700520833333333 0.3425925925925926 0.07135416666666666 0.10555555555555556
69 0.8666666666666667 0.44675925925925924 0.06979166666666667 0.10277777777777777
37 0.05390625 0.4722222222222222 0.018229166666666668 0.03333333333333333
43 0.8700520833333333 0.3425925925925926 0.07135416666666666 0.10555555555555556
69 0.8666666666666667 0.44675925925925924 0.06979166666666667 0.10277777777777777
37 0.05390625 0.4722222222222222 0.018229166666666668 0.03333333333333333
43 0.8700520833333333 0.3425925925925926 0.07135416666666666 0.10555555555555556
69 0.8666666666666667 0.44675925925925924 0.06979166666666667 0.10277777777777777
37 0.05390625 0.4722222222222222 0.018229166666666668 0.03333333333333333
43 0.8700520833333333 0.3425925925925926 0.07135416666666666 0.10555555555555556
69 0.8666666666666667 0.44675925925925924 0.06979166666666667 0.10277777777777777
37 0.05390625 0.4722222222222222 0.018229166666666668 0.03333333333333333
43 0.8700520833333333 0.3425925925925926 0.07135416666666666 0.10555555555555556
69 0.8666666666666667 0.44675925925925924 0.06979166666666667 0.10277777777777777
37 0.05390625 0.4722222222222222 0.018229166666666668 0.03333333333333333
