43 0.803125 0.4148148148148148 0.06666666666666667 0.10740740740740741
141 0.66171875 0.44722222222222224 0.024479166666666666 0.04259259259259259
43 0.803125 0.4148148148148148 0.06666666666666667 0.10740740740740741
141 0.66171875 0.44722222222222224 0.024479166666666666 0.04259259259259259
43 0.803125 0.4148148148148148 0.06666666666666667 0.10740740740740741
141 0.66171875 0.44722222222222224 0.024479166666666666 0.04259259259259259
43 0.803125 0.4148148148148148 0.06666666666666667 0.10740740740740741
141 0.66171875 0.44722222222222224 0.024479166666666666 0.04259259259259259
43 0.803125 0.4148148148148148 0.06666666666666667 0.10740740740740741
141 0.66171875 0.44722222222222224 0.024479166666666666 0.04259259259259259
43 0.803125 0.4148148148148148 0.06666666666666667 0.10740740740740741
141 0.66171875 0.44722222222222224 0.024479166666666666 0.04259259259259259
