164 0.7453125 0.42407407407407405 0.08854166666666667 0.1574074074074074
134 0.6080729166666666 0.3337962962962963 0.0421875 0.10648148148148148
164 0.7453125 0.42407407407407405 0.08854166666666667 0.1574074074074074
134 0.6080729166666666 0.3337962962962963 0.0421875 0.10648148148148148
164 0.7453125 0.42407407407407405 0.08854166666666667 0.1574074074074074
134 0.6080729166666666 0.3337962962962963 0.0421875 0.10648148148148148
164 0.7453125 0.42407407407407405 0.08854166666666667 0.1574074074074074
134 0.6080729166666666 0.3337962962962963 0.0421875 0.10648148148148148
164 0.7453125 0.42407407407407405 0.08854166666666667 0.1574074074074074
134 0.6080729166666666 0.3337962962962963 0.0421875 0.10648148148148148
164 0.7453125 0.42407407407407405 0.08854166666666667 0.1574074074074074
134 0.6080729166666666 0.3337962962962963 0.0421875 0.10648148148148148
