118 0.29635416666666664 0.49027777777777776 0.071875 0.1398148148148148
134 0.29322916666666665 0.6675925925925926 0.07916666666666666 0.21296296296296297
118 0.29635416666666664 0.49027777777777776 0.071875 0.1398148148148148
134 0.29322916666666665 0.6675925925925926 0.07916666666666666 0.21296296296296297
118 0.29635416666666664 0.49027777777777776 0.071875 0.1398148148148148
134 0.29322916666666665 0.6675925925925926 0.07916666666666666 0.21296296296296297
118 0.29635416666666664 0.49027777777777776 0.071875 0.1398148148148148
134 0.29322916666666665 0.6675925925925926 0.07916666666666666 0.21296296296296297
118 0.29635416666666664 0.49027777777777776 0.071875 0.1398148148148148
134 0.29322916666666665 0.6675925925925926 0.07916666666666666 0.21296296296296297
118 0.29635416666666664 0.49027777777777776 0.071875 0.1398148148148148
134 0.29322916666666665 0.6675925925925926 0.07916666666666666 0.21296296296296297
