28 0.6315104166666666 0.5537037037037037 0.04739583333333333 0.2537037037037037
25 0.6322916666666667 0.32175925925925924 0.12291666666666666 0.21203703703703702
28 0.6315104166666666 0.5537037037037037 0.04739583333333333 0.2537037037037037
25 0.6322916666666667 0.32175925925925924 0.12291666666666666 0.21203703703703702
28 0.6315104166666666 0.5537037037037037 0.04739583333333333 0.2537037037037037
25 0.6322916666666667 0.32175925925925924 0.12291666666666666 0.21203703703703702
28 0.6315104166666666 0.5537037037037037 0.04739583333333333 0.2537037037037037
25 0.6322916666666667 0.32175925925925924 0.12291666666666666 0.21203703703703702
28 0.6315104166666666 0.5537037037037037 0.04739583333333333 0.2537037037037037
25 0.6322916666666667 0.32175925925925924 0.12291666666666666 0.21203703703703702
28 0.6315104166666666 0.5537037037037037 0.04739583333333333 0.2537037037037037
25 0.6322916666666667 0.32175925925925924 0.12291666666666666 0.21203703703703702
