61 0.7729166666666667 0.31712962962962965 0.08645833333333333 0.16574074074074074
179 0.7734375 0.4425925925925926 0.08645833333333333 0.08518518518518518
61 0.7729166666666667 0.31712962962962965 0.08645833333333333 0.16574074074074074
179 0.7734375 0.4425925925925926 0.08645833333333333 0.08518518518518518
61 0.7729166666666667 0.31712962962962965 0.08645833333333333 0.16574074074074074
179 0.7734375 0.4425925925925926 0.08645833333333333 0.08518518518518518
61 0.7729166666666667 0.31712962962962965 0.08645833333333333 0.16574074074074074
179 0.7734375 0.4425925925925926 0.08645833333333333 0.08518518518518518
61 0.7729166666666667 0.31712962962962965 0.08645833333333333 0.16574074074074074
179 0.7734375 0.4425925925925926 0.08645833333333333 0.08518518518518518
