59 0.8778645833333333 0.32916666666666666 0.043229166666666666 0.13055555555555556
179 0.8859375 0.425 0.0875 0.08148148148148149
7 0.6015625 0.41203703703703703 0.035416666666666666 0.05555555555555555
59 0.6015625 0.4587962962962963 0.023958333333333335 0.041666666666666664
59 0.8778645833333333 0.32916666666666666 0.043229166666666666 0.13055555555555556
179 0.8859375 0.425 0.0875 0.08148148148148149
7 0.6015625 0.41203703703703703 0.035416666666666666 0.05555555555555555
59 0.6015625 0.4587962962962963 0.023958333333333335 0.041666666666666664
59 0.8778645833333333 0.32916666666666666 0.043229166666666666 0.13055555555555556
179 0.8859375 0.425 0.0875 0.08148148148148149
7 0.6015625 0.41203703703703703 0.035416666666666666 0.05555555555555555
59 0.6015625 0.4587962962962963 0.023958333333333335 0.041666666666666664
59 0.8778645833333333 0.32916666666666666 0.043229166666666666 0.13055555555555556
179 0.8859375 0.425 0.0875 0.08148148148148149
7 0.6015625 0.41203703703703703 0.035416666666666666 0.05555555555555555
59 0.6015625 0.4587962962962963 0.023958333333333335 0.041666666666666664
59 0.8778645833333333 0.32916666666666666 0.043229166666666666 0.13055555555555556
179 0.8859375 0.425 0.0875 0.08148148148148149
7 0.6015625 0.41203703703703703 0.035416666666666666 0.05555555555555555
59 0.6015625 0.4587962962962963 0.023958333333333335 0.041666666666666664
59 0.8778645833333333 0.32916666666666666 0.043229166666666666 0.13055555555555556
179 0.8859375 0.425 0.0875 0.08148148148148149
7 0.6015625 0.41203703703703703 0.035416666666666666 0.05555555555555555
59 0.6015625 0.4587962962962963 0.023958333333333335 0.041666666666666664
