91 0.70390625 0.5092592592592593 0.0921875 0.06851851851851852
149 0.6830729166666667 0.41064814814814815 0.0765625 0.03981481481481482
148 0.69453125 0.44351851851851853 0.0796875 0.04259259259259259
90 0.6143229166666667 0.49398148148148147 0.0828125 0.06388888888888888
3 0.2638020833333333 0.3199074074074074 0.0265625 0.03981481481481482
91 0.70390625 0.5092592592592593 0.0921875 0.06851851851851852
149 0.6830729166666667 0.41064814814814815 0.0765625 0.03981481481481482
148 0.69453125 0.44351851851851853 0.0796875 0.04259259259259259
90 0.6143229166666667 0.49398148148148147 0.0828125 0.06388888888888888
3 0.2638020833333333 0.3199074074074074 0.0265625 0.03981481481481482
91 0.70390625 0.5092592592592593 0.0921875 0.06851851851851852
149 0.6830729166666667 0.41064814814814815 0.0765625 0.03981481481481482
148 0.69453125 0.44351851851851853 0.0796875 0.04259259259259259
90 0.6143229166666667 0.49398148148148147 0.0828125 0.06388888888888888
3 0.2638020833333333 0.3199074074074074 0.0265625 0.03981481481481482
91 0.70390625 0.5092592592592593 0.0921875 0.06851851851851852
149 0.6830729166666667 0.41064814814814815 0.0765625 0.03981481481481482
148 0.69453125 0.44351851851851853 0.0796875 0.04259259259259259
90 0.6143229166666667 0.49398148148148147 0.0828125 0.06388888888888888
3 0.2638020833333333 0.3199074074074074 0.0265625 0.03981481481481482
91 0.70390625 0.5092592592592593 0.0921875 0.06851851851851852
149 0.6830729166666667 0.41064814814814815 0.0765625 0.03981481481481482
148 0.69453125 0.44351851851851853 0.0796875 0.04259259259259259
90 0.6143229166666667 0.49398148148148147 0.0828125 0.06388888888888888
3 0.2638020833333333 0.3199074074074074 0.0265625 0.03981481481481482
91 0.70390625 0.5092592592592593 0.0921875 0.06851851851851852
149 0.6830729166666667 0.41064814814814815 0.0765625 0.03981481481481482
148 0.69453125 0.44351851851851853 0.0796875 0.04259259259259259
90 0.6143229166666667 0.49398148148148147 0.0828125 0.06388888888888888
3 0.2638020833333333 0.3199074074074074 0.0265625 0.03981481481481482
