37 0.7252604166666666 0.3541666666666667 0.09322916666666667 0.14537037037037037
156 0.7299479166666667 0.44305555555555554 0.06302083333333333 0.06018518518518518
108 0.728125 0.5212962962962963 0.06145833333333333 0.10555555555555556
37 0.7252604166666666 0.3541666666666667 0.09322916666666667 0.14537037037037037
156 0.7299479166666667 0.44305555555555554 0.06302083333333333 0.06018518518518518
108 0.728125 0.5212962962962963 0.06145833333333333 0.10555555555555556
37 0.7252604166666666 0.3541666666666667 0.09322916666666667 0.14537037037037037
156 0.7299479166666667 0.44305555555555554 0.06302083333333333 0.06018518518518518
108 0.728125 0.5212962962962963 0.06145833333333333 0.10555555555555556
37 0.7252604166666666 0.3541666666666667 0.09322916666666667 0.14537037037037037
156 0.7299479166666667 0.44305555555555554 0.06302083333333333 0.06018518518518518
108 0.728125 0.5212962962962963 0.06145833333333333 0.10555555555555556
37 0.7252604166666666 0.3541666666666667 0.09322916666666667 0.14537037037037037
156 0.7299479166666667 0.44305555555555554 0.06302083333333333 0.06018518518518518
108 0.728125 0.5212962962962963 0.06145833333333333 0.10555555555555556
