48 0.7841145833333333 0.3138888888888889 0.06302083333333333 0.10925925925925926
136 0.7872395833333333 0.2013888888888889 0.06927083333333334 0.11203703703703703
179 0.8419270833333333 0.46620370370370373 0.025520833333333333 0.032407407407407406
50 0.8434895833333333 0.41759259259259257 0.024479166666666666 0.06296296296296296
179 0.7825520833333334 0.3962962962962963 0.0640625 0.05555555555555555
48 0.7841145833333333 0.3138888888888889 0.06302083333333333 0.10925925925925926
136 0.7872395833333333 0.2013888888888889 0.06927083333333334 0.11203703703703703
179 0.8419270833333333 0.46620370370370373 0.025520833333333333 0.032407407407407406
50 0.8434895833333333 0.41759259259259257 0.024479166666666666 0.06296296296296296
179 0.7825520833333334 0.3962962962962963 0.0640625 0.05555555555555555
