141 0.80703125 0.39490740740740743 0.05572916666666667 0.08425925925925926
178 0.80390625 0.46064814814814814 0.05364583333333333 0.04351851851851852
177 0.8018229166666667 0.5037037037037037 0.05364583333333333 0.04259259259259259
196 0.7153645833333333 0.44814814814814813 0.019270833333333334 0.03333333333333333
141 0.80703125 0.39490740740740743 0.05572916666666667 0.08425925925925926
178 0.80390625 0.46064814814814814 0.05364583333333333 0.04351851851851852
177 0.8018229166666667 0.5037037037037037 0.05364583333333333 0.04259259259259259
196 0.7153645833333333 0.44814814814814813 0.019270833333333334 0.03333333333333333
141 0.80703125 0.39490740740740743 0.05572916666666667 0.08425925925925926
178 0.80390625 0.46064814814814814 0.05364583333333333 0.04351851851851852
177 0.8018229166666667 0.5037037037037037 0.05364583333333333 0.04259259259259259
196 0.7153645833333333 0.44814814814814813 0.019270833333333334 0.03333333333333333
141 0.80703125 0.39490740740740743 0.05572916666666667 0.08425925925925926
178 0.80390625 0.46064814814814814 0.05364583333333333 0.04351851851851852
177 0.8018229166666667 0.5037037037037037 0.05364583333333333 0.04259259259259259
196 0.7153645833333333 0.44814814814814813 0.019270833333333334 0.03333333333333333
141 0.80703125 0.39490740740740743 0.05572916666666667 0.08425925925925926
178 0.80390625 0.46064814814814814 0.05364583333333333 0.04351851851851852
177 0.8018229166666667 0.5037037037037037 0.05364583333333333 0.04259259259259259
196 0.7153645833333333 0.44814814814814813 0.019270833333333334 0.03333333333333333
141 0.80703125 0.39490740740740743 0.05572916666666667 0.08425925925925926
178 0.80390625 0.46064814814814814 0.05364583333333333 0.04351851851851852
177 0.8018229166666667 0.5037037037037037 0.05364583333333333 0.04259259259259259
196 0.7153645833333333 0.44814814814814813 0.019270833333333334 0.03333333333333333
