15 0.5731770833333333 0.4875 0.0390625 0.06018518518518518
6 0.6096354166666667 0.47175925925925927 0.0265625 0.03981481481481482
16 0.6106770833333334 0.43425925925925923 0.025520833333333333 0.03888888888888889
48 0.5736979166666667 0.538425925925926 0.024479166666666666 0.04351851851851852
7 0.8229166666666666 0.3925925925925926 0.052083333333333336 0.07592592592592592
179 0.8205729166666667 0.4583333333333333 0.0515625 0.040740740740740744
15 0.5731770833333333 0.4875 0.0390625 0.06018518518518518
6 0.6096354166666667 0.47175925925925927 0.0265625 0.03981481481481482
16 0.6106770833333334 0.43425925925925923 0.025520833333333333 0.03888888888888889
48 0.5736979166666667 0.538425925925926 0.024479166666666666 0.04351851851851852
7 0.8229166666666666 0.3925925925925926 0.052083333333333336 0.07592592592592592
179 0.8205729166666667 0.4583333333333333 0.0515625 0.040740740740740744
15 0.5731770833333333 0.4875 0.0390625 0.06018518518518518
6 0.6096354166666667 0.47175925925925927 0.0265625 0.03981481481481482
16 0.6106770833333334 0.43425925925925923 0.025520833333333333 0.03888888888888889
48 0.5736979166666667 0.538425925925926 0.024479166666666666 0.04351851851851852
7 0.8229166666666666 0.3925925925925926 0.052083333333333336 0.07592592592592592
179 0.8205729166666667 0.4583333333333333 0.0515625 0.040740740740740744
15 0.5731770833333333 0.4875 0.0390625 0.06018518518518518
6 0.6096354166666667 0.47175925925925927 0.0265625 0.03981481481481482
16 0.6106770833333334 0.43425925925925923 0.025520833333333333 0.03888888888888889
48 0.5736979166666667 0.538425925925926 0.024479166666666666 0.04351851851851852
7 0.8229166666666666 0.3925925925925926 0.052083333333333336 0.07592592592592592
179 0.8205729166666667 0.4583333333333333 0.0515625 0.040740740740740744
15 0.5731770833333333 0.4875 0.0390625 0.06018518518518518
6 0.6096354166666667 0.47175925925925927 0.0265625 0.03981481481481482
16 0.6106770833333334 0.43425925925925923 0.025520833333333333 0.03888888888888889
48 0.5736979166666667 0.538425925925926 0.024479166666666666 0.04351851851851852
7 0.8229166666666666 0.3925925925925926 0.052083333333333336 0.07592592592592592
179 0.8205729166666667 0.4583333333333333 0.0515625 0.040740740740740744
15 0.5731770833333333 0.4875 0.0390625 0.06018518518518518
6 0.6096354166666667 0.47175925925925927 0.0265625 0.03981481481481482
16 0.6106770833333334 0.43425925925925923 0.025520833333333333 0.03888888888888889
48 0.5736979166666667 0.538425925925926 0.024479166666666666 0.04351851851851852
7 0.8229166666666666 0.3925925925925926 0.052083333333333336 0.07592592592592592
179 0.8205729166666667 0.4583333333333333 0.0515625 0.040740740740740744
