54 0.78984375 0.4375 0.07864583333333333 0.14351851851851852
173 0.7919270833333333 0.5370370370370371 0.07864583333333333 0.06481481481481481
7 0.78984375 0.2712962962962963 0.12135416666666667 0.19444444444444445
54 0.78984375 0.4375 0.07864583333333333 0.14351851851851852
173 0.7919270833333333 0.5370370370370371 0.07864583333333333 0.06481481481481481
7 0.78984375 0.2712962962962963 0.12135416666666667 0.19444444444444445
54 0.78984375 0.4375 0.07864583333333333 0.14351851851851852
173 0.7919270833333333 0.5370370370370371 0.07864583333333333 0.06481481481481481
7 0.78984375 0.2712962962962963 0.12135416666666667 0.19444444444444445
54 0.78984375 0.4375 0.07864583333333333 0.14351851851851852
173 0.7919270833333333 0.5370370370370371 0.07864583333333333 0.06481481481481481
7 0.78984375 0.2712962962962963 0.12135416666666667 0.19444444444444445
54 0.78984375 0.4375 0.07864583333333333 0.14351851851851852
173 0.7919270833333333 0.5370370370370371 0.07864583333333333 0.06481481481481481
7 0.78984375 0.2712962962962963 0.12135416666666667 0.19444444444444445
54 0.78984375 0.4375 0.07864583333333333 0.14351851851851852
173 0.7919270833333333 0.5370370370370371 0.07864583333333333 0.06481481481481481
7 0.78984375 0.2712962962962963 0.12135416666666667 0.19444444444444445
