54 0.7666666666666667 0.3175925925925926 0.09375 0.1648148148148148
79 0.7635416666666667 0.48194444444444445 0.09166666666666666 0.1638888888888889
179 0.7611979166666667 0.5958333333333333 0.09010416666666667 0.06944444444444445
54 0.7666666666666667 0.3175925925925926 0.09375 0.1648148148148148
79 0.7635416666666667 0.48194444444444445 0.09166666666666666 0.1638888888888889
179 0.7611979166666667 0.5958333333333333 0.09010416666666667 0.06944444444444445
54 0.7666666666666667 0.3175925925925926 0.09375 0.1648148148148148
79 0.7635416666666667 0.48194444444444445 0.09166666666666666 0.1638888888888889
179 0.7611979166666667 0.5958333333333333 0.09010416666666667 0.06944444444444445
54 0.7666666666666667 0.3175925925925926 0.09375 0.1648148148148148
79 0.7635416666666667 0.48194444444444445 0.09166666666666666 0.1638888888888889
179 0.7611979166666667 0.5958333333333333 0.09010416666666667 0.06944444444444445
54 0.7666666666666667 0.3175925925925926 0.09375 0.1648148148148148
79 0.7635416666666667 0.48194444444444445 0.09166666666666666 0.1638888888888889
179 0.7611979166666667 0.5958333333333333 0.09010416666666667 0.06944444444444445
54 0.7666666666666667 0.3175925925925926 0.09375 0.1648148148148148
79 0.7635416666666667 0.48194444444444445 0.09166666666666666 0.1638888888888889
179 0.7611979166666667 0.5958333333333333 0.09010416666666667 0.06944444444444445
