192 0.6338541666666667 0.06620370370370371 0.109375 0.04537037037037037
192 0.6317708333333333 0.14212962962962963 0.10833333333333334 0.04722222222222222
194 0.6291666666666667 0.2518518518518518 0.10833333333333334 0.04814814814814815
188 0.6309895833333333 0.17962962962962964 0.1078125 0.046296296296296294
192 0.6325520833333333 0.10462962962962963 0.10885416666666667 0.046296296296296294
192 0.6338541666666667 0.06620370370370371 0.109375 0.04537037037037037
192 0.6317708333333333 0.14212962962962963 0.10833333333333334 0.04722222222222222
194 0.6291666666666667 0.2518518518518518 0.10833333333333334 0.04814814814814815
188 0.6309895833333333 0.17962962962962964 0.1078125 0.046296296296296294
192 0.6325520833333333 0.10462962962962963 0.10885416666666667 0.046296296296296294
