0 0.7325520833333333 0.27685185185185185 0.10052083333333334 0.15925925925925927
54 0.7333333333333333 0.41944444444444445 0.06458333333333334 0.12037037037037036
0 0.7325520833333333 0.27685185185185185 0.10052083333333334 0.15925925925925927
54 0.7333333333333333 0.41944444444444445 0.06458333333333334 0.12037037037037036
0 0.7325520833333333 0.27685185185185185 0.10052083333333334 0.15925925925925927
54 0.7333333333333333 0.41944444444444445 0.06458333333333334 0.12037037037037036
0 0.7325520833333333 0.27685185185185185 0.10052083333333334 0.15925925925925927
54 0.7333333333333333 0.41944444444444445 0.06458333333333334 0.12037037037037036
0 0.7325520833333333 0.27685185185185185 0.10052083333333334 0.15925925925925927
54 0.7333333333333333 0.41944444444444445 0.06458333333333334 0.12037037037037036
0 0.7325520833333333 0.27685185185185185 0.10052083333333334 0.15925925925925927
54 0.7333333333333333 0.41944444444444445 0.06458333333333334 0.12037037037037036
