188 0.7734375 0.29953703703703705 0.12604166666666666 0.049074074074074076
193 0.7747395833333334 0.1412037037037037 0.1296875 0.058333333333333334
192 0.77421875 0.22083333333333333 0.12760416666666666 0.05277777777777778
193 0.7747395833333334 0.18101851851851852 0.12760416666666666 0.05648148148148148
192 0.7736979166666667 0.26064814814814813 0.12760416666666666 0.05092592592592592
187 0.7731770833333333 0.3388888888888889 0.12552083333333333 0.046296296296296294
188 0.7734375 0.29953703703703705 0.12604166666666666 0.049074074074074076
193 0.7747395833333334 0.1412037037037037 0.1296875 0.058333333333333334
192 0.77421875 0.22083333333333333 0.12760416666666666 0.05277777777777778
193 0.7747395833333334 0.18101851851851852 0.12760416666666666 0.05648148148148148
192 0.7736979166666667 0.26064814814814813 0.12760416666666666 0.05092592592592592
187 0.7731770833333333 0.3388888888888889 0.12552083333333333 0.046296296296296294
188 0.7734375 0.29953703703703705 0.12604166666666666 0.049074074074074076
193 0.7747395833333334 0.1412037037037037 0.1296875 0.058333333333333334
192 0.77421875 0.22083333333333333 0.12760416666666666 0.05277777777777778
193 0.7747395833333334 0.18101851851851852 0.12760416666666666 0.05648148148148148
192 0.7736979166666667 0.26064814814814813 0.12760416666666666 0.05092592592592592
187 0.7731770833333333 0.3388888888888889 0.12552083333333333 0.046296296296296294
188 0.7734375 0.29953703703703705 0.12604166666666666 0.049074074074074076
193 0.7747395833333334 0.1412037037037037 0.1296875 0.058333333333333334
192 0.77421875 0.22083333333333333 0.12760416666666666 0.05277777777777778
193 0.7747395833333334 0.18101851851851852 0.12760416666666666 0.05648148148148148
192 0.7736979166666667 0.26064814814814813 0.12760416666666666 0.05092592592592592
187 0.7731770833333333 0.3388888888888889 0.12552083333333333 0.046296296296296294
188 0.7734375 0.29953703703703705 0.12604166666666666 0.049074074074074076
193 0.7747395833333334 0.1412037037037037 0.1296875 0.058333333333333334
192 0.77421875 0.22083333333333333 0.12760416666666666 0.05277777777777778
193 0.7747395833333334 0.18101851851851852 0.12760416666666666 0.05648148148148148
192 0.7736979166666667 0.26064814814814813 0.12760416666666666 0.05092592592592592
187 0.7731770833333333 0.3388888888888889 0.12552083333333333 0.046296296296296294
188 0.7734375 0.29953703703703705 0.12604166666666666 0.049074074074074076
193 0.7747395833333334 0.1412037037037037 0.1296875 0.058333333333333334
192 0.77421875 0.22083333333333333 0.12760416666666666 0.05277777777777778
193 0.7747395833333334 0.18101851851851852 0.12760416666666666 0.05648148148148148
192 0.7736979166666667 0.26064814814814813 0.12760416666666666 0.05092592592592592
187 0.7731770833333333 0.3388888888888889 0.12552083333333333 0.046296296296296294
