61 0.7716145833333333 0.27314814814814814 0.06822916666666666 0.17777777777777778
179 0.7700520833333333 0.4 0.09322916666666667 0.07777777777777778
61 0.7716145833333333 0.27314814814814814 0.06822916666666666 0.17777777777777778
179 0.7700520833333333 0.4 0.09322916666666667 0.07777777777777778
61 0.7716145833333333 0.27314814814814814 0.06822916666666666 0.17777777777777778
179 0.7700520833333333 0.4 0.09322916666666667 0.07777777777777778
61 0.7716145833333333 0.27314814814814814 0.06822916666666666 0.17777777777777778
179 0.7700520833333333 0.4 0.09322916666666667 0.07777777777777778
61 0.7716145833333333 0.27314814814814814 0.06822916666666666 0.17777777777777778
179 0.7700520833333333 0.4 0.09322916666666667 0.07777777777777778
61 0.7716145833333333 0.27314814814814814 0.06822916666666666 0.17777777777777778
179 0.7700520833333333 0.4 0.09322916666666667 0.07777777777777778
