149 0.8833333333333333 0.4652777777777778 0.08229166666666667 0.028703703703703703
189 0.8872395833333333 0.4949074074074074 0.0890625 0.032407407407407406
149 0.8841145833333334 0.43703703703703706 0.0828125 0.03148148148148148
149 0.8833333333333333 0.4652777777777778 0.08229166666666667 0.028703703703703703
189 0.8872395833333333 0.4949074074074074 0.0890625 0.032407407407407406
149 0.8841145833333334 0.43703703703703706 0.0828125 0.03148148148148148
149 0.8833333333333333 0.4652777777777778 0.08229166666666667 0.028703703703703703
189 0.8872395833333333 0.4949074074074074 0.0890625 0.032407407407407406
149 0.8841145833333334 0.43703703703703706 0.0828125 0.03148148148148148
149 0.8833333333333333 0.4652777777777778 0.08229166666666667 0.028703703703703703
189 0.8872395833333333 0.4949074074074074 0.0890625 0.032407407407407406
149 0.8841145833333334 0.43703703703703706 0.0828125 0.03148148148148148
149 0.8833333333333333 0.4652777777777778 0.08229166666666667 0.028703703703703703
189 0.8872395833333333 0.4949074074074074 0.0890625 0.032407407407407406
149 0.8841145833333334 0.43703703703703706 0.0828125 0.03148148148148148
149 0.8833333333333333 0.4652777777777778 0.08229166666666667 0.028703703703703703
189 0.8872395833333333 0.4949074074074074 0.0890625 0.032407407407407406
149 0.8841145833333334 0.43703703703703706 0.0828125 0.03148148148148148
