54 0.5578125 0.20925925925925926 0.06041666666666667 0.12962962962962962
173 0.56171875 0.30462962962962964 0.0640625 0.05925925925925926
149 0.55078125 0.4 0.12864583333333332 0.07592592592592592
54 0.5578125 0.20925925925925926 0.06041666666666667 0.12962962962962962
173 0.56171875 0.30462962962962964 0.0640625 0.05925925925925926
149 0.55078125 0.4 0.12864583333333332 0.07592592592592592
54 0.5578125 0.20925925925925926 0.06041666666666667 0.12962962962962962
173 0.56171875 0.30462962962962964 0.0640625 0.05925925925925926
149 0.55078125 0.4 0.12864583333333332 0.07592592592592592
54 0.5578125 0.20925925925925926 0.06041666666666667 0.12962962962962962
173 0.56171875 0.30462962962962964 0.0640625 0.05925925925925926
149 0.55078125 0.4 0.12864583333333332 0.07592592592592592
54 0.5578125 0.20925925925925926 0.06041666666666667 0.12962962962962962
173 0.56171875 0.30462962962962964 0.0640625 0.05925925925925926
149 0.55078125 0.4 0.12864583333333332 0.07592592592592592
54 0.5578125 0.20925925925925926 0.06041666666666667 0.12962962962962962
173 0.56171875 0.30462962962962964 0.0640625 0.05925925925925926
149 0.55078125 0.4 0.12864583333333332 0.07592592592592592
