39 0.821875 0.2935185185185185 0.057291666666666664 0.1037037037037037
179 0.81875 0.3675925925925926 0.06041666666666667 0.05
27 0.5981770833333333 0.3300925925925926 0.0421875 0.04722222222222222
39 0.821875 0.2935185185185185 0.057291666666666664 0.1037037037037037
179 0.81875 0.3675925925925926 0.06041666666666667 0.05
27 0.5981770833333333 0.3300925925925926 0.0421875 0.04722222222222222
39 0.821875 0.2935185185185185 0.057291666666666664 0.1037037037037037
179 0.81875 0.3675925925925926 0.06041666666666667 0.05
27 0.5981770833333333 0.3300925925925926 0.0421875 0.04722222222222222
39 0.821875 0.2935185185185185 0.057291666666666664 0.1037037037037037
179 0.81875 0.3675925925925926 0.06041666666666667 0.05
27 0.5981770833333333 0.3300925925925926 0.0421875 0.04722222222222222
39 0.821875 0.2935185185185185 0.057291666666666664 0.1037037037037037
179 0.81875 0.3675925925925926 0.06041666666666667 0.05
27 0.5981770833333333 0.3300925925925926 0.0421875 0.04722222222222222
