27 0.67578125 0.2439814814814815 0.14322916666666666 0.175
43 0.6708333333333333 0.3912037037037037 0.07291666666666667 0.12685185185185185
27 0.67578125 0.2439814814814815 0.14322916666666666 0.175
43 0.6708333333333333 0.3912037037037037 0.07291666666666667 0.12685185185185185
27 0.67578125 0.2439814814814815 0.14322916666666666 0.175
43 0.6708333333333333 0.3912037037037037 0.07291666666666667 0.12685185185185185
27 0.67578125 0.2439814814814815 0.14322916666666666 0.175
43 0.6708333333333333 0.3912037037037037 0.07291666666666667 0.12685185185185185
27 0.67578125 0.2439814814814815 0.14322916666666666 0.175
43 0.6708333333333333 0.3912037037037037 0.07291666666666667 0.12685185185185185
27 0.67578125 0.2439814814814815 0.14322916666666666 0.175
43 0.6708333333333333 0.3912037037037037 0.07291666666666667 0.12685185185185185
