81 0.7817708333333333 0.30694444444444446 0.08854166666666667 0.16018518518518518
62 0.11276041666666667 0.3300925925925926 0.0203125 0.03425925925925926
149 0.7651041666666667 0.49166666666666664 0.04895833333333333 0.1
148 0.7734375 0.41898148148148145 0.06666666666666667 0.09722222222222222
184 0.6106770833333334 0.38935185185185184 0.015104166666666667 0.0787037037037037
81 0.7817708333333333 0.30694444444444446 0.08854166666666667 0.16018518518518518
62 0.11276041666666667 0.3300925925925926 0.0203125 0.03425925925925926
149 0.7651041666666667 0.49166666666666664 0.04895833333333333 0.1
148 0.7734375 0.41898148148148145 0.06666666666666667 0.09722222222222222
184 0.6106770833333334 0.38935185185185184 0.015104166666666667 0.0787037037037037
81 0.7817708333333333 0.30694444444444446 0.08854166666666667 0.16018518518518518
62 0.11276041666666667 0.3300925925925926 0.0203125 0.03425925925925926
149 0.7651041666666667 0.49166666666666664 0.04895833333333333 0.1
148 0.7734375 0.41898148148148145 0.06666666666666667 0.09722222222222222
184 0.6106770833333334 0.38935185185185184 0.015104166666666667 0.0787037037037037
81 0.7817708333333333 0.30694444444444446 0.08854166666666667 0.16018518518518518
62 0.11276041666666667 0.3300925925925926 0.0203125 0.03425925925925926
149 0.7651041666666667 0.49166666666666664 0.04895833333333333 0.1
148 0.7734375 0.41898148148148145 0.06666666666666667 0.09722222222222222
184 0.6106770833333334 0.38935185185185184 0.015104166666666667 0.0787037037037037
81 0.7817708333333333 0.30694444444444446 0.08854166666666667 0.16018518518518518
62 0.11276041666666667 0.3300925925925926 0.0203125 0.03425925925925926
149 0.7651041666666667 0.49166666666666664 0.04895833333333333 0.1
148 0.7734375 0.41898148148148145 0.06666666666666667 0.09722222222222222
184 0.6106770833333334 0.38935185185185184 0.015104166666666667 0.0787037037037037
81 0.7817708333333333 0.30694444444444446 0.08854166666666667 0.16018518518518518
62 0.11276041666666667 0.3300925925925926 0.0203125 0.03425925925925926
149 0.7651041666666667 0.49166666666666664 0.04895833333333333 0.1
148 0.7734375 0.41898148148148145 0.06666666666666667 0.09722222222222222
184 0.6106770833333334 0.38935185185185184 0.015104166666666667 0.0787037037037037
