83 0.8041666666666667 0.48657407407407405 0.041666666666666664 0.06759259259259259
134 0.5440104166666667 0.32037037037037036 0.0203125 0.05185185185185185
83 0.8041666666666667 0.48657407407407405 0.041666666666666664 0.06759259259259259
134 0.5440104166666667 0.32037037037037036 0.0203125 0.05185185185185185
83 0.8041666666666667 0.48657407407407405 0.041666666666666664 0.06759259259259259
134 0.5440104166666667 0.32037037037037036 0.0203125 0.05185185185185185
83 0.8041666666666667 0.48657407407407405 0.041666666666666664 0.06759259259259259
134 0.5440104166666667 0.32037037037037036 0.0203125 0.05185185185185185
83 0.8041666666666667 0.48657407407407405 0.041666666666666664 0.06759259259259259
134 0.5440104166666667 0.32037037037037036 0.0203125 0.05185185185185185
83 0.8041666666666667 0.48657407407407405 0.041666666666666664 0.06759259259259259
134 0.5440104166666667 0.32037037037037036 0.0203125 0.05185185185185185
