136 0.9591145833333333 0.43703703703703706 0.05364583333333333 0.07962962962962963
136 0.49661458333333336 0.2175925925925926 0.04010416666666667 0.07222222222222222
136 0.9591145833333333 0.43703703703703706 0.05364583333333333 0.07962962962962963
136 0.49661458333333336 0.2175925925925926 0.04010416666666667 0.07222222222222222
136 0.9591145833333333 0.43703703703703706 0.05364583333333333 0.07962962962962963
136 0.49661458333333336 0.2175925925925926 0.04010416666666667 0.07222222222222222
136 0.9591145833333333 0.43703703703703706 0.05364583333333333 0.07962962962962963
136 0.49661458333333336 0.2175925925925926 0.04010416666666667 0.07222222222222222
136 0.9591145833333333 0.43703703703703706 0.05364583333333333 0.07962962962962963
136 0.49661458333333336 0.2175925925925926 0.04010416666666667 0.07222222222222222
136 0.9591145833333333 0.43703703703703706 0.05364583333333333 0.07962962962962963
136 0.49661458333333336 0.2175925925925926 0.04010416666666667 0.07222222222222222
