136 0.7783854166666667 0.274537037037037 0.08385416666666666 0.14351851851851852
7 0.7768229166666667 0.41064814814814815 0.0734375 0.10648148148148148
179 0.7763020833333333 0.5032407407407408 0.07135416666666666 0.05277777777777778
136 0.7783854166666667 0.274537037037037 0.08385416666666666 0.14351851851851852
7 0.7768229166666667 0.41064814814814815 0.0734375 0.10648148148148148
179 0.7763020833333333 0.5032407407407408 0.07135416666666666 0.05277777777777778
136 0.7783854166666667 0.274537037037037 0.08385416666666666 0.14351851851851852
7 0.7768229166666667 0.41064814814814815 0.0734375 0.10648148148148148
179 0.7763020833333333 0.5032407407407408 0.07135416666666666 0.05277777777777778
136 0.7783854166666667 0.274537037037037 0.08385416666666666 0.14351851851851852
7 0.7768229166666667 0.41064814814814815 0.0734375 0.10648148148148148
179 0.7763020833333333 0.5032407407407408 0.07135416666666666 0.05277777777777778
136 0.7783854166666667 0.274537037037037 0.08385416666666666 0.14351851851851852
7 0.7768229166666667 0.41064814814814815 0.0734375 0.10648148148148148
179 0.7763020833333333 0.5032407407407408 0.07135416666666666 0.05277777777777778
136 0.7783854166666667 0.274537037037037 0.08385416666666666 0.14351851851851852
7 0.7768229166666667 0.41064814814814815 0.0734375 0.10648148148148148
179 0.7763020833333333 0.5032407407407408 0.07135416666666666 0.05277777777777778
