73 0.8205729166666667 0.36574074074074076 0.0640625 0.09814814814814815
43 0.8236979166666667 0.2675925925925926 0.06197916666666667 0.10555555555555556
73 0.8205729166666667 0.36574074074074076 0.0640625 0.09814814814814815
43 0.8236979166666667 0.2675925925925926 0.06197916666666667 0.10555555555555556
73 0.8205729166666667 0.36574074074074076 0.0640625 0.09814814814814815
43 0.8236979166666667 0.2675925925925926 0.06197916666666667 0.10555555555555556
73 0.8205729166666667 0.36574074074074076 0.0640625 0.09814814814814815
43 0.8236979166666667 0.2675925925925926 0.06197916666666667 0.10555555555555556
73 0.8205729166666667 0.36574074074074076 0.0640625 0.09814814814814815
43 0.8236979166666667 0.2675925925925926 0.06197916666666667 0.10555555555555556
73 0.8205729166666667 0.36574074074074076 0.0640625 0.09814814814814815
43 0.8236979166666667 0.2675925925925926 0.06197916666666667 0.10555555555555556
