118 0.49296875 0.5097222222222222 0.06302083333333333 0.2064814814814815
2 0.48463541666666665 0.27175925925925926 0.13489583333333333 0.2638888888888889
118 0.49296875 0.5097222222222222 0.06302083333333333 0.2064814814814815
2 0.48463541666666665 0.27175925925925926 0.13489583333333333 0.2638888888888889
118 0.49296875 0.5097222222222222 0.06302083333333333 0.2064814814814815
2 0.48463541666666665 0.27175925925925926 0.13489583333333333 0.2638888888888889
118 0.49296875 0.5097222222222222 0.06302083333333333 0.2064814814814815
2 0.48463541666666665 0.27175925925925926 0.13489583333333333 0.2638888888888889
118 0.49296875 0.5097222222222222 0.06302083333333333 0.2064814814814815
2 0.48463541666666665 0.27175925925925926 0.13489583333333333 0.2638888888888889
118 0.49296875 0.5097222222222222 0.06302083333333333 0.2064814814814815
2 0.48463541666666665 0.27175925925925926 0.13489583333333333 0.2638888888888889
