30 0.7765625 0.42824074074074076 0.027083333333333334 0.1398148148148148
25 0.7783854166666667 0.30324074074074076 0.0671875 0.11018518518518519
195 0.6627604166666666 0.07175925925925926 0.09427083333333333 0.03981481481481482
192 0.6625 0.17314814814814813 0.09375 0.040740740740740744
193 0.6625 0.13935185185185187 0.09375 0.03981481481481482
192 0.6622395833333333 0.24027777777777778 0.09322916666666667 0.03981481481481482
192 0.6627604166666666 0.20694444444444443 0.09322916666666667 0.03796296296296296
193 0.6627604166666666 0.10462962962962963 0.09427083333333333 0.04259259259259259
30 0.7765625 0.42824074074074076 0.027083333333333334 0.1398148148148148
25 0.7783854166666667 0.30324074074074076 0.0671875 0.11018518518518519
195 0.6627604166666666 0.07175925925925926 0.09427083333333333 0.03981481481481482
192 0.6625 0.17314814814814813 0.09375 0.040740740740740744
193 0.6625 0.13935185185185187 0.09375 0.03981481481481482
192 0.6622395833333333 0.24027777777777778 0.09322916666666667 0.03981481481481482
192 0.6627604166666666 0.20694444444444443 0.09322916666666667 0.03796296296296296
193 0.6627604166666666 0.10462962962962963 0.09427083333333333 0.04259259259259259
30 0.7765625 0.42824074074074076 0.027083333333333334 0.1398148148148148
25 0.7783854166666667 0.30324074074074076 0.0671875 0.11018518518518519
195 0.6627604166666666 0.07175925925925926 0.09427083333333333 0.03981481481481482
192 0.6625 0.17314814814814813 0.09375 0.040740740740740744
193 0.6625 0.13935185185185187 0.09375 0.03981481481481482
192 0.6622395833333333 0.24027777777777778 0.09322916666666667 0.03981481481481482
192 0.6627604166666666 0.20694444444444443 0.09322916666666667 0.03796296296296296
193 0.6627604166666666 0.10462962962962963 0.09427083333333333 0.04259259259259259
30 0.7765625 0.42824074074074076 0.027083333333333334 0.1398148148148148
25 0.7783854166666667 0.30324074074074076 0.0671875 0.11018518518518519
195 0.6627604166666666 0.07175925925925926 0.09427083333333333 0.03981481481481482
192 0.6625 0.17314814814814813 0.09375 0.040740740740740744
193 0.6625 0.13935185185185187 0.09375 0.03981481481481482
192 0.6622395833333333 0.24027777777777778 0.09322916666666667 0.03981481481481482
192 0.6627604166666666 0.20694444444444443 0.09322916666666667 0.03796296296296296
193 0.6627604166666666 0.10462962962962963 0.09427083333333333 0.04259259259259259
30 0.7765625 0.42824074074074076 0.027083333333333334 0.1398148148148148
25 0.7783854166666667 0.30324074074074076 0.0671875 0.11018518518518519
195 0.6627604166666666 0.07175925925925926 0.09427083333333333 0.03981481481481482
192 0.6625 0.17314814814814813 0.09375 0.040740740740740744
193 0.6625 0.13935185185185187 0.09375 0.03981481481481482
192 0.6622395833333333 0.24027777777777778 0.09322916666666667 0.03981481481481482
192 0.6627604166666666 0.20694444444444443 0.09322916666666667 0.03796296296296296
193 0.6627604166666666 0.10462962962962963 0.09427083333333333 0.04259259259259259
30 0.7765625 0.42824074074074076 0.027083333333333334 0.1398148148148148
25 0.7783854166666667 0.30324074074074076 0.0671875 0.11018518518518519
195 0.6627604166666666 0.07175925925925926 0.09427083333333333 0.03981481481481482
192 0.6625 0.17314814814814813 0.09375 0.040740740740740744
193 0.6625 0.13935185185185187 0.09375 0.03981481481481482
192 0.6622395833333333 0.24027777777777778 0.09322916666666667 0.03981481481481482
192 0.6627604166666666 0.20694444444444443 0.09322916666666667 0.03796296296296296
193 0.6627604166666666 0.10462962962962963 0.09427083333333333 0.04259259259259259
